,0,1,2,3,4,5,6,7,8,9,10,11,12,13,14,15,16,17,18,19,20,21,22,23,24,25,26,27,28,29,30,31,32,33,34,35,36,37,38,39,40,41,42,43,44,45,46,47,48,49,50,51,52,53,54,55,56,57,58,59,60,61,62,63,64,65,66,67,68,69,70,71,72,73,74,75,76,77,78,79,80,81,82,83,84,85,86,87,88,89,90,91,92,93,94,95,96,97,98,99,100,101,102,103,104,105,106,107,108,109,110,111,112,113,114,115,116,117,118,119,120,121,122,123,124,125,126,127,128,129,130,131,132,133,134,135,136,137,138,139,140,141,142,143,144,145,146,147,148,149,150,151,152,153,154,155,156,157,158,159,160,161,162,163,164,165,166,167,168,169,170,171,172,173,174,175,176,177,178,179,180,181,182,183,184,185,186,187,188,189,190,191,192,193,194,195,196,197,198,199
50.0,3.517605578277524e-15,4.0864450698876347e-19,6.043806259489015e-16,3.7137830532990544e-10,3.023745915699715e-15,1.9159295894379466e-28,1.0132416496088366e-17,4.0995336048729557e-19,7.393120465020436e-20,3.154356108153575e-14,6.986594648782311e-09,6.735157967193764e-11,4.084403263774075e-08,9.48267621567848e-16,1.9083773048190595e-15,3.170521694964922e-22,6.779119038847318e-07,1.3260300378750403e-16,4.08157873846003e-12,1.258448490283693e-14,1.3620391660866567e-09,4.3128041698558554e-06,2.2408703763061466e-11,3.071141002339409e-14,1.781630247957325e-15,5.119141199800359e-18,4.256391731717539e-06,1.860333321142912e-16,7.950401014017284e-23,5.104026248975133e-14,1.2882934900204796e-10,3.1604040706836927e-20,2.0068210666826593e-12,1.0342394207973573e-10,4.876497390396231e-17,3.563669132466207e-20,1.3170121371725366e-07,6.944951214244617e-22,7.079346553751163e-05,1.6084848120931958e-05,1.5476600381780135e-14,2.1280746733713017e-12,1.4982377811339572e-12,5.912943264247918e-15,1.3356397787346966e-10,6.410457627577494e-10,4.316985087596012e-13,1.456228430600415e-17,3.6025387159015044e-23,1.5128289323209272e-10,6.7309272722916e-08,6.971076405426829e-20,4.006025990022615e-10,4.2611535924122743e-23,3.4772098757875604e-14,8.502550412626009e-12,3.099086164476798e-11,3.54717991796403e-19,5.005645621745964e-13,2.0136800518662069e-10,1.2613944748623977e-16,6.509681150564303e-13,3.275331770836013e-19,2.395161539325657e-06,5.453715900587969e-13,1.0607711688647021e-23,6.043338258464869e-13,5.5682338010677994e-14,1.2807703082884228e-12,1.0351914441737212e-17,1.1522364593502654e-08,4.3381743388971815e-14,7.290536829403364e-10,1.3832826170429646e-12,2.1256421456012504e-17,9.870472731083662e-19,2.9716131678952494e-11,7.061250475704668e-10,3.182819114822013e-13,1.9199929137833256e-09,1.0430038174580819e-10,5.0034958213041335e-27,6.057645818723365e-15,9.988112961978516e-07,5.930282491341815e-17,1.9488656398072415e-10,2.4100732625942043e-10,2.2349936621352043e-10,9.449136750997094e-16,1.6711997896156494e-12,5.830811161708553e-14,5.34164915463198e-21,1.1137805469541445e-13,4.412745118195251e-11,5.159617189599559e-11,2.85719127798229e-19,3.2360600380635295e-14,2.2904038816076193e-22,4.1434097264832927e-20,1.6773224035644114e-13,2.700755437255138e-15,8.978493094350036e-18,6.215219379271407e-09,7.925775089136285e-23,1.5112950617615583e-17,6.496443222011453e-19,1.4329518827637787e-15,3.2081130350067287e-09,1.211378213386019e-13,1.3598927121651414e-12,1.1197644879244321e-13,1.0835671520270041e-10,2.5705903721297374e-17,1.3287177733162373e-09,4.720763579594247e-09,1.86071880540424e-24,1.1326967342362025e-12,4.777794456762398e-16,3.416499784232378e-20,2.0035142939400214e-12,6.574902594051676e-23,6.756891126202209e-14,9.900186929234637e-14,5.228372278443296e-12,2.2167683347624578e-13,5.617117788516334e-22,1.3569823175174133e-11,5.238470855746506e-09,1.9128275853655242e-15,3.102027076015691e-11,4.955701129158065e-11,4.438671733524098e-15,9.368026417557608e-10,3.684881652591473e-14,5.373131043948922e-11,1.352771109653138e-11,3.147658741404173e-19,3.8855676874651624e-14,4.869901435336844e-21,6.109411992533037e-09,4.071608585357669e-14,4.058721698626558e-13,1.0049394155046626e-14,1.4897459319790605e-16,6.455896021907727e-13,4.926422534204501e-23,1.1809756272752503e-13,3.677723129044954e-15,2.5743249943547306e-16,1.2766598760207488e-05,5.006505053517105e-15,4.217846820173716e-17,7.870772880461107e-16,5.054783746038707e-10,5.33339131085725e-08,5.530541685993204e-15,2.396769536449613e-21,5.949388486339998e-09,8.176845624938929e-20,1.189330945038569e-12,1.2798568521582647e-18,1.422999739266054e-18,1.7923087667759612e-14,8.386487003713349e-16,2.3613530554341e-21,4.891666986062031e-12,1.3670415889886061e-14,4.360302113624723e-06,6.53800446081531e-14,4.670122217832832e-15,9.78548070145269e-18,2.4704176256103826e-16,1.4503624888358265e-12,2.6118184094878697e-11,3.736369877533146e-19,1.2425039447630635e-15,2.5591153982569196e-14,1.7029131170529143e-16,1.8520754535112453e-12,4.955082101351329e-23,1.612017478050439e-12,1.7018783066787767e-14,1.592224598253982e-08,1.8052107883239055e-07,2.6022280397444953e-17,2.705959642938648e-09,3.782159026845434e-20,3.0192241765544134e-16,1.428617366521627e-14,2.1703316279929213e-15,2.823647104876085e-20,1.191120970344185e-09,1.2392085678553348e-11,2.352947081469733e-12,3.866571972341983e-21,6.300978911086169e-18,1.6631598938779865e-33,1.6145755548445687e-12,5.84417547396943e-19,5.86398907216201e-17
50.25125628140704,7.415329825403358e-15,1.0026905392399707e-18,1.0217925284024929e-15,5.028081482082109e-10,4.948129765917025e-15,5.43446279640735e-28,1.8674940743277793e-17,1.008002700311807e-18,1.5184750482136308e-19,5.851907812425478e-14,1.2581352395701963e-08,9.249801133541887e-11,5.469499743157951e-08,1.7979577326752405e-15,3.226338480787513e-15,6.776865765669831e-22,9.912445259146806e-07,2.778051392138073e-16,6.053180512162905e-12,2.2320620459876236e-14,1.9937755495478283e-09,5.191439009060517e-06,3.3209244448559274e-11,4.7489437419336964e-14,2.8807007940234047e-15,1.03141375051359e-17,5.6361520037517765e-06,3.3648554470323845e-16,1.7883212617522207e-22,8.842556660932871e-14,1.868797664135799e-10,6.843760391724717e-20,2.838948355195724e-12,1.4366420820633472e-10,9.469468163243877e-17,7.754178775311223e-20,1.9552942642921186e-07,1.9531496393622114e-21,9.286459558588466e-05,1.9760035165238936e-05,2.998948741595943e-14,3.0991618447313657e-12,2.4414075378229607e-12,1.3148112827498675e-14,2.1724387424410089e-10,7.555399028017534e-10,8.375242464987486e-13,2.5512411840096434e-17,7.667005274633536e-23,2.5562154561170947e-10,9.603636237409913e-08,1.5163265499943164e-19,5.69788766638029e-10,1.1710924382766527e-22,6.819802592263346e-14,1.3832611781710223e-11,4.327065494356816e-11,7.005061217734711e-19,9.114379528491772e-13,2.840104448870389e-10,2.2588653349789356e-16,9.169296825869814e-13,8.513876841992927e-19,3.367310214135584e-06,8.555256719954192e-13,2.859677753562307e-23,8.70502987624337e-13,1.1070224955695674e-13,2.237115949636796e-12,2.3405387782935693e-17,1.3239920236153501e-08,5.6720227977154084e-14,1.0205361379922193e-09,2.032625841463604e-12,4.088003523778811e-17,2.0016627166097728e-18,4.816989333319646e-11,9.489169869562015e-10,4.2794318115560277e-13,2.6231029450416634e-09,1.6052789223930538e-10,1.5984448268963514e-26,1.2271311291459869e-14,1.4107038883335989e-06,1.3980994924566858e-16,2.8318244691775113e-10,3.6354366389677666e-10,2.87185832062011e-10,1.4868395468142507e-15,2.947340347532398e-12,1.1009133361937832e-13,1.3886733596184846e-20,2.145415615941554e-13,9.158745452053113e-11,8.307482804594228e-11,7.214124687217579e-19,6.056598430499265e-14,4.975880326349666e-22,7.968076153906924e-20,3.001705757622144e-13,4.295019362055456e-15,1.3515248892567076e-17,8.129260561873935e-09,1.736513743931907e-22,3.722507495750321e-17,1.4984879130837777e-18,2.552712367809852e-15,4.728201833041005e-09,2.040657506973898e-13,2.5238455480432274e-12,1.9960645120160203e-13,1.6737118158992998e-10,6.34781152472965e-17,1.997812606010846e-09,6.126720081605908e-09,5.975139849683402e-24,1.5849955164797695e-12,1.0906513680304749e-15,9.166272479809323e-20,2.5791857226557285e-12,1.3720439376244202e-22,1.2472115122948443e-13,1.52302729370651e-13,7.734184748314321e-12,4.3668893295642203e-13,1.0218063423682065e-21,2.1802006476488147e-11,7.671339104871484e-09,3.1876276575744284e-15,6.152337716718407e-11,5.393566998628602e-11,7.279807379085193e-15,1.4823280592770907e-09,6.832291072607287e-14,9.081729578977249e-11,1.878238201961195e-11,6.470224693662717e-19,5.923322332075419e-14,1.0532989642869506e-20,9.849767140612713e-09,5.639280289704261e-14,5.129671381102767e-13,2.1601494201847178e-14,3.068455827138184e-16,1.1263380787469245e-12,1.1485347854685347e-22,1.9914485318171685e-13,6.311640164984965e-15,5.893280950663805e-16,1.4507351593898767e-05,7.693387126440585e-15,7.205974494426116e-17,1.1509592044400908e-15,9.275311125068858e-10,7.041903219376797e-08,8.452886623011872e-15,5.953233713776811e-21,7.757025688558426e-09,1.5917181335733241e-19,1.6859898921515053e-12,2.9091083781701825e-18,2.7751207744234547e-18,3.156860960188543e-14,1.2667440617013931e-15,5.22766619019939e-21,6.122104872627442e-12,2.6569672775054567e-14,5.390104938574225e-06,9.835896676520384e-14,8.330112346606542e-15,1.6085336719897178e-17,5.490302058832486e-16,2.465862315595631e-12,2.808148528119973e-11,8.13069212727454e-19,2.2525093814043248e-15,3.9254326865980143e-14,3.020616054964506e-16,2.7098733493031698e-12,1.3384070704773694e-22,2.931276630827087e-12,3.063253166456909e-14,2.2591973799438245e-08,2.3418535748162481e-07,4.686438154920751e-17,4.56965565723446e-09,9.559538974243913e-20,5.782518838275567e-16,1.8120680235194316e-14,4.7527531880795986e-15,6.311143178909639e-20,2.082257199833305e-09,2.0374035215117976e-11,3.54455407254035e-12,8.980493985138087e-21,7.386643546877714e-18,6.451255437498182e-33,2.4039347165822088e-12,1.2815261031883348e-18,1.1328213210254735e-16
50.50251256281407,1.5451492709219754e-14,2.4440892599114008e-18,1.7386584377932003e-15,6.819980900941541e-10,8.104132259252362e-15,1.5446056543308594e-27,3.4292150075056996e-17,2.468515273297474e-18,3.0853050051954067e-19,1.0758362687421319e-13,2.2468802014748783e-08,1.284052041511143e-10,7.251286116634946e-08,3.4010125515357784e-15,5.4533268678105225e-15,1.4456598204292305e-21,1.4366749757726513e-06,5.756696549985113e-16,9.051126211722217e-12,3.923106871108542e-14,2.9047602616239186e-09,6.299906150378479e-06,4.976375782223038e-11,7.368748933080458e-14,4.63740182514246e-15,2.0848298766550398e-17,7.4173921394728255e-06,6.113525424719413e-16,4.0596429975239607e-22,1.5345821018475594e-13,2.7099159904735703e-10,1.4791507958378837e-19,3.992261397191744e-12,1.9878342940756493e-10,1.815025418397117e-16,1.676753211325969e-19,2.8977143064357715e-07,5.4943336200602714e-21,0.0001203918517203332,2.419274355107843e-05,5.801923353928242e-14,4.519404997001666e-12,4.003933436949966e-12,2.92576769074751e-14,3.5181551752577435e-10,8.942155529257887e-10,1.61126837199582e-12,4.5412436262426895e-17,1.6574836095428291e-22,4.2854880530979577e-10,1.3659085753179782e-07,3.271247462576723e-19,8.086445266360296e-10,3.2290945719746375e-22,1.330935635119941e-13,2.2306028399401405e-11,6.025496457439349e-11,1.3900386053875922e-18,1.6468879964778178e-12,3.961804983918822e-10,4.0599117613759827e-16,1.2947781916625405e-12,2.1970176011427158e-18,4.72160838528877e-06,1.3381197729684083e-12,7.685021613013567e-23,1.2582542661200799e-12,2.1664546840730231e-13,3.89372497986168e-12,5.2351676901366945e-17,1.5255316450030327e-08,7.424424983912883e-14,1.4490516926882826e-09,2.9748537148964033e-12,7.864820111961749e-17,4.04623257329471e-18,7.734558437818245e-11,1.27285973276296e-09,5.81324427663284e-13,3.5668757839017078e-09,2.46485053554431e-10,5.0750979846079494e-26,2.4495275262354685e-14,1.9703015335987565e-06,3.2670997091004394e-16,4.0978755619677355e-10,5.47754504683286e-10,3.695525172255699e-10,2.317742894403818e-15,5.188117462190051e-12,2.0644353791107383e-13,3.609171753603147e-20,4.155004568710112e-13,1.880083557738541e-10,1.337186583437605e-10,1.7996939494020347e-18,1.1274045187177547e-13,1.0859991167574757e-21,1.526677713096286e-19,5.376519627343818e-13,6.839289417755894e-15,2.053761804007874e-17,1.0606710601147191e-08,3.815235822695134e-22,9.024556081276966e-17,3.4364033379625423e-18,4.507267249812154e-15,6.918570900627647e-09,3.4348491125235923e-13,4.635579799309875e-12,3.545578317336838e-13,2.5790604689558147e-10,1.55598553506264e-16,3.0006110803666378e-09,7.937018800317523e-09,1.9267220446155263e-23,2.2286691941639394e-12,2.467706804283266e-15,2.4370685504271467e-19,3.3153862255986226e-12,2.843778809005513e-22,2.297196054538345e-13,2.329096689581297e-13,1.1473038847730552e-11,8.591930218572591e-13,1.893917511200758e-21,3.518347385627606e-11,1.1178805374624957e-08,5.292116002196668e-15,1.207341354713397e-10,5.915062628537565e-11,1.2018943524918426e-14,2.3463953947254546e-09,1.2620727495161245e-13,1.5266748028713493e-10,2.6031110955954763e-11,1.3232353401322966e-18,8.968823158754199e-14,2.2808812054566682e-20,1.5667565808340464e-08,7.968770672095164e-14,6.589788770693881e-13,4.620249225311476e-14,6.275691032779386e-16,1.976121146668648e-12,2.686882108397081e-22,3.4091481399012287e-13,1.0806911473211332e-14,1.3347789137716861e-15,1.637986322496183e-05,1.188729867602921e-14,1.2302795326466509e-16,1.6854940816707277e-15,1.6893204953734697e-09,9.31066101726666e-08,1.289714804018146e-14,1.4687634450341635e-20,1.0075110760644917e-08,3.138262683822786e-19,2.376329203219701e-12,6.6487093917821704e-18,5.3726911141800106e-18,5.4869155602170034e-14,1.929391760926971e-15,1.1477138631497264e-20,7.651244772413115e-12,5.146772030594113e-14,6.6805526189068715e-06,1.494116742286913e-13,1.496711520329298e-14,2.652624844325916e-17,1.2068545183571075e-15,4.165076023124325e-12,3.0173857172316935e-11,1.767627517441579e-18,4.052651748996397e-15,6.154086240125206e-14,5.342658024338646e-16,3.941203029920178e-12,3.5835279311997066e-22,5.33673705718587e-12,5.495820030715543e-14,3.1963011680623405e-08,3.050167454945903e-07,8.466082778048821e-17,7.645482755992251e-09,2.397679767221578e-19,1.0938557375962832e-15,2.336244468809164e-14,1.0435475640819254e-14,1.4037992382035475e-19,3.6218965241652666e-09,3.295762720792448e-11,5.341106590793586e-12,2.0897003172603022e-20,8.874797903392745e-18,2.514875119698379e-32,3.5882150913201687e-12,2.797841919128686e-18,2.172355692473821e-16
50.753768844221106,3.180741417804187e-14,5.9119605911228715e-18,2.977084334564536e-15,9.258695276531678e-10,1.328397112821166e-14,4.395389949181676e-27,6.27174155883199e-17,6.017282017323039e-18,6.202379422903715e-19,1.9610405362341326e-13,3.975487104264093e-08,1.8024619885782537e-10,9.513918806487072e-08,6.414477135670323e-15,9.219629520999957e-15,3.083972161036656e-21,2.063865274652898e-06,1.1794934853373082e-15,1.3634654787349408e-11,6.834109652547836e-14,4.21201840255469e-09,7.704009411386727e-06,7.52979895134523e-11,1.1465038830698014e-13,7.43716954247533e-15,4.226836475741962e-17,9.702904715921233e-06,1.1155321215029118e-15,9.28413938210876e-22,2.667293992470436e-13,3.922280790775681e-10,3.19110592090701e-19,5.586005989045376e-12,2.7409624453328323e-10,3.4354876026502177e-16,3.608034076302718e-19,4.2851110557093727e-07,1.543277419928197e-20,0.00015428202334424033,2.953075681534403e-05,1.1205500266520746e-13,6.60702551737899e-12,6.612511697416186e-12,6.505735319926832e-14,5.671528857347103e-10,1.0627243378011566e-09,3.074061077875341e-12,8.214316670617475e-17,3.63793376974553e-22,7.130097478346666e-10,1.937331870061422e-07,7.005144366957755e-19,1.145843839871821e-09,8.921663524308582e-22,2.582174850966015e-13,3.56616537339671e-11,8.379967943198905e-11,2.771518468488636e-18,2.9533735767758142e-12,5.473272631647763e-10,7.317617915058123e-16,1.834742164449096e-12,5.628688445654648e-18,6.603945419358578e-06,2.088273183110808e-12,2.0590124574850682e-22,1.8258404650711598e-12,4.1762626318070423e-13,6.753649777184166e-12,1.1576029522144803e-16,1.7646618497981777e-08,9.74046526369007e-14,2.0841174798761016e-09,4.339046163265381e-12,1.5133447379548064e-16,8.159175583691524e-18,1.2312736160236144e-10,1.7049840699253748e-09,7.983122461846992e-13,4.829485601807699e-09,3.776148639755414e-10,1.601911811446257e-25,4.819862313089766e-14,2.7216408602034335e-06,7.567579577760181e-16,5.903860961621664e-10,8.230381967019369e-10,4.763984108781983e-10,3.582478545273419e-15,9.118010944976297e-12,3.8407692639332723e-13,9.377159364661799e-20,8.089689926091229e-13,3.8138164506319956e-10,2.1506903694168006e-10,4.435125840454631e-18,2.0855267407578052e-13,2.3817563629665177e-21,2.916166851083574e-19,9.638591691653596e-13,1.0913186611916905e-14,3.1510120026689016e-17,1.38164378931037e-08,8.414578121165621e-22,2.1534974174109925e-16,7.840361994928754e-18,7.890084729816854e-15,1.0049620170289342e-08,5.77923151099051e-13,8.431546597853542e-12,6.279480603983297e-13,3.965449467138464e-10,3.784684885690572e-16,4.5018073309212704e-09,1.0272170280547282e-08,6.229493210239853e-23,3.1492950417486313e-12,5.53130848074776e-15,6.419848985707415e-19,4.261299746821179e-12,5.8560026454567915e-22,4.2239283015535323e-13,3.5411483060649564e-13,1.7050973096146296e-11,1.6873534861942777e-12,3.5800321368232994e-21,5.699122304919301e-11,1.6207897682135447e-08,8.749884122707023e-15,2.344394087263555e-10,6.544722883722e-11,1.9981230837109856e-14,3.707361260739308e-09,2.3234976786602845e-13,2.551522048132677e-10,3.603211188776157e-11,2.6931406143851307e-18,1.3496867820906907e-13,4.942300123098622e-20,2.457940112728766e-08,1.1495710893693321e-13,8.613250198940788e-13,9.827060772677732e-14,1.2747051380081742e-15,3.4824415385451794e-12,6.306836937431441e-22,5.922534890562435e-13,1.8461652434266808e-14,2.9896052078751382e-15,1.8385939507978052e-05,1.847596848583187e-14,2.100567645393216e-16,2.4740527641982313e-15,3.0521382948567027e-09,1.2328988802286444e-07,1.965082934008886e-14,3.599340463714342e-20,1.303774005383549e-08,6.263958378156849e-19,3.3324929698494567e-12,1.525671436770354e-17,1.0325037310269148e-17,9.419423522789148e-14,2.968370076305813e-15,2.4980835518992208e-20,9.550223352257531e-12,9.9243911390706e-14,8.295054844876095e-06,2.29159966082499e-13,2.7063073882458042e-14,4.39368068511513e-17,2.6230997613219597e-15,6.993446419768765e-12,3.2452863170234416e-11,3.837479046654099e-18,7.241175159473032e-15,9.846797226212542e-14,9.429296017699173e-16,5.703650710195384e-12,9.51052065945862e-22,9.722960097256818e-12,9.821478082870379e-14,4.5073663921445995e-08,3.986772600729561e-07,1.5308892290430488e-16,1.2670403158644576e-08,5.966817725612838e-19,2.045923287847374e-15,3.0618355869348017e-14,2.2977317132943703e-14,3.108282867192677e-19,6.265645123309158e-09,5.25112145980119e-11,8.052509912182684e-12,4.868711350396688e-20,1.0931317400287864e-17,9.831590874374982e-32,5.3670796651843525e-12,6.0862757479034516e-18,4.137357382305597e-16
51.00502512562814,6.465829562705565e-14,1.417756208560996e-17,5.127513850333347e-15,1.2569086570345443e-09,2.1787933027395004e-14,1.2511909227139685e-26,1.1421591215147445e-16,1.4592939188568044e-17,1.2338329286164643e-18,3.546572306882559e-13,6.962768409119366e-08,2.5593316030905854e-10,1.234945200740919e-07,1.2056633492620754e-14,1.5597513886944267e-14,6.59228931818396e-21,2.9385235620433567e-06,2.388809600983742e-15,2.0674212124831193e-11,1.180221258689086e-13,6.079495818122267e-09,9.488758009451524e-06,1.1486317378691772e-10,1.787633610282493e-13,1.1889795075150297e-14,8.593578708414307e-17,1.2617614059160705e-05,2.0436431596909736e-15,2.135067469633641e-21,4.642632734367178e-13,5.658714289390361e-10,6.871688145818448e-19,7.784615895456279e-12,3.768014457864088e-10,6.424378325940804e-16,7.735458723025239e-19,6.320647213409732e-07,4.321367004636997e-20,0.00019549409844160352,3.5951843390624254e-05,2.160105929268348e-13,9.693232214249856e-12,1.1002099252544428e-11,1.443548916007288e-13,9.099840308352516e-10,1.2679773533349658e-09,5.816300328975156e-12,1.5099955321385916e-16,8.100834476442409e-22,1.1775554727539127e-09,2.7412097106187925e-07,1.4902976596847165e-18,1.6219783753023886e-09,2.466848721007073e-21,4.975727745733672e-13,5.654359965165326e-11,1.1655038804442145e-10,5.552184625232026e-18,5.256984127871513e-12,7.498665841192807e-10,1.3215657574578749e-15,2.6113380796808743e-12,1.4316678398958553e-17,9.214154503505147e-06,3.253956298457074e-12,5.500265526787066e-22,2.661065873976713e-12,7.935681815780757e-13,1.1674345790117122e-11,2.5287829282536597e-16,2.0513634269039998e-08,1.282444183742737e-13,3.031788199682669e-09,6.3115459488475906e-12,2.9117062323816524e-16,1.6422982582442805e-17,1.9451662927507796e-10,2.2811745695577018e-09,1.1087838552073863e-12,6.514109373689863e-09,5.773266521725154e-10,5.028965872893774e-25,9.352595806703673e-14,3.718793317120372e-06,1.7376351194097053e-15,8.466950789252685e-10,1.2315985011090498e-09,6.153044976396202e-10,5.496615355206998e-15,1.6004392741007743e-11,7.082439290290882e-13,2.435000504952921e-19,1.5832164330614203e-12,7.639323297476079e-10,3.4549510054203226e-10,1.0796048492766855e-17,3.830856514131284e-13,5.2495005080050264e-21,5.556434002570723e-19,1.729166987610839e-12,1.7459607415783485e-14,4.881593897544835e-17,1.79826159103942e-08,1.86492156081724e-21,5.058990557950404e-16,1.781020739976242e-17,1.3696531677062988e-14,1.4490398202705626e-08,9.72341278893938e-13,1.5195240063883248e-11,1.1093815200699793e-12,6.084943813155875e-10,9.132428152663055e-16,6.746870837611341e-09,1.3293210425015624e-08,2.016378599095901e-22,4.472000062995468e-12,1.2276560519812847e-14,1.6751325850645581e-18,5.484620929874469e-12,1.1984720193802582e-21,7.755909883815633e-13,5.354087221148518e-13,2.5365662573625274e-11,3.3054692963390836e-12,6.905200806096819e-21,9.258894260506904e-11,2.3379188650135405e-08,1.440370255472549e-14,4.5046838345964054e-10,7.315271939053263e-11,3.3452013623340844e-14,5.8358726863377466e-09,4.2644824848784646e-13,4.238377687956938e-10,4.98434086735463e-11,5.456263906881405e-18,2.0199870314152804e-13,1.0710182523406368e-19,3.801990081543828e-08,1.6932660079612959e-13,1.1461937047107392e-12,2.0774066413147488e-13,2.5719687007434802e-15,6.157226828815705e-12,1.4852672845410658e-21,1.0435750576051087e-12,3.146761455164164e-14,6.618933227843592e-15,2.0529244594364568e-05,2.889586978130651e-14,3.58834007501998e-16,3.643872174318992e-15,5.4672501604599195e-09,1.6349343780076538e-07,2.991061004561289e-14,8.761080546758743e-20,1.6812014689394342e-08,1.2649693807852924e-18,4.65344230258833e-12,3.510344574723116e-17,1.9696966180726225e-17,1.5986731311987233e-13,4.6203068270725704e-15,5.3883503209404354e-20,1.1906938179634271e-11,1.9028450761864777e-13,1.0311482991519804e-05,3.5480967043994684e-13,4.919404211832036e-14,7.318218340674368e-17,5.6359274565772096e-15,1.1679097068596994e-11,3.499429614077896e-11,8.316503582109932e-18,1.2857278862657946e-14,1.6050626129285766e-13,1.6616389448873019e-15,8.222875794437459e-12,2.50177195846908e-21,1.7716837107204877e-11,1.7472163319103022e-13,6.333545018209478e-08,5.226663745429372e-07,2.765417128561895e-16,2.079465839057117e-08,1.4730563249014157e-18,3.788184768253573e-15,4.0787771431314004e-14,5.0732144070301657e-14,6.851343676516863e-19,1.0775897754269707e-08,8.250630388039883e-11,1.215055661029823e-11,1.1352663966504692e-19,1.3803416695627071e-17,3.846865021010259e-31,8.04211801533346e-12,1.3201151360025749e-17,7.829807185054257e-16
51.256281407035175,1.297583426957521e-13,3.368000291802245e-17,8.877217379251346e-15,1.7048037327962957e-09,3.5744894383233604e-14,3.559898574504699e-26,2.0707465377848558e-16,3.51955562040529e-17,2.4292479801025674e-18,6.368788011296924e-13,1.206231734364856e-07,3.6767338326024387e-10,1.5855864256971072e-07,2.2575315063783053e-14,2.6415915544167302e-14,1.4148011033006076e-20,4.146547782016219e-06,4.781201064436644e-15,3.1524473379730335e-11,2.0211811448836341e-13,8.736545941550169e-09,1.1763781919978273e-05,1.7634640418237196e-10,2.7918281873230305e-13,1.8961187335240423e-14,1.7516424070406267e-16,1.6312019497892063e-05,3.7573918514950616e-15,4.928282499653819e-21,8.091681328324768e-13,8.127817321747635e-10,1.4767564842209387e-18,1.0816158554875488e-11,5.166669240610101e-10,1.1873597951383318e-15,1.6543219361848043e-18,9.295573585390272e-07,1.204520586223976e-19,0.00024503272767405394,4.367036064258705e-05,4.1554141447436943e-13,1.4284154050213175e-11,1.8447549503198303e-11,3.19214936337033e-13,1.4529991758400296e-09,1.5183720618756418e-09,1.0913935080293292e-11,2.8207224429235347e-16,1.8285105625626528e-21,1.930879416454931e-09,3.8705542904863696e-07,3.1525291302539236e-18,2.2944923638449028e-09,6.817736812502508e-21,9.514362655011925e-13,8.895033397997208e-11,1.623025383509806e-10,1.1175098984683748e-17,9.288913524082812e-12,1.020199465509371e-09,2.389598397264161e-15,3.735851577596652e-12,3.6148465085736465e-17,1.2825082539723152e-05,5.06582968485795e-12,1.4649383083733195e-21,3.897261497150528e-12,1.4875578271296328e-12,2.0112158328969956e-11,5.453984041253997e-16,2.3983583206601974e-08,1.6967740122308764e-13,4.454017092883667e-09,9.162236784998413e-12,5.60019911566735e-16,3.3013232801570027e-17,3.0527907282428335e-10,3.0488913071339636e-09,1.5580627352414103e-12,8.757239219787413e-09,8.8113967885811e-10,1.5711393589231313e-24,1.790548511342857e-13,5.027299975345902e-06,3.9557773788594454e-15,1.2086949668325785e-09,1.8333984956199362e-09,7.961191233946895e-10,8.382193466279015e-15,2.806473268222207e-11,1.2933749624873348e-12,6.317462131683668e-19,3.114132868629056e-12,1.5100084740412166e-09,5.541419238707124e-10,2.5958302020090072e-17,6.98238290305582e-13,1.1626643740801982e-20,1.0566541860416196e-18,3.1034000249569716e-12,2.8016923904456785e-14,7.636369172169117e-17,2.340474125306872e-08,4.157503251706757e-21,1.1703182834416202e-15,4.031171093615851e-17,2.3582588174787264e-14,2.074146965712503e-08,1.6364527020824703e-12,2.7144937158084205e-11,1.9556218576692143e-12,9.32015954809453e-10,2.1857438171842178e-15,1.0101676817607113e-08,1.7217653120018227e-08,6.523559384397085e-22,6.379750983885557e-12,2.696759406361377e-14,4.328155790858753e-18,7.079772184118412e-12,2.438589578105296e-21,1.4224354973927026e-12,8.053082703806521e-13,3.774243594907079e-11,6.454788832981254e-12,1.359226351948035e-20,1.507351599396779e-10,3.35491157852015e-08,2.360357974185554e-14,8.565639319289577e-10,8.270888050680722e-11,5.639193922515271e-14,9.137593575201534e-09,7.804488606354195e-13,6.996024628771568e-10,6.895055888958712e-11,1.1006353328030471e-17,3.008776464992969e-13,2.319976359966264e-19,5.797302147245488e-08,2.5457969473176755e-13,1.5534326475668746e-12,4.362612192833981e-13,5.156486373961734e-15,1.0910632298692023e-11,3.509095738737454e-21,1.8637385058550896e-12,5.351780711716664e-14,1.4480240314103558e-14,2.281614900071453e-05,4.548587587508773e-14,6.134428971947792e-16,5.391373027415016e-15,9.70492748972338e-09,2.1706551465618375e-07,4.5498111756786825e-14,2.1180888807497635e-19,2.1606503091664665e-08,2.5826746667822713e-18,6.4754217361361865e-12,8.088613334432197e-17,3.7306877855741236e-17,2.685151718326971e-13,7.286344133825037e-15,1.1512819814457824e-19,1.4829898810837787e-11,3.623975053127982e-13,1.2825391637577184e-05,5.54374833530061e-13,8.979941859395213e-14,1.2271620553915336e-16,1.1967910444333324e-14,1.940788372396639e-11,3.7895869270447644e-11,1.7987019626472107e-17,2.2699424093750344e-14,2.659745403515917e-13,2.9253631344883942e-15,1.1824629102348338e-11,6.522344653999322e-21,3.226968532386055e-11,3.0924515674184183e-13,8.865720517789088e-08,6.868727907947895e-07,4.981249752907973e-16,3.379158933595853e-08,3.606963507467159e-18,6.952962461685221e-15,5.521555230927042e-14,1.1229364881485158e-13,1.503145450523016e-18,1.8418331288195882e-08,1.2800508407477044e-10,1.8356214850691215e-11,2.648524682525589e-19,1.7863382511751978e-17,1.5037967571591896e-30,1.206971494135333e-11,2.8566335859050034e-17,1.4730228443186854e-15
51.50753768844221,2.570356945415163e-13,7.9202448679711e-17,1.543619635531357e-14,2.308496439366242e-09,5.86287028254529e-14,1.0116176866657062e-25,3.7371928899141246e-16,8.439006236725323e-17,4.734773473215506e-18,1.136630737530636e-12,2.0656707185196437e-07,5.344445320556485e-10,2.0134634392553383e-07,4.2097622107238166e-14,4.480285542533844e-14,3.0541486763378635e-20,5.7988640315732864e-06,9.45579923453562e-15,4.82915833169852e-11,3.4337488647065685e-13,1.2503848525898539e-08,1.4670138466779777e-05,2.720136603102976e-10,4.3655435623543875e-13,3.018434969591716e-14,3.578605680063952e-16,2.0965750624994297e-05,6.929755978025989e-15,1.1397282620340266e-20,1.412162234693989e-12,1.1610928257801372e-09,3.166428789931225e-18,1.499881832789717e-11,7.069781257217234e-10,2.1697044240105035e-15,3.532829338261565e-18,1.362463067346217e-06,3.3378042579816057e-19,0.0003039466425640879,5.294538973702549e-05,7.975250195632809e-13,2.1158389230884758e-11,3.1174019235659214e-11,7.026370554059064e-13,2.3086612805985443e-09,1.8240443054941605e-09,2.0310540727869858e-11,5.353225963152344e-16,4.17966466047384e-21,3.1442049736638025e-09,5.45508548099917e-07,6.6367538020380315e-18,3.2445905518164754e-09,1.881167725180762e-20,1.8037835792802368e-12,1.3890047151817264e-10,2.2653160701408396e-10,2.2598662538526556e-17,1.6294789325561172e-11,1.380109355820238e-09,4.322659618156194e-15,5.375546261877526e-12,9.058537194366772e-17,1.780792349402336e-05,7.88415317908599e-12,3.889969482735997e-21,5.7384633327368005e-12,2.753038803293657e-12,3.453151251508029e-11,1.1606933860236282e-15,2.8218430931187474e-08,2.2591055077055639e-13,6.598156533534822e-09,1.3283250306584744e-11,1.0764840599555914e-15,6.630144429393327e-17,4.764825573838462e-10,4.070659979969891e-09,2.215575585207714e-12,1.1739977773262809e-08,1.3430201616690843e-09,4.8879260914107135e-24,3.3840193305203104e-13,6.725667173608162e-06,8.930348820920479e-15,1.7177019397879003e-09,2.7128040515159334e-09,1.0315505224669488e-09,1.2723273023589417e-14,4.9179670225180213e-11,2.337399377582666e-12,1.636852514874375e-18,6.155322777052896e-12,2.9437198142584453e-09,8.871019881194628e-10,6.165720553389695e-17,1.2619901269120607e-12,2.5868742146561767e-20,2.006564563443052e-18,5.569534929014999e-12,4.510059700618545e-14,1.206118193335743e-16,3.0485352990926684e-08,9.331256432250528e-21,2.667034962628025e-15,9.0981887879361e-17,4.0281369116384795e-14,2.9478459925959376e-08,2.75591435612974e-12,4.8081549749639635e-11,3.4402340528462014e-12,1.4251013423905176e-09,5.188255900812714e-15,1.5111672930561336e-08,2.2342493737149432e-08,2.1062057558772626e-21,9.139870642584487e-12,5.86063015572277e-14,1.1069698599951848e-17,9.180069758059483e-12,4.935377218805531e-21,2.605906863076569e-12,1.2054926748681579e-12,5.613173736377995e-11,1.255644278638598e-11,2.729805832046278e-20,2.4568833579834286e-10,4.7892757150006686e-08,3.850258818944996e-14,1.6119462740379373e-09,9.471932451739159e-11,9.569546288007373e-14,1.4213251519549513e-08,1.4243814679657993e-12,1.1473209335799224e-09,9.545362873937982e-11,2.2109809405214566e-17,4.463533138258311e-13,5.02087819056857e-19,8.712653950838078e-08,3.9038892953315585e-13,2.144421188054329e-12,9.097253832777662e-13,1.0275740575885988e-14,1.935742698623291e-11,8.316479220543723e-21,3.3705192582128934e-12,9.082242365649252e-14,3.129329774427645e-14,2.5256611242994896e-05,7.20756137265192e-14,1.0495241748996293e-15,8.023399960856637e-15,1.706431749623649e-08,2.8841831130986736e-07,6.919194284917649e-14,5.085958959551979e-19,2.7682579095779665e-08,5.3267895970428465e-18,8.98680800972763e-12,1.864465583123685e-16,7.01751878593139e-17,4.4678626924644193e-13,1.1657358932961712e-14,2.435424853794276e-19,1.845293505362111e-11,6.849295788112729e-13,1.595402253942648e-05,8.736524497251102e-13,1.6443587713870594e-13,2.0737779084284703e-16,2.51135479514314e-14,3.2103182681542534e-11,4.1282308252753844e-11,3.881655241583399e-17,3.9870255432562704e-14,4.470399717039189e-13,5.147967796234172e-15,1.6983523527383682e-11,1.6850433233475288e-20,5.871907551298171e-11,5.44296121851238e-13,1.23607100361972e-07,9.042637259037068e-07,8.932303131264596e-16,5.436123948347199e-08,8.7585250575538e-18,1.2668985337670692e-14,7.593031816904063e-14,2.4907696735216155e-13,3.2813429095774468e-18,3.1277047750199725e-08,1.9636962079808247e-10,2.7776012865575986e-11,6.180906400537062e-19,2.3677947488020556e-17,5.8638904400205165e-30,1.8141926904222727e-11,6.169909134969546e-17,2.7559028338902746e-15
51.75879396984924,5.025532609003622e-13,1.8426502352373708e-16,2.6933050743566398e-14,3.1187238388929055e-09,9.608470345586488e-14,2.8694012909756426e-25,6.714064628446576e-16,2.0111011724113924e-16,9.137987505061653e-18,2.0179935188268835e-12,3.494950255227388e-07,7.85938292326699e-10,2.528819575375365e-07,7.816429701508486e-14,7.612281410772077e-14,6.642789202550755e-20,8.036950093541656e-06,1.8477007059796543e-14,7.424400599576107e-11,5.789570585436971e-13,1.782987901689858e-08,1.8388805594377042e-05,4.208469074026308e-10,6.832840209579674e-13,4.799876587799819e-14,7.325614843056389e-16,2.6791115939067196e-05,1.2813439018207376e-14,2.6361155935481454e-20,2.467799207098791e-12,1.648300047588398e-09,6.7720057033461226e-18,2.07789339398537e-11,9.658602866716581e-10,3.921337122546276e-15,7.540120243510396e-18,1.989418729693433e-06,9.184713279561063e-19,0.00037333427839762425,6.409079832647678e-05,1.5266746274161334e-12,3.152160683925038e-11,5.3085958602857096e-11,1.537786815489192e-12,3.6500344844194392e-09,2.1971505487285603e-09,3.748587266724482e-11,1.0316478316827098e-15,9.665570071539064e-21,5.085554049028086e-09,7.675255992435726e-07,1.3916763183640758e-17,4.586851776420035e-09,5.176265058599689e-20,3.3878722945308667e-12,2.154186201025199e-10,3.171743046150174e-10,4.591743835132251e-17,2.838137273195451e-11,1.8586872570613316e-09,7.817506217341503e-15,7.783395317572363e-12,2.2522387737565963e-16,2.4665624807190823e-05,1.2272538949962711e-11,1.0297451444620475e-20,8.499392774527874e-12,5.03471292254431e-12,5.90867374074734e-11,2.436133481793496e-15,3.3424410674799664e-08,3.0308891357431557e-13,9.841764860072578e-09,1.9245902549327027e-11,2.0677287870653897e-15,1.3307050421643447e-16,7.404168276726696e-10,5.428549425386544e-09,3.1887030524615615e-12,1.570346085922944e-08,2.0450876376320357e-09,1.5152704987953208e-23,6.317294318434873e-13,8.906943731949251e-06,1.9997918093615625e-14,2.43062403892885e-09,3.9874584823170574e-09,1.3378880323023722e-09,1.9253307191376366e-14,8.614123534969856e-11,4.177963752460736e-12,4.2332562581675e-18,1.2223371525339123e-11,5.657366898474528e-09,1.4170244416770176e-09,1.447009761975899e-16,2.2605254423912365e-12,5.778989035829963e-20,3.807071322758635e-18,9.989047735088697e-12,7.282961476098356e-14,1.9230723689189596e-16,3.9768526659193774e-08,2.110219040107043e-20,5.990225228015732e-15,2.049125651138618e-16,6.826838010948309e-14,4.161011295465914e-08,4.645565457935777e-12,8.445889440592496e-11,6.039057770078282e-12,2.175497101357441e-09,1.2213104053433047e-14,2.2590237795943714e-08,2.9077600296435094e-08,6.775627648212558e-21,1.3142294001301694e-11,1.259573475402618e-13,2.8015404688976216e-17,1.1975898399790755e-11,9.940004822362166e-21,4.768919003872385e-12,1.7968859114127495e-12,8.33950261265908e-11,2.431704628030269e-11,5.590348802429421e-20,4.0057675620101e-10,6.801303440320769e-08,6.252128980811366e-14,3.0024374245010126e-09,1.1001889228626303e-10,1.6341249460545728e-13,2.1942301784277853e-08,2.5925375422938485e-12,1.869188330467908e-09,1.3234270248785396e-10,4.42369407291524e-17,6.600090175907439e-13,1.0851485324791689e-18,1.2904681077602192e-07,6.098580044562513e-13,3.0148920913462985e-12,1.8829822621807723e-12,2.036033231108625e-14,3.4355111271077943e-11,1.9768646055253562e-20,6.165640036574118e-12,1.5380411712900051e-13,6.679176742180227e-14,2.7865074305633778e-05,1.1496622175906348e-13,1.7968079085997436e-15,1.2025098830996848e-14,2.9710267496076686e-08,3.833231877769341e-07,1.0524015263408517e-13,1.212949039031656e-18,3.536978133365475e-08,1.1088737789775618e-17,1.2449277234630859e-11,4.294943307943482e-16,1.311441023798784e-16,7.372403681654311e-13,1.8942217671548464e-14,5.098337538799438e-19,2.2940993478801563e-11,1.2835989367695556e-12,1.9841300647322706e-05,1.3877334797873617e-12,3.0174614262852383e-13,3.5347043671928603e-16,5.2070557151950476e-14,5.286934124108333e-11,4.531245326199822e-11,8.357099052158901e-17,6.970877828020247e-14,7.60301034506453e-13,9.059673201601722e-15,2.4398055179162923e-11,4.313004947215985e-20,1.066838167242726e-10,9.522710362122223e-13,1.7162325726001236e-07,1.191733794982603e-06,1.592243249224102e-15,8.656296396504097e-08,2.1087049991000344e-17,2.2952234216965736e-14,1.0601769252951623e-13,5.533207105713892e-13,7.124088800138034e-18,5.275514409542845e-08,2.9830157475031055e-10,4.2116429978672395e-11,1.4427838756734826e-18,3.2119507335678666e-17,2.2777650664645167e-29,2.7310496120061643e-11,1.3305477521681338e-16,5.129122645754725e-15
52.01005025125628,9.69910644988187e-13,4.2390577078099847e-16,4.7105995234317894e-14,4.201123905353572e-09,1.572437192151691e-13,8.120121285285496e-25,1.200885144788045e-15,4.762290594285632e-16,1.7468614744947584e-17,3.5678134361795716e-12,5.839526300997302e-07,1.1688458115495352e-09,3.1417737567361844e-07,1.4448752412836334e-13,1.2960047289487085e-13,1.457861679736736e-19,1.1038987454239919e-05,3.5672464015673245e-14,1.1444100713820918e-10,9.693141774717653e-13,2.534239534730328e-08,2.315119991305577e-05,6.520539873660895e-10,1.070257257751995e-12,7.629897429770108e-14,1.5020333999344055e-15,3.40365192356215e-05,2.3739979478674167e-14,6.087892468951625e-20,4.318511733536569e-12,2.323801268367701e-09,1.4441699411372742e-17,2.878559214379027e-11,1.3181349633948368e-09,7.011679691043854e-15,1.6095202757970532e-17,2.8926989171000647e-06,2.5072332464246362e-18,0.00045435846751205877,7.748772997334991e-05,2.9140053476219124e-12,4.7253079527250227e-11,9.10639486319331e-11,3.3430259488009615e-12,5.742032380760162e-09,2.6521914315075008e-09,6.861446061224274e-11,2.017380584614922e-15,2.2590318357246504e-20,8.171890897769435e-09,1.0781228850439998e-06,2.90916824947299e-17,6.482521745017718e-09,1.418881964600507e-19,6.299345445208955e-12,3.319929907802006e-10,4.4578029938995014e-10,9.374886836855109e-17,4.9086676718428155e-11,2.4950030401970163e-09,1.4125697401142276e-14,1.1344373009836847e-11,5.553808571429743e-16,3.407658257946785e-05,1.9113847024724706e-11,2.717230294570664e-20,1.2669378637863696e-11,9.106534707994385e-12,1.007529148690329e-10,5.040510679260015e-15,3.9864413919264e-08,4.1028940202212194e-13,1.4760409937585278e-08,2.7884169503547853e-11,3.968590759199278e-15,2.66966183640108e-16,1.146651911784368e-09,7.229933309293169e-09,4.645114809200121e-12,2.097000679336475e-08,3.11249470523838e-09,4.6835268708117974e-23,1.165620842470324e-12,1.1680430683292195e-05,4.443435028692211e-14,3.425889665116806e-09,5.820126035963764e-09,1.7358826418330854e-09,2.9094161289730726e-14,1.508357285431903e-10,7.38320129126286e-12,1.0921704647494657e-17,2.4380319673978783e-11,1.0714791392468122e-08,2.2580153303220323e-09,3.3562844430314604e-16,4.011108590839661e-12,1.295278662333084e-19,7.22083223976638e-18,1.789144842933123e-11,1.1795282869875647e-13,3.094503222828009e-16,5.199346241399966e-08,4.811486489936545e-20,1.3267513296801692e-14,4.608802322204643e-16,1.1481596392942207e-13,5.83562766037797e-08,7.840501512349743e-12,1.4712996296682884e-10,1.0576403787256295e-11,3.315712465363282e-09,2.851006010744698e-14,3.375062393555567e-08,3.7994509046086007e-08,2.1686526349813727e-20,1.8954459260763384e-11,2.676348659171257e-13,7.013661284474973e-17,1.5742144453517454e-11,1.9933373342419114e-20,8.717602437049472e-12,2.6686636568936955e-12,1.2371763521937988e-10,4.68547040232122e-11,1.1663088735799244e-19,6.527648362984071e-10,9.608373865029555e-08,1.01076012034939e-13,5.53566658916559e-09,1.2977665108363928e-10,2.8068201416058994e-13,3.3598889670747355e-08,4.705648343868081e-12,3.0250018726617035e-09,1.8390606486082077e-10,8.816423425284113e-17,9.735348557332809e-13,2.3411511560968457e-18,1.8836801787673166e-07,9.690350175438087e-13,4.316055446238252e-12,3.867302373457872e-12,4.0123566824852664e-14,6.094538787355516e-11,4.7122491678860694e-20,1.1393792072268415e-11,2.5992098928919356e-13,1.4077861699259074e-13,3.06613662082246e-05,1.8456673548035834e-13,3.077671510334608e-15,1.81727439720169e-14,5.120691050259926e-08,5.092669421517612e-07,1.6015332050324157e-13,2.8732061612455114e-18,4.508666000184257e-08,2.3275819423815872e-17,1.7228114472458154e-11,9.878521032564216e-16,2.436036705365427e-16,1.2076923822252553e-12,3.1289426700931844e-14,1.0557336073368333e-18,2.8497355997776077e-11,2.383562897542737e-12,2.466408228711535e-05,2.2199763258661804e-12,5.543742045874875e-13,6.080573659369365e-16,1.0667230344915689e-13,8.668741907058529e-11,5.018917510592957e-11,1.7948851773205014e-16,1.2138516374687144e-13,1.3053968192695244e-12,1.5951552310919882e-14,3.5107041302102845e-11,1.0934314234312829e-19,1.9342835472918434e-10,1.6554697612673121e-12,2.3728645705000418e-07,1.5711352120303586e-06,2.817978094913468e-15,1.3642239532313312e-07,5.033156891964222e-17,4.1411843966208916e-14,1.502085336717348e-13,1.230258550478814e-12,1.5374682401979434e-17,8.836194192414053e-08,4.4937663285330843e-10,6.402291615757151e-11,3.368516993662921e-18,4.454640190475982e-17,8.803720851569742e-29,4.117741249930353e-11,2.865522736071674e-16,9.498032338477994e-15
52.26130653266332,1.848052903291103e-12,9.639193069991686e-16,8.250383445995731e-14,5.639961384878903e-09,2.567966377833703e-13,2.2919650089970233e-24,2.138950520373821e-15,1.1203459054133437e-15,3.308856795707637e-17,6.2880535196985155e-12,9.631923537454685e-07,1.756867615226396e-09,3.862192628037981e-07,2.6588479680099234e-13,2.2113926961077933e-13,3.2324126317390733e-19,1.5026528776424187e-05,6.804991174155911e-14,1.766890909746656e-10,1.6124351124471638e-12,3.592133670907617e-08,2.9252102429082086e-05,1.0102951139313904e-09,1.6774229514988771e-12,1.2132548869493807e-13,3.0834923678066566e-15,4.2989634275836434e-05,4.404594995979137e-14,1.4016958164575426e-19,7.568012966731548e-12,3.2519643537664885e-09,3.070068254392086e-17,3.990888880926477e-11,1.7979452546860139e-09,1.240772948963931e-14,3.43800461611518e-17,4.186826994426232e-06,6.783756683380805e-18,0.0005482715085892721,9.360012706020559e-05,5.544156175044695e-12,7.130111473562592e-11,1.5727301676260968e-10,7.212092269677313e-12,8.988060913042873e-09,3.206396436155316e-09,1.2455388496113258e-10,3.999005072461165e-15,5.3309933630595485e-20,1.3048014965772006e-08,1.51182949239113e-06,6.067185179244242e-17,9.157766332120146e-09,3.870661623155676e-19,1.1588101802543763e-11,5.08726120691051e-10,6.292102865058928e-10,1.9234256005174515e-16,8.431084565278229e-11,3.3418472177292896e-09,2.5488482864824855e-14,1.664796166898754e-11,1.3576593014188184e-15,4.6951286734861046e-05,2.979210427553227e-11,7.146425795372212e-20,1.9015183360798335e-11,1.6306233078703705e-11,1.7119238248678286e-10,1.0277382153400583e-14,4.7874153552584206e-08,5.610646808818172e-13,2.222984602892421e-08,4.041645986222937e-11,7.611250325135222e-15,5.35447147031235e-16,1.771393380136709e-09,9.614945398324236e-09,6.849052391848126e-12,2.7972232650581094e-08,4.7362402646041614e-09,1.4440858283952169e-22,2.127154217320396e-12,1.5173613973440635e-05,9.799983718382765e-14,4.8117438706897415e-09,8.434524419171912e-09,2.251832826956027e-09,4.397965709751284e-14,2.6405472267367637e-10,1.2896341710898646e-11,2.809291259065824e-17,4.882458351574322e-11,1.9993760753801688e-08,3.5886378926097276e-09,7.69651149131706e-16,7.0480217539349615e-12,2.910120834726614e-19,1.3698995725436982e-17,3.1976842134588213e-11,1.9152604971784807e-13,5.023724884639846e-16,6.81692215930556e-08,1.10664325914545e-19,2.899628324763907e-14,1.0358726342611773e-15,1.916527464095274e-13,8.135344813815924e-08,1.3252146872702337e-11,2.5415765636243706e-10,1.8473201039897207e-11,5.045405511787849e-09,6.599698701187103e-14,5.040288813607288e-08,4.9898208499477695e-08,6.896355296564762e-20,2.739959124825505e-11,5.620674881497674e-13,1.73642823864208e-16,2.0880059596157677e-11,3.9826946522546665e-20,1.5916624562469273e-11,3.951696322894671e-12,1.832033758596552e-10,8.97738208189732e-11,2.4758931003238666e-19,1.0623542423529446e-09,1.3503538299290105e-07,1.6272048310248387e-13,1.0103686248518e-08,1.5565031807474235e-10,4.847170470942479e-13,5.1012320755263594e-08,8.516418898578318e-12,4.862784640850022e-09,2.5633752705107157e-10,1.7504134310978545e-16,1.433661314854236e-12,5.040004419812881e-18,2.7098729763138266e-07,1.5632244699429995e-12,6.28979093041694e-12,7.878939518250843e-12,7.866156109334367e-14,1.0799476717383451e-10,1.1261521736983762e-19,2.123930508561861e-11,4.3835676801252447e-13,2.930083816276554e-13,3.3671604058976474e-05,2.9812435379023465e-13,5.273159147051819e-15,2.7723040117125396e-14,8.735242815398251e-08,6.758732738185391e-07,2.439352600243693e-13,6.760509515654277e-18,5.7368921855802266e-08,4.921453166782189e-17,2.3835803148747216e-11,2.2667479941347142e-15,4.500005912707498e-16,1.9660694934266485e-12,5.2575805827154125e-14,2.1616859109823926e-18,3.537276389491572e-11,4.383042475358163e-12,3.0639974215562445e-05,3.573219711400331e-12,1.0188568269706344e-12,1.0560849263129524e-15,2.1591886777529539e-13,1.4149393484890794e-10,5.617319335569906e-11,3.8453571254899784e-16,2.1063166261028254e-13,2.257607396681759e-12,2.8111933250155434e-14,5.0671826294914147e-11,2.7447398497141445e-19,3.498038368168027e-10,2.858796589650071e-12,3.2667205274540713e-07,2.070509195206391e-06,4.946480354869626e-15,2.1276995312538468e-07,1.1908898931344036e-16,7.453408977513845e-14,2.1581142531499615e-13,2.7356850837629567e-12,3.296459124781569e-17,1.469384286514594e-07,6.723206171617907e-10,9.761902198356338e-11,7.866262973312252e-18,6.309853941435526e-17,3.38265290344439e-28,6.2188280476271e-11,6.163746112308438e-16,1.750161476337735e-14
52.51256281407035,3.477260648286113e-12,2.1657811079887073e-15,1.4456337931324985e-13,7.5424962628684e-09,4.1824785363105236e-13,6.451872430632894e-24,3.795264739752391e-15,2.6179904180748426e-15,6.21280662002948e-17,1.1058581296359638e-11,1.5679075174127425e-06,2.6666250619014552e-09,4.699716071271379e-07,4.870647659440466e-13,3.782227012881417e-13,7.247937020956285e-19,2.0271506558522904e-05,1.2828265462208374e-13,2.7298998871196115e-10,2.6668064144283838e-12,5.080227673777787e-08,3.706542218507497e-05,1.563400757685472e-09,2.630496727253521e-12,1.9311824892374537e-13,6.3348749498408625e-15,5.398027543248424e-05,8.178778382211209e-14,3.2132609539648935e-19,1.3282361202624359e-11,4.51581541376976e-09,6.504291303171987e-17,5.541198388168077e-11,2.4524922646652348e-09,2.1735004544980496e-14,7.351149299408467e-17,6.029894780284015e-06,1.8178739668166464e-17,0.0006564512851571549,0.00011299399641499368,1.0510742461708953e-11,1.0832064729310769e-10,2.732701388939888e-10,1.5427504220402822e-11,1.3999297710095247e-08,3.8802010770584975e-09,2.2422314767305594e-10,8.025741105672844e-15,1.2690882709699363e-19,2.0705283931898426e-08,2.116053344098662e-06,1.263284746225423e-16,1.2928556758804654e-08,1.049863046515389e-18,2.1078353853618212e-11,7.754992809012179e-10,8.921384228376147e-10,3.965655535989297e-16,1.4382539343278623e-10,4.47102651014712e-09,4.590647686792903e-14,2.460238956981952e-11,3.2884921493429174e-15,6.450504132788878e-05,4.6477625527825005e-11,1.873140065724939e-19,2.8747270092807534e-11,2.8932878320234865e-11,2.8981989411412843e-10,2.0644630217413758e-14,5.7883306813881925e-08,7.758604831057196e-13,3.3579281859449186e-08,5.862211047625594e-11,1.4588697156657712e-14,1.0737987958302911e-15,2.7318902033979924e-09,1.2766201516565506e-08,1.022067502066303e-11,3.729328378840603e-08,7.20812439568912e-09,4.443342807600502e-22,3.841903571246239e-12,1.9534458964120784e-05,2.146200497343281e-13,6.737899255852704e-09,1.2136572017931159e-08,2.918945620942253e-09,6.661855901427837e-14,4.621319815049646e-10,2.2263346874968596e-11,7.199907508628668e-17,9.812498262749015e-11,3.675122337235414e-08,5.687237329578785e-09,1.7456007910614881e-15,1.2260553801655267e-11,6.546964514266451e-19,2.6010249166014122e-17,5.697984393002074e-11,3.116437176144843e-13,8.224632847598884e-16,8.967906538333536e-08,2.568278420626698e-19,6.257527427310386e-14,2.3279956699488096e-15,3.175583947922699e-13,1.1279859379636675e-07,2.243602211681041e-11,4.3527230614868676e-10,3.216455319855791e-11,7.664639322582178e-09,1.5148949113796836e-13,7.524754651674818e-08,6.593342187244914e-08,2.1761001143844863e-19,3.966761639392734e-11,1.1664648218345917e-12,4.2504664706688596e-16,2.7981843864175817e-11,7.933767530914468e-20,2.9021965939973388e-11,5.838787732655213e-12,2.707285310078507e-10,1.7095235802555755e-10,5.3403250940727755e-19,1.7255830439708243e-09,1.8879462439630533e-07,2.609361440020047e-13,1.825767376525681e-08,1.9002000614001316e-10,8.412426118795826e-13,7.678953074550107e-08,1.5365879251063643e-11,7.764643281894051e-09,3.586428178923779e-10,3.46218045606518e-16,2.1096644876487143e-12,1.0822716929843609e-17,3.842549648615803e-07,2.554876935704918e-12,9.327910190676069e-12,1.5918888370468844e-11,1.5344088727165913e-13,1.9104182616696775e-10,2.697582176728892e-19,3.9876775219928185e-11,7.377936883399711e-13,6.022606597066629e-13,3.692911212672408e-05,4.842763826922953e-13,9.036203846793607e-15,4.273352415893744e-14,1.47469508630471e-07,8.953907415941976e-07,3.719977497670182e-13,1.5803004266320205e-17,7.290705547426699e-08,1.0470866606932462e-16,3.299498459556083e-11,5.185233653973704e-15,8.271341915227711e-16,3.184097663885393e-12,8.989858540915353e-14,4.375455606731511e-18,4.387714038611189e-11,7.977378723583737e-12,3.803710908928277e-05,5.781002588794945e-12,1.8717314649747832e-12,1.8521126547857414e-15,4.318534550710528e-13,2.298314225480404e-10,6.360230169258165e-11,8.217532123132356e-16,3.644263958634739e-13,3.924725200133822e-12,4.9608412972805116e-14,7.346354665559539e-11,6.819383382700502e-19,6.3068154874252e-10,4.902689665490756e-12,4.478027934177883e-07,2.7255345102965878e-06,8.604342765829523e-15,3.2838156988989346e-07,2.793218072628186e-16,1.3403495271997712e-13,3.1419951347050287e-13,6.078991406472291e-12,7.018325461495672e-17,2.4254482096099436e-07,1.0003978277859004e-09,1.493682402758101e-10,1.8373782100823378e-17,9.118799958564515e-17,1.291118763895402e-27,9.408469446197117e-11,1.324205120650444e-15,3.2090511108468224e-14
52.76381909547739,6.4630111518221175e-12,4.807064488565031e-15,2.5318488556206065e-13,1.004395984388998e-08,6.789848764644654e-13,1.811468891853346e-23,6.711682223237898e-15,6.0756966371427256e-15,1.1568863503952897e-16,1.9424831805132762e-11,2.518262251462434e-06,4.082879497145129e-09,5.663993629412881e-07,8.881968404598796e-13,6.484498462617254e-13,1.6447636553430969e-18,2.7103349345062523e-05,2.390199335324695e-13,4.2172172513044106e-10,4.388502689078898e-12,7.172347413918914e-08,4.7063278930469427e-05,2.4136775704737855e-09,4.127382287744651e-12,3.0789751283094627e-13,1.3018315688515221e-14,6.738298522207454e-05,1.5190822957630989e-13,7.3257174756908475e-19,2.3346815921448408e-11,6.221479150805783e-09,1.3730638879205153e-16,7.709142232846477e-11,3.3473830903452437e-09,3.769847683117778e-14,1.5736536472127811e-16,8.638266614366117e-06,4.821596054800972e-17,0.0007804485056207816,0.00013636120815015596,1.984858824632743e-11,1.6570578091896774e-10,4.773056131226021e-10,3.269722171664476e-11,2.1697103768251527e-08,4.697862533251279e-09,4.002852926498267e-10,1.628385909630919e-14,3.0451599255967024e-19,3.26593847746424e-08,2.9554842154269947e-06,2.627708407865934e-16,1.823435086593647e-08,2.8289143263182774e-18,3.7893467345305715e-11,1.176610869156157e-09,1.2707364270768127e-09,8.215980644139277e-16,2.437029475458786e-10,5.980932293055457e-09,8.249711713440333e-14,3.661562456705595e-11,7.888229089061361e-15,8.83503324715878e-05,7.257306909121369e-11,4.8924601476190765e-19,4.378975907769879e-11,5.091975400781659e-11,4.88809753872598e-10,4.084796562853694e-14,7.044326508180326e-08,1.0858275254052216e-12,5.0820132629841725e-08,8.50952536465794e-11,2.795240172748149e-14,2.153447084523664e-15,4.208527672639661e-09,1.6921598946616465e-08,1.54337438874031e-11,4.9722606780522486e-08,1.0974233187205125e-08,1.364613774460563e-21,6.871994148541435e-12,2.4934262241719702e-05,4.669001630825077e-13,9.411936585533061e-09,1.734305232032119e-08,3.779078238560116e-09,1.0128935681823904e-13,8.084626594024436e-10,3.7987548297561956e-11,1.8374385854813158e-16,1.9778368854044308e-10,6.653830118062906e-08,8.985882451851498e-09,3.917325939685291e-15,2.111203165345968e-11,1.473198486396033e-18,4.945377047915482e-17,1.0113935186745938e-10,5.078718914906522e-13,1.3572167276130335e-15,1.1842614566596704e-07,6.014796889564622e-19,1.3344197711093406e-13,5.233941050788733e-15,5.223981384413639e-13,1.556461972917637e-07,3.805134094649771e-11,7.388285467648492e-10,5.57956679439762e-11,1.1623063476836246e-08,3.4477464213577754e-13,1.1231286117563348e-07,8.77428993099246e-08,6.805392556263505e-19,5.747123044449971e-11,2.391812570979774e-12,1.0285349657528828e-15,3.793131032015577e-11,1.5769589484058083e-19,5.2839380601157154e-11,8.615424798565693e-12,3.9916486881074576e-10,3.233875168829696e-10,1.168468888300887e-18,2.795842105214418e-09,2.6258976478998365e-07,4.169425667102691e-13,3.266686332201034e-08,2.363452805270093e-10,1.4667026658355326e-12,1.1462497187638295e-07,2.7632284511777685e-11,1.2314849519612515e-08,5.039948550276778e-10,6.822251539324993e-16,3.104883075733293e-12,2.317392659071491e-17,5.371482945116438e-07,4.221058996029471e-12,1.407296967730169e-11,3.188926633666782e-11,2.9781951717331854e-13,3.372180438078072e-10,6.475111943342098e-19,7.528484808357813e-11,1.2392587280213178e-12,1.2227208245315108e-12,4.0475375439050814e-05,7.90629552132311e-13,1.5486337831932672e-14,6.660927226503389e-14,2.463779829163863e-07,1.1832449060623448e-06,5.681469497760591e-13,3.670588922697604e-17,9.259603715564095e-08,2.239173096248663e-16,4.572979670485571e-11,1.1816558206143575e-14,1.5136200520314077e-15,5.135175503143081e-12,1.564272203445219e-13,8.75332966524955e-18,5.439489048024184e-11,1.436508755223694e-11,4.7186337770116196e-05,9.391368986571677e-12,3.4347938745510436e-12,3.2794040384953796e-15,8.535709953002303e-13,3.713377041046071e-10,7.2918125292353e-11,1.751626170389814e-15,6.290434154738069e-13,6.845832444975399e-12,8.769538552051422e-14,1.0711910215722129e-10,1.6762919939404202e-18,1.1331747164258345e-09,8.34800256382285e-12,6.112301887582178e-07,3.581202137795378e-06,1.4822257542560725e-14,5.015073507128942e-07,6.494861003958654e-16,2.412017533743711e-13,4.631951299946294e-13,1.34870153604958e-11,1.4831098160014344e-16,3.973365129748357e-07,1.4824665110157334e-09,2.2945818224765583e-10,4.292681438350274e-17,1.343233253518381e-16,4.8927188408185075e-27,1.426028199755953e-10,2.8411854156532947e-15,5.854528839442786e-14
53.015075376884425,1.1870285705237524e-11,1.053789796716739e-14,4.4285354059583926e-13,1.3313021126603913e-08,1.0981318306136242e-12,5.073957062089764e-23,1.1836269214976667e-14,1.4001442273754357e-14,2.1375287517232972e-16,3.410701599184388e-11,3.990071973833567e-06,6.298350337342447e-09,6.765177483236832e-07,1.612360832167401e-12,1.1144163962594062e-12,3.779292094627084e-18,3.59159236070841e-05,4.402826069930006e-13,6.509079496563754e-10,7.1913577891753345e-12,1.011350715595987e-07,5.9838942566585545e-05,3.7143467144001593e-09,6.48007945805936e-12,4.919777888555468e-13,2.6746887877070986e-14,8.361947862597728e-05,2.8206528986534344e-13,1.6594456826533608e-18,4.1099601227252565e-11,8.50356368160133e-09,2.887757594249378e-16,1.0750651099065491e-10,4.574319932387034e-09,6.475426838500569e-14,3.3725538501339015e-16,1.2305449920416971e-05,1.2650452115907864e-16,0.0009220446482657174,0.00016454865773176593,3.732202945103639e-11,2.552673198469643e-10,8.372796465314764e-10,6.861278798004454e-11,3.3463715322936625e-08,5.6882771763529354e-09,7.086078939686934e-10,3.334784229481699e-14,7.359180739537174e-19,5.121531242846501e-08,4.117776839213343e-06,5.462997663986884e-16,2.5683358643050907e-08,7.566762573594861e-18,6.730189745795114e-11,1.77754343686892e-09,1.818088751869013e-09,1.71014891263091e-15,4.1020132295243196e-10,8.007446537941028e-09,1.4788088257129052e-13,5.4883595287244086e-11,1.8728611218660458e-14,0.00012061279372536807,1.1340985768459331e-10,1.2732730161041134e-18,6.722001303879405e-11,8.89720461402968e-11,8.212306913298452e-10,7.960431071572439e-14,8.626370045260202e-08,1.5388708599329566e-12,7.698557747373466e-08,1.2360689304729923e-10,5.355409036131848e-14,4.319310017352248e-15,6.478502055828916e-09,2.2391347625122488e-08,2.3577347184134267e-11,6.633351927199743e-08,1.67166017073409e-08,4.1831016632851094e-21,1.218070704043317e-11,3.1571320687680736e-05,1.009378095763814e-12,1.3122419950577528e-08,2.4620510024461632e-08,4.885015098894088e-09,1.548231871010645e-13,1.4134094492248766e-09,6.407750912632761e-11,4.666467903683293e-16,3.9950910524357935e-10,1.1865242342033853e-07,1.4152190736408662e-08,8.701736819232492e-15,3.59837595942725e-11,3.311890441027977e-18,9.420756924385137e-17,1.7867220105821791e-10,8.284132117033852e-13,2.2562398557131245e-15,1.5703679400870763e-07,1.4213030248250971e-18,2.8141456395025084e-13,1.1776168127869643e-14,8.533669936586495e-13,2.138792927669994e-07,6.464960184705449e-11,1.2424784288796474e-09,9.636981263987051e-11,1.7592287248007755e-08,7.778953154753271e-13,1.6760483041865055e-07,1.1770439421408375e-07,2.107041382770474e-18,8.326395318449495e-11,4.845217178765424e-12,2.460219465300265e-15,5.206228940210421e-11,3.130082618218714e-19,9.604327665420562e-11,1.2706935088098823e-11,5.871259215664057e-10,6.07444876802038e-10,2.5889527665214346e-18,4.516485319513116e-09,3.6333647533304806e-07,6.641158365337145e-13,5.787676664280719e-08,2.997153351925922e-10,2.568008472748064e-12,1.6973517915260402e-07,4.951219274525156e-11,1.940001255327969e-08,7.117617745674884e-10,1.3392825851756131e-15,4.574541810103602e-12,4.946352574276234e-17,7.404188013054509e-07,7.033767205099253e-12,2.1591392014419944e-11,6.332523192297495e-11,5.751222544027653e-13,5.937162055348627e-10,1.5570574080063066e-18,1.4269178674164095e-10,2.077290198186257e-12,2.4526279460109415e-12,4.436106015959226e-05,1.2963598277268185e-12,2.6545836959989855e-14,1.0504267964685601e-13,4.073787594234322e-07,1.558648400885674e-06,8.69252780095521e-13,8.473979395192546e-17,1.1760023133520437e-07,4.807370343869375e-16,6.349898471997153e-11,2.681006457256924e-14,2.7591484941914102e-15,8.255118338922658e-12,2.7690228366358556e-13,1.7306988234166878e-17,6.740513921637004e-11,2.55853281854291e-11,5.8496380943331184e-05,1.530353234020616e-11,6.292460533067472e-12,5.860419402132208e-15,1.667531115052223e-12,5.964431963041094e-10,8.470345809152612e-11,3.7241550788335834e-15,1.083921788154807e-12,1.1962111540496558e-11,1.5535963137889262e-13,1.5726922776256076e-10,4.075133949072463e-18,2.0282895447741112e-09,1.411087597592512e-11,8.307796962549568e-07,4.693714019873703e-06,2.527404218285017e-14,7.578904587887485e-07,1.4973879289757902e-15,4.349612620950855e-13,6.909171179758251e-13,2.984865745761401e-11,3.10970067475052e-16,6.458968944816058e-07,2.1905310546865107e-09,3.5403264603522715e-10,1.0030835986856057e-16,2.0151207605764725e-16,1.8400478390198033e-26,2.1655356919571174e-10,6.087090797788433e-15,1.0625695036729298e-13
53.266331658291456,2.1551631398008615e-11,2.2812821421305858e-14,7.730636710696534e-13,1.7557520860661347e-08,1.768653202194871e-12,1.4183804989007654e-22,2.0829058637690673e-14,3.203587114843641e-14,3.921004271304399e-16,5.990216768673824e-11,6.2360368983465185e-06,9.77628706296015e-09,8.014699711630666e-07,2.913671866199006e-12,1.919678267185383e-12,8.795164502062654e-18,4.717399333041981e-05,8.020275442866653e-13,1.00309604054132e-09,1.1745075236783628e-11,1.4249672003072276e-07,7.613423281833209e-05,5.693281952553136e-09,1.0181362094624281e-11,7.882203309105825e-13,5.4912214753019794e-14,0.00010316123102031037,5.233248104911829e-13,3.73226543593725e-18,7.245767805580971e-11,1.1531777998953774e-08,6.050222993441634e-16,1.5030780547066227e-10,6.262192532934131e-09,1.1017024945932852e-13,7.234813224272762e-16,1.742601838216042e-05,3.281701188036831e-16,0.001083319859418744,0.00019859359414687488,6.985197028412465e-11,3.959633445990358e-10,1.4736822259798725e-09,1.4246378176670606e-10,5.1362987074702596e-08,6.886084495615207e-09,1.2438477675213938e-09,6.881278029414612e-14,1.7899549991701454e-18,7.986074228317073e-08,5.720781923736198e-06,1.1355882202041928e-15,3.6112976127710466e-08,2.007701928219838e-17,1.1805732819869443e-10,2.6747808755180024e-09,2.612135086952571e-09,3.575226887574223e-15,6.859281326792911e-10,1.0739752120691386e-08,2.6436296817468376e-13,8.285119841796646e-11,4.3989102665912315e-14,0.00016407495071888516,1.7733318184037923e-10,3.301553666206044e-18,1.0398557692200183e-10,1.544892222024814e-10,1.3741877097016688e-09,1.5279649756231306e-13,1.0626097443263617e-07,2.2093033830490787e-12,1.1663165557143193e-07,1.7961667899257163e-10,1.0263154353298459e-13,8.66630005509068e-15,9.966761835839499e-09,2.958088083866372e-08,3.642506849314599e-11,8.85914228938432e-08,2.5477538927064987e-08,1.2796748639334874e-20,2.140673174062885e-11,3.967574989093993e-05,2.1692829196854864e-12,1.827148293361828e-08,3.4738324670841545e-08,6.303501701126045e-09,2.3824120102938077e-13,2.4685177371742765e-09,1.068881102241418e-10,1.1786659972089563e-15,8.079163389161149e-10,2.0839655667041828e-07,2.2212501182582642e-08,1.9140855874017167e-14,6.070970756052604e-11,7.430127124764801e-18,1.7989317476016673e-16,3.1389093774062154e-10,1.351638339088285e-12,3.776305599668802e-15,2.091437400934484e-07,3.3875473021645016e-18,5.873621668265223e-13,2.6521702747224713e-14,1.3846199250207722e-12,2.928831467349663e-07,1.1002618657676333e-10,2.069251555029586e-09,1.656212928488063e-10,2.65718077647414e-08,1.7396050510008922e-12,2.500711810913486e-07,1.5928695644268124e-07,6.452273856549852e-18,1.20542654381503e-10,9.696396566290721e-12,5.817094832050778e-15,7.24100466674531e-11,6.209541447086365e-19,1.7424862265376448e-10,1.875147845781539e-11,8.614528253462981e-10,1.1325481173986862e-09,5.798354350015776e-18,7.271824015571596e-09,5.00119155963318e-07,1.0549475091561606e-12,1.0154781556894554e-07,3.8770365742718916e-10,4.513850111791722e-12,2.494728793153044e-07,8.837026157591336e-11,3.035508948973395e-08,1.0105409670848493e-09,2.6192136444060658e-15,6.753556049479847e-12,1.0521210270887366e-16,1.0067073460286956e-06,1.1794828986980592e-11,3.367333742749902e-11,1.2463322867685025e-10,1.1047496865421478e-12,1.0423004958030158e-09,3.7501471362407526e-18,2.7108504438738316e-10,3.4746980965358373e-12,4.862560350825168e-12,4.8647139708775314e-05,2.133121738283264e-12,4.5522854710127666e-14,1.6763965288199417e-13,6.667234897572383e-07,2.045259135946733e-06,1.3325674177964952e-12,1.9451200309803645e-16,1.4943729092728795e-07,1.0349798716312341e-15,8.83907941719047e-11,6.052505687593111e-14,5.012745169843577e-15,1.3239881322796217e-11,4.98316536647498e-13,3.382218763522794e-17,8.350877700001409e-11,4.506312137680761e-11,7.247256975568719e-05,2.4989913319823255e-11,1.1501687513972884e-11,1.0564071093900862e-14,3.220592214654469e-12,9.51776944686102e-10,9.97346070166433e-11,7.897473723243847e-15,1.865620087728051e-12,2.0910964316893483e-11,2.7594765242216856e-13,2.3270689998944806e-10,9.793998983446118e-18,3.6156112916081403e-09,2.367508242773418e-11,1.1245049560818475e-06,6.132587575164904e-06,4.264407249063741e-14,1.1333967992833293e-06,3.4237829415249818e-15,7.869706213944408e-13,1.042025992573382e-12,6.583404056740643e-11,6.467995078032897e-16,1.0416893705349001e-06,3.2310294581161543e-09,5.488029049893413e-10,2.3440621934301853e-16,3.076781765739288e-16,6.865470344851824e-26,3.294947382779996e-10,1.3019421500696653e-14,1.9181671595979964e-13
53.517587939698494,3.869522507769708e-11,4.876628178844913e-14,1.3459732455248342e-12,2.3030130592613403e-08,2.835927913969531e-12,3.9588390924764613e-22,3.660099719834759e-14,7.276556099657132e-14,7.145106571210102e-16,1.0528147270214525e-10,9.612902787827397e-06,1.5248256389330552e-08,9.426341534359519e-07,5.241135275090087e-12,3.314069124854075e-12,2.0730229037560056e-17,6.141889702181029e-05,1.4452999759577638e-12,1.5426042964822481e-09,1.9136121415462905e-11,2.007006604564958e-07,9.68720618133728e-05,8.687083668189898e-09,1.6011217532400112e-11,1.2666930407579727e-12,1.1259458898172048e-13,0.00012653265433185134,9.696970376243371e-13,8.330199885257105e-18,1.2791593536262036e-10,1.5519213558136432e-08,1.2626986978153827e-15,2.107084559156254e-10,8.593117595559184e-09,1.8568420917250766e-13,1.5530282460307413e-15,2.4525569718149356e-05,8.413777314692301e-16,0.00126672987147022,0.00023976579500434677,1.3007892046644423e-10,6.18345747270646e-10,2.6000967846337614e-09,2.9252354926398543e-10,7.846234928633368e-08,8.333167749174054e-09,2.164847931431156e-09,1.4282123708543398e-13,4.378832797366732e-18,1.2384796586257038e-07,7.921607006125823e-06,2.360702255631017e-15,5.067000033475979e-08,5.2809798815485976e-17,2.0448560653975695e-10,4.009958956609359e-09,3.7672884875070474e-09,7.50356010342964e-15,1.1395539987032681e-09,1.4443339469538035e-08,4.712405228342378e-13,1.2595234048201148e-10,1.0215928734463395e-13,0.00022235191249276768,2.773887386397894e-10,8.52872424738531e-18,1.6207367649816734e-10,2.668115405250457e-10,2.2899291835311036e-09,2.8890410978746213e-13,1.3162256441206707e-07,3.2133247252360577e-12,1.765721412979822e-07,2.609896366753389e-10,1.9680172025108604e-13,1.7396653972225583e-14,1.532237762689185e-08,3.902199553633653e-08,5.6885122921638375e-11,1.1850519208364569e-07,3.884820716236452e-08,3.905348064548411e-20,3.73173690876013e-11,4.9515864213826765e-05,4.636054621064626e-12,2.542073781501882e-08,4.874147062055457e-08,8.119343908608267e-09,3.6950258761846406e-13,4.304948363817863e-09,1.764067246782291e-10,2.959119147890346e-15,1.6338465663270225e-09,3.605241874789724e-07,3.473565630950919e-08,4.1706633543243244e-14,1.0140006230628054e-10,1.661738238794815e-17,3.444822065797189e-16,5.479842325052495e-10,2.20456421936948e-12,6.359527330614484e-15,2.7977976269117885e-07,8.138998497158902e-18,1.2142524903954086e-12,5.979231429233167e-14,2.232088653289442e-12,3.999610294137538e-07,1.8753263826382614e-10,3.4113268658413552e-09,2.83036855206775e-10,4.004315015908042e-08,3.854822360950167e-12,3.7302726594624706e-07,2.1758836636441267e-07,1.9524878584287223e-17,1.74264433885318e-10,1.9169876708511414e-11,1.3597389217623762e-14,1.0211340086557363e-10,1.2322966420923753e-18,3.1547971541728874e-10,2.7714036669348665e-11,1.260742136921821e-09,2.0951749186647157e-09,1.310296829391755e-17,1.1666045875100371e-08,6.847839378045606e-07,1.6720265145819695e-12,1.7645572255721064e-07,5.117055899278127e-10,7.962903435255554e-12,3.6420149244595073e-07,1.5705496249913396e-10,4.717411952910497e-08,1.4426929622416339e-09,5.102724092462028e-15,1.0000228004507532e-11,2.2295757671192566e-16,1.3506290605875317e-06,1.9860630688278733e-11,5.3356169339187616e-11,2.430800951488885e-10,2.1101220945520547e-12,1.8240572277418787e-09,9.044785610057411e-18,5.15429810831789e-10,5.799443532174204e-12,9.533119508544381e-12,5.340617078986921e-05,3.5196875085339053e-12,7.812874385050792e-14,2.707498963197754e-13,1.0802483845661524e-06,2.6718747184160793e-06,2.0472235858907354e-12,4.441150134170263e-16,1.900858543430184e-07,2.2317626313659313e-15,1.2340968915045716e-10,1.3588349774873804e-13,9.080750500315405e-15,2.1203241369738103e-11,9.107818903808869e-13,6.534363890836499e-17,1.034648562787047e-10,7.847887382713126e-11,8.973989389590996e-05,4.085538667978171e-11,2.096516695721345e-11,1.9195335703422934e-14,6.150975268973276e-12,1.5079479242570217e-09,1.1905523838861597e-10,1.6703369502376115e-14,3.209290576637019e-12,3.653040867627076e-11,4.916211179239703e-13,3.472699166064106e-10,2.3262880449073597e-17,6.417304987866121e-09,3.94233169076226e-11,1.5159092520505086e-06,7.982925196024618e-06,7.118575231938843e-14,1.677396632392233e-06,7.766663159107264e-15,1.4300136228911363e-12,1.587924883507344e-12,1.445688846645825e-10,1.3343783445944266e-15,1.666549587751306e-06,4.761702360656243e-09,8.54905183276611e-10,5.476794588139603e-16,4.778827652659469e-16,2.540826185241431e-25,5.023221747492112e-10,2.779266276750942e-14,3.4433726317942665e-13
53.768844221105525,6.87308095304824e-11,1.0293434621062273e-13,2.33614061240805e-12,3.003347456655942e-08,4.526155630120269e-12,1.1038062793759391e-21,6.426714818411329e-14,1.6405072217376092e-13,1.2942524870394183e-15,1.8521428285936882e-10,1.4615289764275022e-05,2.3866011066351122e-08,1.1017585266029738e-06,9.38376173452958e-12,5.732799617824061e-12,4.947437711396425e-17,7.927319363978408e-05,2.577550248050596e-12,2.366245346147957e-09,3.113322072578993e-11,2.826721245395797e-07,0.00012319489994544548,1.31897408900041e-08,2.5207329020919655e-11,2.0423039521311385e-12,2.304615959000672e-13,0.00015431544837007095,1.793671604996317e-12,1.844475769923763e-17,2.2609460405488055e-10,2.0732927052043264e-08,2.6250134617156902e-15,2.961625535474229e-10,1.1825664133598822e-08,3.100735151805976e-13,3.3345195390785656e-15,3.4297780846930904e-05,2.1312392017612886e-15,0.0014751909478356565,0.0002896170230690002,2.4092786404779845e-10,9.717930533160982e-10,4.59448805151523e-09,5.936760104450488e-10,1.1930040068481985e-07,1.0080694745748749e-08,3.735565386318576e-09,2.9762694868346044e-13,1.076705195583203e-17,1.9105223148905824e-07,1.092778702271091e-05,4.908168629396046e-15,7.091658932135566e-08,1.376303007076939e-16,3.496801206512465e-10,5.9901160366918575e-09,5.451376940857554e-09,1.580001910080844e-14,1.8810036075546376e-09,1.9493540566280483e-08,8.375385423935922e-13,1.9280110806393953e-10,2.3447580411248253e-13,0.0003001027888518339,4.339392334348215e-10,2.1947300301681617e-17,2.5441648463962304e-10,4.5869884856699507e-10,3.799544124222935e-09,5.382155858749386e-13,1.6389331993453594e-07,4.733942128600717e-12,2.6694911385361847e-07,3.7899083997627054e-10,3.77719579965859e-13,3.4944530601855015e-14,2.3531861874404612e-08,5.141556327518693e-08,8.975634040735788e-11,1.5883950811998928e-07,5.9253395273645506e-08,1.1883821939217885e-19,6.455069516333903e-11,6.140662011990069e-05,9.855132661126024e-12,3.535587015696397e-08,6.805061779205604e-08,1.0440993368451864e-08,5.781487936447194e-13,7.492522082295113e-09,2.8821692185208696e-10,7.379904966942663e-15,3.2998445717900382e-09,6.143861066417605e-07,5.410446053250955e-08,9.004534174547952e-14,1.6769886268671118e-10,3.7013214496871507e-17,6.617354331550395e-16,9.50064027840099e-10,3.592335543446419e-12,1.0769184815028123e-14,3.7592316307732927e-07,1.9697617638846855e-17,2.4881840903698114e-12,1.3492384398311803e-13,3.5762498498741823e-12,5.450462091632598e-07,3.2002237388876973e-10,5.564498059352722e-09,4.806736886184246e-10,6.019276514932641e-08,8.461223252755076e-12,5.562587733345491e-07,3.0014755444369266e-07,5.833846849245259e-17,2.51417452705509e-10,3.744201543250234e-11,3.142626880758916e-14,1.4606219294196897e-10,2.448538731519886e-18,5.69864011272393e-10,4.1065934646025647e-11,1.840337435482918e-09,3.844689312649517e-09,2.9822433515491217e-17,1.864484815324611e-08,9.326588873108794e-07,2.6454033926205545e-12,3.036841380404545e-07,6.89045480502043e-10,1.409474678432751e-11,5.285490602134872e-07,2.778411033707337e-10,7.281124114188087e-08,2.0711033958748253e-09,9.902257065262915e-15,1.4865374586484294e-11,4.70589050393446e-16,1.7888408788447332e-06,3.3513150672153865e-11,8.584448890334323e-11,4.697484455262036e-10,4.005728383348647e-12,3.1814174705532875e-09,2.184219352246973e-17,9.794335971695775e-10,9.657354022138082e-12,1.8491983022122997e-11,5.872376599720054e-05,5.819240550257879e-12,1.3426387092647694e-13,4.4241709095403677e-13,1.7331338639045282e-06,3.4731517224872854e-06,3.152343253973492e-12,1.0091251414571249e-15,2.4212328920310354e-07,4.814476377349153e-15,1.72900216910766e-10,3.032298305058576e-13,1.6409274756354296e-14,3.393194190148541e-11,1.688465626695354e-12,1.2484481037929682e-16,1.2823979159534466e-10,1.3513846258842952e-10,0.00011107115962332608,6.681580973107287e-11,3.809037360317554e-11,3.5128656696982604e-14,1.1620893594514566e-11,2.3705761036949954e-09,1.440813355571177e-10,3.523285218941696e-14,5.5206430962191605e-12,6.372075082888271e-11,8.788867536427838e-13,5.228830330347125e-10,5.4593465718219565e-17,1.1338892021519312e-08,6.514943017035832e-11,2.035509265898499e-06,1.03477788917268e-05,1.175620568969945e-13,2.4570632606777478e-06,1.7486690536239648e-14,2.6117225957752497e-12,2.443528294813396e-12,3.1577116941786014e-10,2.7305546549654713e-15,2.6444760479338897e-06,7.0167908817761296e-09,1.3384172515527007e-09,1.2789697061064267e-15,7.54790746077527e-16,9.325313371866907e-25,7.672886938319661e-10,5.919620158535886e-14,6.145493726556588e-13
54.02010050251256,1.208111000560993e-10,2.1453730046794895e-13,4.040342614227157e-12,3.892415606244607e-08,7.1896908259010015e-12,3.0760341186542577e-21,1.1283820423849024e-13,3.670528890792118e-13,2.3318755160370306e-15,3.261467841342659e-10,2.1916668317880334e-05,3.74357238565448e-08,1.2811231157253948e-06,1.6719786679481405e-11,9.934468757274365e-12,1.194949277749962e-16,0.00010144413201172116,4.551159440626604e-12,3.6191328467151307e-09,5.062829627855404e-11,3.982191573815882e-07,0.00015651006577373675,1.99218419843763e-08,3.973901367353061e-11,3.3039835498694657e-12,4.7065076439288e-13,0.00018715480743752223,3.31052381026348e-12,4.051022921534977e-17,4.0002535430593426e-10,2.750774557887026e-08,5.435679017740244e-15,4.173451872882739e-10,1.6328504603839194e-08,5.131083019165148e-13,7.157688405351775e-15,4.7649681118396504e-05,5.33211707472726e-15,0.001712171877143688,0.0003500378009095628,4.436667559418425e-10,1.5362443549633085e-09,8.12422454891709e-09,1.1903303711412025e-09,1.8056319525076463e-07,1.2191886666316808e-08,6.390270131520674e-09,6.216747341174405e-13,2.6593377022807235e-17,2.932346683257797e-07,1.5010820675845788e-05,1.0205057128110623e-14,9.89697394026503e-08,3.5521030018004276e-16,5.903142911410641e-10,8.91644881763548e-09,7.91026223738768e-09,3.335379131279191e-14,3.08503292591309e-09,2.6424395587022885e-08,1.4841553621531588e-12,2.971123699563252e-10,5.316400864110032e-13,0.0004032806978913056,6.787144156892828e-10,5.625511466727778e-17,4.0198640142190896e-10,7.855664404615917e-10,6.276429405522161e-09,9.882480471849219e-13,2.0509170412386703e-07,7.0612303017124e-12,4.027815799447017e-07,5.496539727135858e-10,7.257892877861507e-13,7.024680677257291e-14,3.608542016784097e-08,6.769053826323155e-08,1.4300252896372123e-10,2.1341332753379905e-07,9.037932156190672e-08,3.6033663614750656e-19,1.1081888587462593e-10,7.57207239571351e-05,2.0841913086732568e-11,4.917735562339777e-08,9.46001602670597e-08,1.3408183875392316e-08,9.132026785613293e-13,1.3006161887027213e-08,4.664987112129703e-10,1.827294307025839e-14,6.646427774536184e-09,1.0314601533894956e-06,8.391209439126221e-08,1.9267436489315925e-13,2.74689245334221e-10,8.203712304885474e-17,1.2754529376030967e-15,1.6349829159528293e-09,5.845061750517343e-12,1.832595302231138e-14,5.072508423401887e-07,4.7974681826856e-17,5.0574607386575994e-12,3.0465916389842007e-13,5.697103398953187e-12,7.416843628864386e-07,5.465622195229842e-10,8.977173793856553e-09,8.107543649335252e-10,9.023221016482134e-08,1.8389119358683553e-11,8.291118729853002e-07,4.181739455356678e-07,1.7199073999282233e-16,3.617981322197625e-10,7.22545340969473e-11,7.183150925910218e-14,2.1194575931537377e-10,4.875374765641298e-18,1.0267324633987464e-09,6.106979042786028e-11,2.6793719806633498e-09,6.996128438265111e-09,6.824607857457276e-17,2.968215307820183e-08,1.2634150738264596e-06,4.180094866491765e-12,5.17658546846385e-07,9.46315054513957e-10,2.502639008316273e-11,7.632165489457891e-07,4.890884341965935e-10,1.1160603858714232e-07,2.9892412096573054e-09,1.913926720328534e-14,2.220232716065179e-11,9.890469179010752e-16,2.340117629018063e-06,5.6566852201835304e-11,1.401366503776585e-10,8.993540810763471e-10,7.55321013962658e-12,5.529158211961818e-09,5.2808653841514155e-17,1.857609456765211e-09,1.6042636279394046e-11,3.5512178796176506e-11,6.470030957986888e-05,9.634010133110115e-12,2.311728828096846e-13,7.310715126989199e-13,2.754139557370591e-06,4.490342953435139e-06,4.8656247799965824e-12,2.2831174218763538e-15,3.0890184939868475e-07,1.0378678214398056e-14,2.4317669129869664e-10,6.722722954690987e-13,2.958859879659663e-14,5.4299609458098255e-11,3.1701010043212167e-12,2.35993254603371e-16,1.5907405295489051e-10,2.3010845032985232e-10,0.00013742113032914882,1.0922474692143009e-10,6.894491491874787e-11,6.468929032261414e-14,2.172621699839929e-11,3.6957100973967864e-09,1.7675158637385496e-10,7.411064934458389e-14,9.501041172219766e-12,1.109110693587859e-10,1.577257360085536e-12,7.944826785635059e-10,1.2656550509215397e-16,1.9942904992593304e-08,1.0684343099835625e-10,2.722838180689497e-06,1.3350505329593345e-05,1.92100421767123e-13,3.5627833583629722e-06,3.9097628425272146e-14,4.796694986010519e-12,3.795004518895569e-12,6.853527891647284e-10,5.5429245296501936e-15,4.1614053169663425e-06,1.0344641971901538e-08,2.1058317581692354e-09,2.9837858744887667e-15,1.2120513664718985e-15,3.3936082593713e-24,1.1742420890138376e-09,1.2575907224667822e-13,1.0902433674591165e-12
54.2713567839196,2.1020752712383255e-10,4.4153433662486817e-13,6.960597693038989e-12,5.0115084356775786e-08,1.136703718651496e-11,8.571756184958473e-21,1.9823160603221418e-13,8.149109513194012e-13,4.1815936691843986e-15,5.747440119702566e-10,3.2417562052529374e-05,5.8776545860457964e-08,1.4837265487118126e-06,2.964105993530114e-11,1.7241677429417146e-11,2.9186035994254426e-16,0.0001287259545808124,7.959771250691891e-12,5.5178966430794334e-09,8.237357958744661e-11,5.612312643947937e-07,0.00019854288514697827,2.992870421045857e-08,6.274867183113192e-11,5.362961187507587e-12,9.58548062484283e-13,0.00022576816945851793,6.0940222870611944e-12,8.825547261747022e-17,7.082687876482779e-10,3.62645956537823e-08,1.1211086750853344e-14,5.895750080569571e-10,2.262916628528903e-08,8.416002699914798e-13,1.535180020419133e-14,6.575629025018637e-05,1.317333598967306e-14,0.001981792085216019,0.0004233209708681402,8.120001601504758e-10,2.4411567147351742e-09,1.4364481597720772e-08,2.3568502858719407e-09,2.720583465501862e-07,1.4745765258880522e-08,1.0836172031360277e-08,1.299449924892239e-12,6.593129081388644e-17,4.478967107010774e-07,2.052227835725026e-05,2.121403703897444e-14,1.3768451026565132e-07,9.074959410975913e-16,9.837752041430408e-10,1.3224808910908078e-08,1.1503485658322343e-08,7.052594319899002e-14,5.027534716478667e-09,3.599972063898802e-08,2.622287853340434e-12,4.60800736124e-10,1.190334500057944e-12,0.0005394226132018574,1.061066708683947e-09,1.436028279267006e-16,6.388031450353905e-10,1.3410283801885055e-09,1.0320593286231221e-08,1.7892605010866193e-12,2.5786754606053994e-07,1.0657555115304401e-11,6.061888878841002e-07,7.956497107751193e-10,1.3964473444398523e-12,1.4132844215230294e-13,5.521793224388955e-08,8.908591110788049e-08,2.2990739333827574e-10,2.8752014974046777e-07,1.3781250230695713e-07,1.0879042573693272e-18,1.8883828738814312e-10,9.290311623360122e-05,4.3854818449120174e-11,6.842757642751122e-08,1.310287573733239e-07,1.7202370065701457e-08,1.4566819894055034e-12,2.2502893880646095e-08,7.486250614735735e-10,4.489458708757815e-14,1.3330018757024768e-08,1.706130683045907e-06,1.2953369270405675e-07,4.086539241662062e-13,4.4575812491255066e-10,1.808047716163549e-16,2.4669112126342585e-15,2.7917964985021355e-09,9.491923486285344e-12,3.1319043222317873e-14,6.871736492926822e-07,1.1746471504702726e-16,1.0203165313173904e-11,6.880810564341316e-13,9.027941501483394e-12,1.0083879993913582e-06,9.338051913052775e-10,1.4318715723298173e-08,1.3575056158108144e-09,1.3485481953464418e-07,3.9553895306988337e-11,1.2350171787010336e-06,5.88407382251848e-07,4.999946518034245e-16,5.190641838178182e-10,1.3777974945655067e-10,1.6241959430958834e-13,3.1195869486547293e-10,9.735747082401202e-18,1.8446227196638037e-09,9.123507611737711e-11,3.89067914420616e-09,1.2621231664679565e-08,1.5677120981212894e-16,4.7065591866328535e-08,1.7020784414564144e-06,6.5997150373697554e-12,8.739831405728591e-07,1.32468711458512e-09,4.456442756869221e-11,1.097597162079734e-06,8.563942766621182e-10,1.6987781958624422e-07,4.336070864630725e-09,3.684021212723065e-14,3.3342838677844244e-11,2.0693989701370877e-15,3.025476817416597e-06,9.53520817972264e-11,2.3191418027368528e-10,1.705691338013322e-09,1.4137434595013388e-11,9.573752594848188e-09,1.278214745328624e-16,3.512295711731782e-09,2.6581174861525006e-11,6.756129197699884e-11,7.145296039672563e-05,1.5961412352115477e-11,3.9905630961444365e-13,1.220841655114035e-12,4.3361855097012585e-06,5.772055527751717e-06,7.528575874123277e-12,5.146284681509068e-15,3.9477463251798797e-07,2.2333408723559018e-14,3.434631706577449e-10,1.4801140623816511e-12,5.325276785521979e-14,8.693979305830975e-11,6.0174744747154135e-12,4.4160661129209225e-16,1.9757275752057982e-10,3.8751166961292836e-10,0.00016996756481031558,1.7834903988068602e-10,1.2426591293085482e-10,1.197548334439763e-13,4.021229264473478e-11,5.7111059635078715e-09,2.1974467582901812e-10,1.554358790053037e-13,1.636526374644552e-11,1.9254554961676378e-10,2.8423736133803086e-12,1.217994577582621e-09,2.898349326553965e-16,3.4912425993901236e-08,1.7388404764482354e-10,3.629013709732084e-06,1.7136968075274708e-05,3.106546450316147e-13,5.114911121326926e-06,8.685961215146695e-14,8.861376869415495e-12,5.945964489498547e-12,1.476624193656715e-09,1.1164551647920567e-14,6.493185089352359e-06,1.5263759954018264e-08,3.329210431146633e-09,6.95012456846488e-15,1.9785858247153167e-15,1.2243049253004004e-23,1.8003128474351444e-09,2.663880473567157e-13,1.9223105537732244e-12
54.52261306532663,3.621407795057486e-10,8.973809379196105e-13,1.1941829377067882e-11,6.40755330849612e-08,1.7889250766032283e-11,2.3894739047902884e-20,3.4864677418753263e-13,1.7949512309926253e-12,7.467784172381096e-15,1.0131608484563796e-09,4.730053170764041e-05,9.226504998058318e-08,1.713498553092508e-06,5.226897856709458e-11,2.996002043993958e-11,7.201290926587054e-16,0.00016200125124013647,1.3795886045333729e-11,8.384659112700328e-09,1.3422172055127112e-10,7.91362639709963e-07,0.00025139892871655923,4.471919784544396e-08,9.926490315794187e-11,8.732533016557578e-12,1.9460317086691425e-12,0.0002709570823922364,1.1183293600768377e-11,1.907561971985255e-16,1.2545264554825997e-09,4.753515265231412e-08,2.3029392205220498e-14,8.3488995527782e-10,3.1484602274290146e-08,1.3686279925064968e-12,3.288089861910688e-14,9.01257510630334e-05,3.213265890952776e-14,0.0022889249836022777,0.0005122307589990483,1.4764767954969403e-09,3.895962881107631e-09,2.5378151014947196e-08,4.606580741035256e-09,4.0811233510344344e-07,1.784221864276733e-08,1.8212960805766322e-08,2.7139668041248134e-12,1.6395810010849818e-16,6.809982711071644e-07,2.7912607901097736e-05,4.407339327382193e-14,1.908946155261006e-07,2.2942113807176007e-15,1.6185793927928304e-09,1.9542244250508633e-08,1.675569317314189e-08,1.49227186918595e-13,8.140989847788843e-09,4.931607889669254e-08,4.619973838078757e-12,7.18979578778811e-10,2.6309049393315746e-12,0.0007179778060156481,1.6576131134235393e-09,3.650041877974874e-16,1.019987240050928e-09,2.282993450674597e-09,1.6890727988699503e-08,3.1960575158168208e-12,3.2571768585016543e-07,1.6263478851651803e-11,9.095577112595952e-07,1.1488196771491785e-09,2.690548793247931e-12,2.8455374869682014e-13,8.425394426941756e-08,1.1726490833105528e-07,3.7272746016041505e-10,3.8852046830618874e-07,2.0998752656935428e-07,3.2677103962058523e-18,3.1938968387746e-10,0.00011348966647424588,9.181360695747481e-11,9.526849413417306e-08,1.8094241056835676e-07,2.206096509284696e-08,2.346837661372187e-12,3.8777895600757484e-08,1.192235273951404e-09,1.0938839720488195e-13,2.657875873316585e-08,2.780773705887423e-06,1.989390611359202e-07,8.591866130701131e-13,7.168723860836956e-10,3.960029554735944e-16,4.787897094067859e-15,4.7288203925055935e-09,1.5377974253090665e-11,5.3722088962446914e-14,9.34253279161214e-07,2.888013135168715e-16,2.0442151282624448e-11,1.5535482665195565e-12,1.4238106100636609e-11,1.3705019142880433e-06,1.5951776361321137e-09,2.2573022401234706e-08,2.255416293393082e-09,2.0088216418472057e-07,8.415951734929503e-11,1.8380849107191578e-06,8.359283232176636e-07,1.4325027532803952e-15,7.421557952236061e-10,2.596445695927067e-10,3.634049071214803e-13,4.655859497595447e-10,1.9512251829234503e-17,3.30360369776772e-09,1.3705122697877545e-10,5.634705919050209e-09,2.256824228784186e-08,3.6095192596080865e-16,7.433125883614725e-08,2.2801966360937546e-06,1.041576382879028e-11,1.4614799735844885e-06,1.888404042905758e-09,7.956406677212358e-11,1.5735824065181059e-06,1.4911133939412392e-09,2.5674624945629587e-07,6.3180766502767196e-09,7.060884123056752e-14,5.037952772170182e-11,4.309472277741617e-15,3.868405598625531e-06,1.6029407120919806e-10,3.8869418386218573e-10,3.20430835581691e-09,2.624767325802098e-11,1.6512906060226706e-08,3.097265397640866e-16,6.613302294731845e-09,4.3922084749095296e-11,1.2741747395842553e-10,7.911798131571464e-05,2.645146026807957e-11,6.911149256674228e-13,2.058583548207555e-12,6.765835086872376e-06,7.3750482961153544e-06,1.1678241799278506e-11,1.1563705962331155e-14,5.053869317405332e-07,4.7922919875044064e-14,4.873032292762638e-10,3.2347751287494353e-12,9.568186637452742e-14,1.3934252232836891e-10,1.1527204647969612e-11,8.185919701829732e-16,2.458289749708702e-10,6.455723458321909e-10,0.00021016006521614337,2.9070234417465743e-10,2.229250493851278e-10,2.2265173386221187e-13,7.371602547759883e-11,8.74529084132049e-09,2.767958864852072e-10,3.2500869209872343e-13,2.8220932043588747e-11,3.3328195299001866e-10,5.144811150519513e-12,1.8832513430447487e-09,6.556190195438173e-16,6.083240564571966e-08,2.8083498318325813e-10,4.820033399836498e-06,2.1877406169499853e-05,4.973558646445106e-13,7.272147672871078e-06,1.9186112649478256e-13,1.6467170473641997e-11,9.394832988359909e-12,3.1550954497334135e-09,2.2319978548452525e-14,1.0044584285660879e-05,2.2546215199999783e-08,5.287029856795582e-09,1.6152173921417497e-14,3.2832256851854457e-15,4.3777552310584505e-23,2.764963649573091e-09,5.624226741167342e-13,3.368406407093686e-12
54.77386934673367,6.178344217880659e-10,1.8012952169223671e-12,2.0399041963188157e-11,8.132850038483188e-08,2.80306183831529e-11,6.665206481487582e-20,6.141833598561299e-13,3.9217806779815005e-12,1.3289257072032188e-14,1.785552956337747e-09,6.809088730987534e-05,1.446548278685042e-07,1.975542131601306e-06,9.164987667813946e-11,5.2106503072418014e-11,1.7926883867214557e-15,0.0002022418208825465,2.3707256291465856e-11,1.269659009132835e-08,2.192249398269252e-10,1.1163834731716566e-06,0.0003176367060394445,6.646185370163282e-08,1.5735659381758214e-10,1.4259602161672594e-11,3.936618376694403e-12,0.00032362250786498333,2.0450035153976804e-11,4.091726618043183e-16,2.2221274489829455e-09,6.199523790454542e-08,4.710973218014135e-14,1.1850931851399833e-09,4.3983197741855295e-08,2.2075929457097813e-12,7.028733820963862e-14,0.00012267601519416768,7.7375116306655e-14,0.0026393057204032204,0.0006200751451434931,2.666324763054947e-09,6.2386703780847005e-09,4.477366387570644e-08,8.885066993807873e-09,6.095665506244219e-07,2.1608857064261772e-08,3.03376239181081e-08,5.655849806436895e-12,4.0865061378110467e-16,1.0309353504085965e-06,3.7752656661079184e-05,9.146488877915819e-14,2.637286984147388e-07,5.73743781336911e-15,2.629368155387409e-09,2.876524694341942e-08,2.4430572558128466e-08,3.156431450246162e-13,1.3098448934816997e-08,6.795115634760961e-08,8.117115540867452e-12,1.128015544866525e-09,5.738530580416417e-12,0.0009506700958378106,2.587064848909654e-09,9.235348938287417e-16,1.6346217820547826e-09,3.877337409463292e-09,2.7509769245802842e-08,5.63594958839216e-12,4.1328288453899865e-07,2.507001446396742e-11,1.3600152500823855e-06,1.6535956293152098e-09,5.190877679896588e-12,5.732553035944517e-13,1.280955315933022e-07,1.5447438382297814e-07,6.088951226442732e-10,5.266773521120632e-07,3.1958295569397047e-07,9.756307256634957e-18,5.361124941195271e-10,0.00013813104389160904,1.9123813246254964e-10,1.3272932296026069e-07,2.49277487000071e-07,2.8296701919147684e-08,3.8182976912574884e-12,6.650647338394497e-08,1.8861818389577327e-09,2.6418633985643745e-13,5.260313727219983e-08,4.466366058845546e-06,3.038309275842256e-07,1.79069393118273e-12,1.14291687901286e-09,8.615408163350284e-16,9.323463652838974e-15,7.944345467307502e-09,2.484757624011384e-11,9.24399100701403e-14,1.2741318787763493e-06,7.121316823743824e-16,4.0690936050687594e-11,3.504140374518788e-12,2.2360571715961446e-11,1.862769693252684e-06,2.723090531514605e-09,3.5164582028789575e-08,3.717118480397029e-09,2.981719267774161e-07,1.770427289596436e-10,2.7326749119249535e-06,1.198393326539336e-06,4.0428338414427386e-15,1.0572082676267622e-09,4.836309176494453e-10,8.048261092326291e-13,7.041616649796682e-10,3.92729159980431e-17,5.895914308072268e-09,2.071743911926428e-10,8.139008012648258e-09,3.999099659187198e-08,8.318013384676649e-16,1.169230686743307e-07,3.0371571028903133e-06,1.643772851288988e-11,2.420425397482809e-06,2.7383729237337685e-09,1.4238479367979153e-10,2.251103961953907e-06,2.5808413520229897e-09,3.8525097254560004e-07,9.241651359044712e-09,1.3472791674582762e-13,7.662079144856381e-11,8.930168164118383e-15,4.8952540604699205e-06,2.6842671709000553e-10,6.590422662797828e-10,5.962048658328007e-09,4.830327858522804e-11,2.836722119104083e-08,7.512932384665724e-16,1.2388445374338183e-08,7.236502906213317e-11,2.383656246391265e-10,8.785342738358395e-05,4.38308861803648e-11,1.201637687840374e-12,3.501655759268287e-12,1.0465108312330478e-05,9.36510924463575e-06,1.8161177346575293e-11,2.5917283742654616e-14,6.480543074026325e-07,1.0244579402998914e-13,6.946837075801881e-10,7.0149937105606204e-12,1.716519251666569e-13,2.2364381703211939e-10,2.2242741982532038e-11,1.5042615199291712e-15,3.065919862003289e-10,1.0642893502391551e-09,0.0002597775739467051,4.72707567629066e-10,3.9784990960731104e-10,4.153616714067559e-13,1.3390775240557953e-10,1.3266955098456889e-08,3.5316217205524846e-10,6.77380862084026e-13,4.872992818272064e-11,5.7504972045319e-10,9.35434402613312e-12,2.9348784661980505e-09,1.4650916322500447e-15,1.0549981319807257e-07,4.501278582693407e-10,6.381006587322308e-06,2.776775776994599e-05,7.88668455709493e-13,1.0241891765062828e-05,4.2164371110159517e-13,3.07763921797e-11,1.4965193104091017e-11,6.67913702255575e-09,4.430599492991675e-14,1.540289004035207e-05,3.33415090056809e-08,8.43036934676143e-09,3.742307115829337e-14,5.537743569959024e-15,1.5510650995066198e-22,4.253367105825194e-09,1.1831058291634375e-12,5.8657962678335234e-12
55.0251256281407,1.0439691483832329e-09,3.5714715884310443e-12,3.4690538455085795e-11,1.0244520042422355e-07,4.374079521474092e-11,1.860668378288287e-19,1.0840842201723772e-12,8.498191989099877e-12,2.357711447652233e-14,3.1437725643172215e-09,9.672146270300011e-05,2.262990989468728e-07,2.2764141336855222e-06,1.5972875247513935e-10,9.067321874257709e-11,4.495896099402446e-15,0.0002505097590001314,4.041194049260674e-11,1.9157937580733754e-08,3.592085855490381e-10,1.575444578156603e-06,0.0004003523393274824,9.826162673091883e-08,2.500029199135626e-10,2.3341001963310634e-11,7.931599599994503e-12,0.00038478348038779544,3.72452848261429e-11,8.713732306652117e-16,3.934437672623993e-09,8.05101806995521e-08,9.595442553247535e-14,1.6862489295754897e-09,6.169190120342305e-08,3.5336605255484183e-12,1.4987207233281305e-13,0.00016582399674760714,1.8392063711497363e-13,0.0030396425462379316,0.0007507782916617333,4.780386137612492e-09,1.0012783779524711e-08,7.883842067183995e-08,1.690625681924167e-08,9.066164834355692e-07,2.6210321762430417e-08,5.007508514158004e-08,1.1746242998212005e-11,1.0199405334212332e-15,1.5543501921973003e-06,5.075779809072152e-05,1.8949218514248124e-13,3.6302716002811436e-07,1.4190142837560068e-14,4.2182205169697915e-09,4.216707627059354e-08,3.5636834862940686e-08,6.667105375653906e-13,2.0939615936841472e-08,9.417598207423531e-08,1.4223954935593781e-11,1.7784794418549526e-09,1.2349552943856344e-11,0.0012518844067150885,4.032986663151763e-09,2.325339727289263e-15,2.6261222013143858e-09,6.570689244986581e-09,4.458271173605615e-08,9.818578478196548e-12,5.267594036166724e-07,3.89991188708223e-11,2.025691358739412e-06,2.3715980207567208e-09,1.0026644868867646e-11,1.155126834276305e-12,1.9390421374017526e-07,2.0376736161500806e-07,1.0015617792695644e-09,7.163346287665532e-07,4.855612833748887e-07,2.892826360998607e-17,8.929234000834925e-10,0.00016762286381943225,3.962346711233086e-10,1.850508434365759e-07,3.428011163273684e-07,3.632388806426181e-08,6.271687750055538e-12,1.1343577328730114e-07,2.9675814555881e-09,6.321026816363979e-13,1.0317829739944567e-07,7.0699258007051704e-06,4.6121361404941433e-07,3.699422855760644e-12,1.8070217929253149e-09,1.861216218388565e-15,1.8211140490788754e-14,1.3236705913534276e-08,4.003153715239316e-11,1.5947973167396893e-13,1.7421465393660963e-06,1.7589416789826799e-15,8.049810597035099e-11,7.890125230375706e-12,3.498898885552797e-11,2.5328605217747562e-06,4.642718545271705e-09,5.4125891090187296e-08,6.075589622514161e-09,4.4088225567776637e-07,3.6803228195937285e-10,4.0572124690679415e-06,1.7323959071701204e-06,1.1234574780735966e-14,1.5001217602724333e-09,8.90559855455519e-10,1.7647989048960902e-12,1.0783421702127039e-09,7.942212995021345e-17,1.0481797785916905e-08,3.1535872988120426e-10,1.172552301571688e-08,7.021385357132861e-08,1.916125862113782e-15,1.8318847492402532e-07,4.02164335436785e-06,2.5948056874371635e-11,3.9697643185435555e-06,4.0339731540437085e-09,2.55324896322981e-10,3.2162118299923116e-06,4.439138272224449e-09,5.738604472504149e-07,1.3560502052265137e-08,2.5587364902754043e-13,1.173250711124304e-10,1.8410114825135357e-14,6.135865292866517e-06,4.4736396483555993e-10,1.1290734104688363e-09,1.0986248346092578e-08,8.804751992127934e-11,4.852805613421661e-08,1.8241395937541316e-15,2.3067978435500254e-08,1.1886072130262156e-10,4.4258090878652724e-10,9.784221597922531e-05,7.260171435339895e-11,2.098755207982765e-12,6.0023961017772635e-12,1.6050128586537326e-05,1.1818081825377108e-05,2.8314861152530992e-11,5.797053428439208e-14,8.322563729370757e-07,2.1798675952482222e-13,9.952470356356525e-10,1.5090110945409032e-11,3.0749683611120595e-13,3.595497196632696e-10,4.315132498412644e-11,2.7426134468778968e-15,3.834976343518173e-10,1.7370511308277017e-09,0.00032099518773839457,7.66397164836982e-10,7.06046832418408e-10,7.768071484638319e-13,2.4116429067241197e-10,1.993810136084426e-08,4.563106999806194e-10,1.4069292245614688e-12,8.426136242603946e-11,9.888554585179327e-10,1.7084115189562546e-11,4.605982052929262e-09,3.2350353386199323e-15,1.821082531206149e-07,7.160368396748339e-10,8.421591931486645e-06,3.503021276386427e-05,1.2393690738930573e-12,1.4292990977109313e-05,9.225276226468308e-13,5.7827964284115366e-11,2.4026493508842055e-11,1.3995272132415079e-08,8.736450149931178e-14,2.3410401812602804e-05,4.9360067680888035e-08,1.3489839942133683e-08,8.636670366321731e-14,9.493058708391351e-15,5.443562707379684e-22,6.552703616130685e-09,2.47877149866644e-12,1.0152399964195138e-11
55.27638190954774,1.7472738812180839e-09,6.995787267494347e-12,5.872853490834225e-11,1.2803689317994226e-07,6.799776253985784e-11,5.198360137449216e-19,1.9176898656357213e-12,1.826014684171002e-11,4.172115058116616e-14,5.5255070238110525e-09,0.00013559928120410587,3.5295709503398545e-07,2.6244586577106135e-06,2.765690829228017e-10,1.5781386982375567e-10,1.1340353113901239e-14,0.00030795974642372823,6.836713501440532e-11,2.8804374108798213e-08,5.908860388688454e-10,2.223579121780326e-06,0.00050327781148262,1.4455019562419298e-07,3.9812514732612384e-10,3.8278033847042154e-11,1.5911033097102902e-11,0.0004555985119323008,6.752892098004343e-11,1.8432724125514744e-15,6.960197999646255e-09,1.0419634167666901e-07,1.9456169411703656e-13,2.405357689275044e-09,8.686786271823333e-08,5.616563630374583e-12,3.1860572131080547e-13,0.00022258787468272304,4.3154464752459386e-13,0.0034977310475323834,0.0009089486621956117,8.506035011467163e-09,1.6087948509458585e-08,1.3848135106071287e-07,3.172661481017647e-08,1.3428323787917645e-06,3.186099039923136e-08,8.189150569016771e-08,2.428440089064534e-11,2.5468197384549093e-15,2.334599803752385e-06,6.781440975436993e-05,3.9163888448856835e-13,4.978935138142953e-07,3.4701489623166784e-14,6.684603084219765e-09,6.154365333449128e-08,5.197974511706486e-08,1.404806677317539e-12,3.3258434109593356e-08,1.3125561279222173e-07,2.4862940806552447e-11,2.815910534106046e-09,2.621637440855727e-11,0.0016390621862066453,6.278648154459331e-09,5.8240403944679415e-15,4.224191965573229e-09,1.1111126481781527e-08,7.188468048560518e-08,1.6912647084382325e-11,6.744729875645935e-07,6.116070212281629e-11,3.0044026481523895e-06,3.3878128754159728e-09,1.938506282301504e-11,2.3269393263861796e-12,2.920442251709173e-07,2.69313601364832e-07,1.6575182924585015e-09,9.775764087565924e-07,7.361256584425458e-07,8.510521075147869e-17,1.475355623898002e-09,0.0002029433375258205,8.164762894666782e-10,2.5816277746530875e-07,4.707999315116553e-07,4.669393427025949e-08,1.039477186599533e-11,1.9227241661736345e-07,4.648553906351137e-09,1.4975667645322648e-12,2.0027254223645538e-07,1.1030042322289202e-05,6.955185317298053e-07,7.574982954341312e-12,2.834190861110099e-09,3.991793117477058e-15,3.566656596175625e-14,2.1874215428361496e-08,6.429523262729243e-11,2.7573113823979126e-13,2.3868533151262703e-06,4.346431371614539e-15,1.5829674255725196e-10,1.7720615288723206e-11,5.458254918104746e-11,3.4462090510226285e-06,7.901241620543684e-09,8.231744041046599e-08,9.84754978426536e-09,6.492170982614053e-07,7.556173759799237e-10,6.014021344042783e-06,2.522975186333125e-06,3.072953258910526e-14,2.1200123122891274e-09,1.6214501344110558e-09,3.832459617242207e-12,1.6703609271320281e-09,1.614372175738511e-16,1.855521164258274e-08,4.836141583447988e-10,1.684868196700379e-08,1.2212865443419746e-07,4.407208306260412e-15,2.858753400119078e-07,5.293206406794477e-06,4.098010320544998e-11,6.447080055945078e-06,6.028057380120682e-09,4.5861883044060863e-10,4.5928525813755926e-06,7.585893557717752e-09,8.484801098141552e-07,1.9944682362897643e-08,4.835677688347121e-13,1.808874159847255e-10,3.7750488718813235e-14,7.624514092827244e-06,7.415328957591956e-10,1.952023309688542e-09,2.0047580386957563e-08,1.5886112152366724e-10,8.265642297947733e-08,4.4325307839964176e-15,4.2663576041658524e-08,1.9459942933247096e-10,8.160086099859559e-10,0.00010929559067438957,1.2019169585378662e-10,3.684037481146125e-12,1.0357427487159194e-11,2.4412368932110044e-05,1.4821142979429358e-05,4.425687712036007e-11,1.2946703486721725e-13,1.0702854243513508e-06,4.61328852422536e-13,1.4331674560969646e-09,3.218834142563278e-11,5.500862589073498e-13,5.791181743196149e-10,8.401332064442946e-11,4.965698087292993e-15,4.81384942699641e-10,2.808164377591128e-09,0.00039646065448041204,1.2382054645984422e-09,1.2453985579175991e-09,1.4552516347978823e-12,4.308362918522597e-10,2.968567045468602e-08,5.969458314697902e-10,2.911430198456453e-12,1.459003808769485e-10,1.694413775109312e-09,3.133377727012501e-11,7.272304309733645e-09,7.0602946896721495e-15,3.1286806983524024e-07,1.1305200202835451e-09,1.1082983952182844e-05,4.391277840422827e-05,1.9313763168650964e-12,1.9771426034629126e-05,2.010742858796746e-12,1.0918161790830054e-10,3.8869378043957683e-11,2.8999839453814696e-08,1.7120294072631443e-13,3.526087877150093e-05,7.31442983331782e-08,2.164765384478843e-08,1.9836466775155965e-13,1.6536223399059895e-14,1.8916660087549095e-21,1.0108465597400605e-08,5.170613631888423e-12,1.7467326624327957e-11
55.527638190954775,2.896783139372443e-09,1.3540715232662246e-11,9.89743947179886e-11,1.5874473314283185e-07,1.0534450928193913e-10,1.4532253164489762e-18,3.4000555641496213e-12,3.889878959698223e-11,7.36654243520214e-14,9.686741497350585e-09,0.00018767168003144016,5.484362953797749e-07,3.0302141652501393e-06,4.755383209800131e-10,2.746150833512007e-10,2.871841241483055e-14,0.0003758437424425084,1.1484246585136372e-10,4.3153648323073875e-08,9.763690434980625e-10,3.1378633044490583e-06,0.0006308943079108884,2.1163588795108122e-07,6.355021128157334e-10,6.285517640888615e-11,3.176731101785114e-11,0.0005373885221620817,1.218242746205394e-10,3.875351489602931e-15,1.2296246043652814e-08,1.3450420168715967e-07,3.9262552359684945e-13,3.440324404624752e-09,1.2276186450998174e-07,8.871008144908073e-12,6.749610424765485e-13,0.0002967028763126728,9.995366954259478e-13,0.004022570481938161,0.001099937359134104,1.501618430053655e-08,2.5847268288356104e-08,2.425431351626599e-07,5.8706868367283996e-08,1.9808265584335332e-06,3.8842431035526626e-08,1.326683446549458e-07,4.9929930561915184e-11,6.356168959669947e-15,3.4940644014506614e-06,9.000831512012977e-05,8.068838780543783e-13,6.804268475573661e-07,8.389346649909058e-14,1.0467050553828658e-08,8.94101574445935e-08,7.577735848438701e-08,2.949808684179732e-12,5.247957368926396e-08,1.8387027285205733e-07,4.335649779883123e-11,4.473988926540454e-09,5.4890869200578757e-11,0.0021330831546490943,9.760267374483945e-09,1.4503308896509255e-14,6.794431786994048e-09,1.874710500067659e-08,1.1530536264086763e-07,2.8829537906081807e-11,8.676833171046788e-07,9.659720728754187e-11,4.435575275135759e-06,4.818895401109831e-09,3.7498203441008005e-11,4.682945477490525e-12,4.3737608612225084e-07,3.56832637016622e-07,2.7576268033164383e-09,1.3385602670765878e-06,1.1129687039454095e-06,2.481942267916033e-16,2.4176840402066496e-09,0.0002452997558582799,1.6727309120107683e-09,3.603439270203815e-07,6.460263754618071e-07,6.014337941635727e-08,1.7373807810860676e-11,3.2362839861855397e-07,7.258433361727364e-09,3.511529936981727e-12,3.841568071446398e-07,1.696149137486603e-05,1.0414340235097084e-06,1.537111909035585e-11,4.411068061660361e-09,8.498547260231033e-15,7.000717378650748e-14,3.585543412833019e-08,1.0293610600564156e-10,4.775427294282957e-13,3.2747519705269684e-06,1.0731840264292612e-14,3.094436363731192e-10,3.9663927872659404e-11,8.493844502370309e-11,4.6926463768590255e-06,1.3414939564857067e-08,1.237148355998649e-07,1.5828114157601122e-08,9.518132484389007e-07,1.5314757722101471e-09,8.89761751018974e-06,3.6977502233769576e-06,8.271023293617397e-14,2.9838498711674486e-09,2.9195440811471225e-09,8.243912980385986e-12,2.614113554408516e-09,3.2988414958431043e-16,3.269277122644381e-08,7.47390451739471e-10,2.4148630059972035e-08,2.1042363985577384e-07,1.0110935131792632e-14,4.44371313957423e-07,6.923919866425663e-06,6.47592124104713e-11,1.0366305266157366e-05,9.123107795721835e-09,8.248292521514617e-10,6.560033937777351e-06,1.287600344881262e-08,1.245092000779742e-06,2.9380571465770152e-08,9.091470214265479e-13,2.807574447371928e-10,7.697825527825475e-14,9.401223290646519e-06,1.2219045247112078e-09,3.401217103543465e-09,3.622416240569416e-08,2.8353690667965703e-10,1.4014711350570048e-07,1.0776377274198292e-14,7.831644652734016e-08,3.1752182933822727e-10,1.4946148807502384e-09,0.00012245697635396684,1.9884877796164805e-10,6.501374317800783e-12,1.7971211823887686e-11,3.6829665851350594e-05,1.8474473918406824e-05,6.934636283139786e-11,2.8881152868132817e-13,1.3781023265714734e-06,9.703585243759175e-13,2.07457501259938e-09,6.806362901678703e-11,9.827253764480152e-13,9.34582373706131e-10,1.6386682568314776e-10,8.936782847077847e-15,6.067332903157482e-10,4.499272241052523e-09,0.0004893804482944202,1.992401152174719e-09,2.1825289481412437e-09,2.728912427010183e-12,7.638931242484192e-10,4.37982712731811e-08,7.905516037009476e-10,6.000890356337218e-12,2.529446051958708e-10,2.892570421543787e-09,5.769048080608244e-11,1.1538922171022682e-08,1.523569890600589e-14,5.349630971736784e-07,1.7717379498301272e-09,1.4546883941754898e-05,5.4687686218917335e-05,2.98683538045067e-12,2.7119583609306134e-05,4.368299081883524e-12,2.0699653545358243e-10,6.334611825430042e-11,5.9371541157229796e-08,3.335756216339272e-13,5.262562640721322e-05,1.0846769877215638e-07,3.4813191997849705e-08,4.5300426227074094e-13,2.926052443184442e-14,6.506166406956736e-21,1.5611661099841427e-08,1.0734535573363559e-11,2.98824646088231e-11
55.778894472361806,4.7574075950984404e-09,2.5904086691463958e-11,1.6605515508366314e-10,1.9522884643641833e-07,1.627050270528502e-10,4.063733799333671e-18,6.0419189847473004e-12,8.213713278204464e-11,1.2982307958705108e-13,1.6924253187081124e-08,0.0002564895882799829,8.484169677161529e-07,3.5069222870700457e-06,8.115463431331853e-10,4.775767571226687e-10,7.287955049316876e-14,0.00045551946196293686,1.916357571387361e-10,6.442236550922356e-08,1.621299265577764e-09,4.4257777218266584e-06,0.0007885618492051628,3.084774689721143e-07,1.0167360775705656e-09,1.0328033510792119e-10,6.310421593583472e-11,0.000631659454651437,2.1856816349376916e-10,8.102869073224036e-15,2.1682582020464464e-08,1.7332990929621247e-07,7.883159059281743e-13,4.934925724243289e-09,1.7405174674247807e-07,1.3934524332261937e-11,1.4243845292254539e-12,0.00039275038566344604,2.285494217154263e-12,0.004624481258904093,0.0013298802422887662,2.6291631580553708e-08,4.147499080499329e-08,4.234016266735204e-07,1.0709183181833743e-07,2.9102023781384666e-06,4.752755070438494e-08,2.1288224227818123e-07,1.0200762833661029e-10,1.5838796012732702e-14,5.211970652385575e-06,0.00011865469620970965,1.6558633157574822e-12,9.266993118802051e-07,2.0047878813293918e-13,1.6200715960260354e-08,1.292636974330447e-07,1.1036866817694125e-07,6.166689210578817e-12,8.22620348746509e-08,2.5869720879233155e-07,7.543556497746095e-11,7.127306437531707e-09,1.1334105522721947e-10,0.002758602860359906,1.51481527577321e-08,3.58915237180695e-14,1.0914490807237619e-08,3.155302459764266e-08,1.8397662993547087e-07,4.8677783328633474e-11,1.1217156364008661e-06,1.534958712802169e-10,6.516441017626723e-06,6.8243637739883235e-09,7.253998316169071e-11,9.407474812227803e-12,6.510193118989408e-07,4.741971012502384e-07,4.608399493028341e-09,1.8387888017620218e-06,1.6773243773366e-06,7.168735277885716e-16,3.928495325224998e-09,0.00029618518786330225,3.4061233781785983e-09,5.031327906585817e-07,8.859962730812091e-07,7.765879562808882e-08,2.926308218957702e-11,5.405466979684092e-07,1.1310823319104682e-08,8.145471391532427e-12,7.272713691145643e-07,2.5709373381501838e-05,1.5476062358035002e-06,3.090553468955009e-11,6.814395586489445e-09,1.796084302146385e-14,1.3763728765978064e-13,5.8304601584060895e-08,1.6426676947736012e-10,8.281539286758415e-13,4.496586322375131e-06,2.6446130044568214e-14,6.012920967341785e-10,8.84006826516991e-11,1.3192509366823474e-10,6.395466584311932e-06,2.270985461636706e-08,1.837826642627881e-07,2.523145307212149e-08,1.3889734416390506e-06,3.0627233099259305e-09,1.313479429782128e-05,5.447791797201639e-06,2.1901207684408096e-13,4.18270369026932e-09,5.199700335490378e-09,1.7567856176543666e-11,4.128025893751194e-09,6.776807506892167e-16,5.7304779256573726e-08,1.1641174112275775e-09,3.45255270852406e-08,3.590964305924608e-07,2.3115824501347164e-14,6.880365932845713e-07,9.000082743882531e-06,1.0240162341593226e-10,1.6499534841512705e-05,1.3961226881044625e-08,1.4846695361419697e-09,9.376808363029297e-06,2.17034602874204e-08,1.813181984869236e-06,4.3314841558999665e-08,1.6999050655380185e-12,4.3853763260360765e-10,1.5606502649276986e-13,1.1513521941082854e-05,2.00112341077278e-09,5.964798757923337e-09,6.480695764476067e-08,5.003332746263172e-10,2.3649458251849814e-07,2.6202943304541792e-14,1.4259919602011604e-07,5.162704114755661e-10,2.7204041140184527e-09,0.0001376062059455502,3.2876071682402227e-10,1.1536506826901617e-11,3.132033202315092e-11,5.511560719395888e-05,2.2893506581809503e-05,1.0892077609516792e-10,6.43713161946859e-13,1.7764693991010382e-06,2.027345939063506e-12,3.0188843003270713e-09,1.426330749332462e-10,1.7532693189944945e-12,1.511149275745601e-09,3.196738813809631e-10,1.6002709707175614e-14,7.682689807644679e-10,7.149176449407405e-09,0.0006036146464620408,3.1914059181582988e-09,3.79854459386948e-09,5.1191034343048766e-12,1.344924180595342e-09,6.405746234327091e-08,1.0597235665339403e-09,1.2315964965471179e-11,4.389807241984682e-10,4.918438907608622e-09,1.0656748298737965e-10,1.8378369233543497e-08,3.2523590225092385e-14,9.102740349388302e-07,2.756383065553897e-09,1.9047002333163508e-05,6.764855365772828e-05,4.587603765511891e-12,3.689991033981227e-05,9.46311017973326e-12,3.937678520730662e-10,1.0396592291786717e-10,1.1999479860767683e-07,6.465200877235347e-13,7.781527545677853e-05,1.6092041943999171e-07,5.606185676471565e-08,1.0277242667597877e-12,5.256926533327899e-14,2.2137035177881247e-20,2.4133582494105875e-08,2.2172052296425984e-11,5.0850301272284616e-11
56.030150753768844,7.740031379561013e-09,4.8993933132059403e-11,2.773809389988771e-10,2.3815837252080833e-07,2.506247261946895e-10,1.1361409298927365e-17,1.0759373967813283e-11,1.7188195740300164e-10,2.284213254169697e-13,2.9445742197347945e-08,0.00034626629067186036,1.3059279257351992e-06,4.071174269583093e-06,1.373949039676105e-09,8.296986621481481e-10,1.8498382950434258e-13,0.0005484641230573678,3.1780626371747804e-10,9.583689970979812e-08,2.7062140283599336e-09,6.2364541139004445e-06,0.000982665715331532,4.477706321828947e-07,1.6301513218098773e-09,1.697046216137772e-10,1.2467782387116188e-10,0.0007401221966580662,3.897953369167841e-10,1.685987775976725e-14,3.814199453983238e-08,2.2316402254952218e-07,1.5742652469739887e-12,7.101396913017738e-09,2.4745905338833483e-07,2.1788363070189304e-11,2.9933705034844427e-12,0.0005162995658650816,5.159628908051208e-12,0.0053152220427205715,0.001605716706679215,4.56416861073122e-08,6.639324989848196e-08,7.363979502813298e-07,1.925541268698363e-07,4.258644306153134e-06,5.8414247310441736e-08,3.382890388750954e-07,2.0693141270944553e-10,3.936627369256427e-14,7.75007615645281e-06,0.00015532893339561345,3.3820278088446705e-12,1.2580662012430927e-06,4.735042476672147e-13,2.4796357670359504e-08,1.859314111765642e-07,1.605523255064393e-07,1.2823419082213517e-11,1.2808247252000362e-07,3.652020435765272e-07,1.3096631062959642e-10,1.1374910911300825e-08,2.3078363777346374e-10,0.003544307088681482,2.3470036355990364e-08,8.821858300495084e-14,1.7489577036210454e-08,5.2957744482088995e-08,2.919686879212795e-07,8.149086757301224e-11,1.4575562266593824e-06,2.4515966212900867e-10,9.523790520660766e-06,9.621756702358358e-09,1.402563068046273e-10,1.8846766657143025e-11,9.62745422270286e-07,6.322729127269091e-07,7.729161326040201e-09,2.533681095939599e-06,2.518511045466016e-06,2.0489712863493142e-15,6.328469639582612e-09,0.00035744673482069754,6.891202824768955e-09,7.025807620506828e-07,1.2147639929890895e-06,1.0056455619749811e-07,4.96320195733548e-11,8.953392503580216e-07,1.761071641078744e-08,1.868322964578798e-11,1.357331465008404e-06,3.841230242981763e-05,2.2813936371438228e-06,6.156004222379383e-11,1.0451681347620547e-08,3.7683771281378663e-14,2.7087372849298503e-13,9.406766879338439e-08,2.612934596762914e-10,1.4375399907402368e-12,6.175698897999751e-06,6.496884347525347e-14,1.161199110066289e-09,1.9600999708077915e-10,2.0462139934735054e-10,8.723791764316819e-06,3.831235322399214e-08,2.6996227859840487e-07,3.989916207167251e-08,2.0170009394143423e-06,6.041000424992819e-09,1.9340976864412174e-05,8.058210130847721e-06,5.704388852646617e-13,5.840177776778604e-09,9.16168316686027e-09,3.709021950743906e-11,6.568713151144783e-09,1.3993747462213593e-15,9.987817162849126e-08,1.8273127270810512e-09,4.9243289767547954e-08,6.069229372765207e-07,5.262172949438839e-14,1.0611359366596625e-06,1.1623937275378827e-05,1.6201960736474657e-10,2.5990737762966214e-05,2.1568065994235805e-08,2.6731548088263756e-09,1.3418566745473203e-05,3.632195668512766e-08,2.6201366477287666e-06,6.386051776489488e-08,3.1599961662477656e-12,6.889812805850034e-10,3.145216738417261e-13,1.4018707066356864e-05,3.2569634480551625e-09,1.051469715893267e-08,1.1478671271283501e-07,8.725197765627132e-10,3.970830143339422e-07,6.368780169985053e-14,2.573907650346853e-07,8.363812904045806e-10,4.921551315092008e-09,0.00015506407858169397,5.431917159151594e-10,2.058343757204074e-11,5.4769133876638206e-11,8.18172095918751e-05,2.8211973663159994e-05,1.714723270233305e-10,1.4336813870778438e-12,2.292452573819331e-06,4.204990345001761e-12,4.416108116746279e-09,2.961420193467235e-10,3.123753534771145e-12,2.447925264615278e-09,6.22773875249583e-10,2.8539911083745904e-14,9.77810931095227e-10,1.1273945113365349e-08,0.0007437789294697771,5.086220438562769e-09,6.56333007893799e-09,9.600910855374734e-12,2.3524509115567157e-09,9.29171901923809e-08,1.4377150955590327e-09,2.516065489397791e-11,7.62423817300297e-10,8.327716533140297e-09,1.9736466820343924e-10,2.9349468629570596e-08,6.871677529580985e-14,1.541105885616847e-06,4.257394980755419e-09,2.4883772953527385e-05,8.310634303658304e-05,7.004446601391569e-12,4.98238837210248e-05,2.0447800330723783e-11,7.50937787381383e-10,1.717703883209909e-10,2.392217366469622e-07,1.2469788699144087e-12,0.00011398321504839874,2.3876505299274745e-07,9.032954232752704e-08,2.314303488784374e-12,9.582869687364174e-14,7.447486365077427e-20,3.733349654200083e-08,4.554692235994294e-11,8.610908350077735e-11
56.28140703517588,1.2475541465088534e-08,9.16454673856946e-11,4.6137072722523326e-10,2.8820466755896137e-07,3.851552906820386e-10,3.1738087866605866e-17,1.9196653848884147e-11,3.563873842334208e-10,4.0134329560476074e-13,5.097946800634514e-08,0.000461931222158334,1.9990978571787415e-06,4.743740429341717e-06,2.3064614365107575e-09,1.4393521459573978e-09,4.687257141173845e-13,0.0006562949786518451,5.240147331893048e-10,1.4207787448707878e-07,4.5409022618605964e-09,8.775657627987822e-06,0.0012207789447481686,6.474688692318444e-07,2.618657808841425e-09,2.786650061501898e-10,2.449257774579546e-10,0.0008647070484146636,6.906859094042871e-10,3.4933481303295e-14,6.689739478693808e-08,2.8728847227960366e-07,3.1257471450067404e-12,1.0254670047303254e-08,3.5262274562383537e-07,3.394623432859807e-11,6.262819676016618e-12,0.0006740598432151991,1.1502149617229711e-11,0.0061081037501516805,0.0019351777636112872,7.853372114547136e-08,1.0591708030346596e-07,1.275563645794648e-06,3.4120720347978745e-07,6.2073015834977955e-06,7.217262559932259e-08,5.322900603431101e-07,4.1655532137030197e-10,9.748691526295613e-14,1.1489455460605915e-05,0.00020189785618817026,6.869448293165598e-12,1.7029281489400178e-06,1.1052500648500013e-12,3.754829904156127e-08,2.660282200329851e-07,2.3321082043303915e-07,2.6503051292009935e-11,1.9806969213962316e-07,5.166961507126214e-07,2.2689905917107048e-10,1.8171864782153475e-08,4.6338372011911316e-10,0.004523036031597956,3.6298006483930523e-08,2.1524073467617343e-13,2.7925523254427993e-08,8.859474518619651e-08,4.608233836177846e-07,1.3539273049723173e-10,1.904103627619238e-06,3.9320481541626643e-10,1.384283974465533e-05,1.350727529075757e-08,2.7087392276766346e-10,3.761528004567337e-11,1.4142232758109417e-06,8.460894026982868e-07,1.299875888015873e-08,3.500933551263876e-06,3.7658832037566744e-06,5.7905007533106256e-15,1.0105689778720994e-08,0.00043136649499404275,1.384751617687528e-08,9.809729738923853e-07,1.6653446620078435e-06,1.306416382714768e-07,8.469954761971388e-11,1.4697407187089458e-06,2.7426440408884593e-08,4.235633535837996e-11,2.4947877465064567e-06,5.6572895196305464e-05,3.334870234783892e-06,1.214551748481804e-10,1.591889316266754e-08,7.850615843249994e-14,5.332575910481541e-13,1.506036797784247e-07,4.1431263568351753e-10,2.4968015326360254e-12,8.479045472255525e-06,1.5894132754530526e-13,2.2280651767961924e-09,4.320040971547884e-10,3.1708864694963575e-10,1.1909381307517513e-05,6.437734051236275e-08,3.923118026820998e-07,6.26083887177588e-08,2.913949154075933e-06,1.1747531169381309e-08,2.8398770246775922e-05,1.1952597774264467e-05,1.4612793014759822e-12,8.123850405040952e-09,1.597308878562158e-08,7.758032066348829e-11,1.0518305473504126e-08,2.903754053294084e-15,1.7300999828990113e-07,2.8899349555024696e-09,7.007450750777556e-08,1.0158663808199322e-06,1.1919195412250935e-13,1.6300926399932505e-06,1.4915383771866445e-05,2.564644718019221e-10,4.0510465397197495e-05,3.3582415078140125e-08,4.8116864997732116e-09,1.9229620122693286e-05,6.034366331437688e-08,3.756820094939938e-06,9.409005183623767e-08,5.8380478467856045e-12,1.088038038247256e-09,6.299726040073447e-13,1.6986675691281223e-05,5.26862142498622e-09,1.860688791821271e-08,2.0126306025611441e-07,1.503187636091246e-09,6.632008426300614e-07,1.5463576918336097e-13,4.603025640025253e-07,1.3499459897956715e-09,8.850975070662868e-09,0.0001751971850466885,8.969384443451152e-10,3.6917934843590664e-11,9.599771984019262e-11,0.00012047174856671505,3.458603874345361e-05,2.705255320738425e-10,3.1907254211609965e-12,2.9614142833056035e-06,8.654524790831393e-12,6.493336800644935e-09,6.090415652702728e-10,5.557849923961274e-12,3.9720915086082736e-09,1.209892992125177e-09,5.074532790541747e-14,1.2514551832892882e-09,1.7657839130813846e-08,0.0009153508774058949,8.061528937511982e-09,1.125494370546682e-08,1.799438873352679e-11,4.0897490822542495e-09,1.3375108206027203e-07,1.9738601889784186e-09,5.114742812706205e-11,1.3247498902121513e-09,1.4035511422587401e-08,3.6617040515376e-10,4.6941935677836277e-08,1.43784871111529e-13,2.5953642803973264e-06,6.529234435053585e-09,3.24431155745426e-05,0.00010138433026527116,1.0641085800321563e-11,6.678737019342937e-05,4.407621219082545e-11,1.4343249611297867e-09,2.855446733406077e-10,4.7007532330080576e-07,2.3943679860609934e-12,0.00016537584943375374,3.541821807657396e-07,1.4550392538316708e-07,5.168805143920676e-12,1.7709336787903282e-13,2.4761248352008584e-19,5.777759135927542e-08,9.30239127064386e-11,1.451798737202626e-10
56.53266331658291,1.9923260963114646e-08,1.6960748469817894e-10,7.642564867081323e-10,3.4604020414131336e-07,5.907171740907891e-10,8.852035258162422e-17,3.4305536497976006e-11,7.320285715236793e-10,7.043312075821445e-13,8.776823922698517e-08,0.0006091800980061844,3.041999139979158e-06,5.5506398074738285e-06,3.837421674770167e-09,2.4922210212997964e-09,1.183462596757649e-12,0.0007807980957132617,8.593945338226322e-10,2.0991358771872135e-07,7.65866894897095e-09,1.2325538854039864e-05,0.0015118383015572054,9.329035187381204e-07,4.213457921778808e-09,4.5698637368946764e-10,4.782544853749212e-10,0.0010075698742413326,1.215437650673963e-09,7.212367695543201e-14,1.1691834537753207e-07,3.7003564023492994e-07,6.168248380281517e-12,1.4864469887433365e-08,5.033321153922737e-07,5.275040246197135e-11,1.3042941025238772e-11,0.0008740415622403906,2.5324573793427426e-11,0.007018095591812915,0.002326736473740433,1.3389638094655032e-07,1.682244774972685e-07,2.1996274656895666e-06,5.958061213644546e-07,9.01199430912907e-06,8.971165472817651e-08,8.292051413351025e-07,8.316557625013373e-10,2.4029194194103243e-13,1.698278527465803e-05,0.0002605510121476076,1.3865003177802829e-11,2.299107710361763e-06,2.5494916647724724e-12,5.628162682125576e-08,3.7855442023822543e-07,3.3819782540995087e-07,5.440154598408132e-11,3.0418601218006085e-07,7.31722058278705e-07,3.922901065576227e-10,2.9035213233992825e-08,9.174817251079007e-10,0.005731724261063657,5.6030970166326e-08,5.209993906881796e-13,4.438485327419902e-08,1.47655784426086e-07,7.23310782653555e-07,2.2346478200073485e-10,2.5013429625630646e-06,6.327331168818881e-10,2.0005043979441852e-05,1.888407092765793e-08,5.221642836896657e-10,7.471187626492704e-11,2.0634267557647862e-06,1.1364700163454934e-06,2.1901256469506757e-08,4.849326507915287e-06,5.605402955212185e-06,1.6167694797231358e-14,1.5995976683029626e-08,0.0005207559976213118,2.7626731196668752e-08,1.3691862699154332e-06,2.2830093733568842e-06,1.7028861071208785e-07,1.4532371254852445e-10,2.389715436410458e-06,4.276672810582283e-08,9.487226838786412e-11,4.511831390361055e-06,8.213223230690779e-05,4.8322829976488056e-06,2.373069490747063e-10,2.408174400963966e-08,1.6243586944007136e-13,1.0493814644038969e-12,2.393077543600545e-07,6.54922327447695e-10,4.337624779688531e-12,1.16316267074754e-05,3.868276158823539e-13,4.246208761181559e-09,9.456226911665328e-10,4.911286474993296e-10,1.6269391681617173e-05,1.0768898230324871e-07,5.643527811016152e-07,9.752720411277558e-08,4.187163526357475e-06,2.2515140354633612e-08,4.1566391804002506e-05,1.7756982957764833e-05,3.681409598082793e-12,1.1260863204296879e-08,2.7561585311515635e-08,1.607556158245406e-10,1.6926014860157144e-08,6.0521906864009035e-15,2.976937015555327e-07,4.6030883795663525e-09,9.950301382719657e-08,1.6838472107314371e-06,2.684604152694094e-13,2.4940864929652314e-06,1.9013704584459085e-05,4.0606721512555617e-10,6.246151283479854e-05,5.2621254888245474e-08,8.653203921574197e-09,2.7599112276837683e-05,9.950764302285486e-08,5.3445717805724115e-06,1.3844941762151111e-07,1.071538911521368e-11,1.7257704878584987e-09,1.253837346294061e-12,2.050341277450165e-05,8.472801319346617e-09,3.3012430100355944e-08,3.4929336239878025e-07,2.5578854344242196e-09,1.1014876656110453e-06,3.7478554551338924e-13,8.151689908686035e-07,2.1706256566826257e-09,1.582425118422823e-08,0.0001984229091218806,1.4802446748883032e-09,6.653528000156886e-11,1.6849186088936517e-10,0.00017593389825021588,4.21998372602132e-05,4.2763053729238363e-10,7.0945981865181256e-12,3.8296561363642005e-06,1.766815866815454e-11,9.595230856102296e-09,1.2403915276921945e-09,9.874680070116894e-12,6.454623051262024e-09,2.340970225732807e-09,9.004431012246794e-14,1.611240890379593e-09,2.7491224923977747e-08,0.0011247763483735876,1.2701909594095358e-08,1.9149472705222023e-08,3.368868507261616e-11,7.0696784241828815e-09,1.9119617121317733e-07,2.741906141578191e-09,1.0342209799805625e-10,2.301938279362491e-09,2.353717867420489e-08,6.799488269909492e-10,7.511548525829965e-08,2.9814565144606303e-13,4.34638802712417e-06,9.943693014525776e-09,4.22202613784286e-05,0.0001228124965227292,1.6101166454358496e-11,8.891354936379128e-05,9.477267034339093e-11,2.7412172085703415e-09,4.773090617225184e-10,9.098307281646218e-07,4.578453716123531e-12,0.00023763307458964518,5.250752573159709e-07,2.3412628836689682e-07,1.1441200817735277e-11,3.314397899752639e-13,8.131753675315475e-19,8.942673156237453e-08,1.8882813542480098e-10,2.4384667799460435e-10
56.78391959798995,3.152855388184081e-08,3.106987035242267e-10,1.2610109098601166e-09,4.1234587915614056e-07,9.044437802435878e-10,2.462892179771128e-16,6.138419505433523e-11,1.4892181211558675e-09,1.2348135490248208e-12,1.501735681862483e-07,0.000794524837623924,4.599633074529124e-06,6.524522774502262e-06,6.325071075637966e-09,4.305019165786107e-09,2.9721372390180028e-12,0.0009239667313051516,1.402400101387551e-09,3.090998981132876e-07,1.2979742565113226e-08,1.727038430844424e-05,0.001866328406457884,1.3397234535831956e-06,6.78843325631036e-09,7.47974480673194e-10,9.27961659621087e-10,0.0011710872778595179,2.1233896046576108e-09,1.4846453213855543e-13,2.035046540235987e-07,4.771270464496103e-07,1.2092925673354953e-11,2.163481711868312e-08,7.192598354784124e-07,8.183822519064145e-11,2.703474984353689e-11,0.001125720894754798,5.5080963362805526e-11,0.008061915064155852,0.0027895150145552713,2.2613686079786187e-07,2.6577453660882226e-07,3.77458091635106e-06,1.0251280896914413e-06,1.3032245502854069e-05,1.1227378063505243e-07,1.278729392587446e-06,1.6460705527627397e-09,5.889350454242935e-13,2.5027975062474355e-05,0.00033383178546637443,2.778736107934127e-11,3.0970591913161032e-06,5.811460893866567e-12,8.355268720648876e-08,5.356705504038635e-07,4.895981221777771e-07,1.1083322437634983e-10,4.63881814365247e-07,1.0358304093550163e-06,6.768250979139038e-10,4.6364448650867675e-08,1.7913998139662018e-09,0.007211098199596157,8.632005062534658e-08,1.2504237005436783e-12,7.016092658728673e-08,2.450220442350725e-07,1.1289591782141687e-06,3.6673794342240167e-10,3.3048125019155973e-06,1.0206671902350953e-09,2.8736950836150423e-05,2.6301255379811546e-08,1.0039609494156139e-09,1.4751750574826037e-10,2.9906416931003295e-06,1.5323075126614951e-06,3.6934929864841286e-08,6.730847876936657e-06,8.302414954046053e-06,4.456759659995342e-14,2.5098853754736738e-08,0.000629064177414356,5.470221586009486e-08,1.909913446482953e-06,3.129752382058898e-06,2.2273997761823666e-07,2.5049168101712027e-10,3.846649018691541e-06,6.682844145512226e-08,2.098687256427758e-10,8.022552216165472e-06,0.00011754326992314535,6.939181640562621e-06,4.590996595081789e-10,3.618949184522316e-08,3.339042747137883e-13,2.062691344465813e-12,3.774603912763861e-07,1.0322122706440615e-09,7.534802486055983e-12,1.5935270508082902e-05,9.356947508658105e-13,8.034506712853783e-09,2.0540628043300824e-09,7.605803862694101e-10,2.223704313170737e-05,1.7923810448245087e-07,8.042007897633089e-07,1.508877788706052e-07,5.983059414751459e-06,4.251750013555636e-08,6.062574946779057e-05,2.6390869114727062e-05,9.121099310680961e-12,1.5559282432484992e-08,4.707705618498895e-08,3.299554995320716e-10,2.7336606650313564e-08,1.266334428026809e-14,5.085618076184487e-07,7.380196941435339e-09,1.410072959836781e-07,2.7638947166392403e-06,6.009297311469127e-13,3.800424815469349e-06,2.4079357403422275e-05,6.429328146848671e-10,9.524548446790401e-05,8.285802188167019e-08,1.5537127935200663e-08,3.967013207365295e-05,1.6285203969161033e-07,7.543901011998209e-06,2.0333921464232478e-07,1.95317738781199e-11,2.7470252141411976e-09,2.4793383025138714e-12,2.4675259553133835e-05,1.355028958079687e-08,5.865117852847349e-08,5.999532443361705e-07,4.298750170060496e-09,1.818607363256907e-06,9.059622532063653e-13,1.4288919684020686e-06,3.4768878731220334e-09,2.81250439662168e-08,0.00022521448354862375,2.4416823971379114e-09,1.2042188233062494e-10,2.958642633291176e-10,0.00025478364676231776,5.127282214077712e-05,6.771273350115867e-10,1.5755193224338662e-11,4.957918462707357e-06,3.5765471625254295e-11,1.4245883863515128e-08,2.5011397567926594e-09,1.751876884894295e-11,1.0500919426659328e-08,4.505757281813658e-09,1.596071340203161e-13,2.0875018804396074e-09,4.258033239885654e-08,0.001379570134638946,1.988811693848983e-08,3.2319800982530674e-08,6.297773501378074e-11,1.2155605145314457e-08,2.7163453006720267e-07,3.852871897131152e-09,2.0793280169733761e-10,3.998492454862138e-09,3.9255393443276984e-08,1.2625214883653432e-09,1.2013738796344054e-07,6.130580686146541e-13,7.235147384268266e-06,1.5040289658516382e-08,5.484985388277344e-05,0.00014772197035682353,2.4290878058361826e-11,0.00011760464494583806,2.0322655721715986e-10,5.236617330521279e-09,8.016880777944215e-10,1.733413881451025e-06,8.72082108264301e-12,0.0003381393263106311,7.776739878553869e-07,3.7602382348451137e-07,2.5083128294092284e-11,6.274632050824256e-13,2.6364859580311547e-18,1.3837875667381234e-07,3.8082961325185997e-10,4.0827404772952304e-10
57.03517587939699,4.945039426103942e-08,5.636556302249883e-10,2.072854249346104e-09,4.878294540251843e-07,1.3827690392573397e-09,6.829309953648093e-16,1.0993706858229007e-10,3.0000090879179712e-09,2.1630737017991345e-12,2.5523811931496794e-07,0.0010253489975687936,6.908376059611672e-06,7.706460332751896e-06,1.0324228845266798e-08,7.415199557053232e-09,7.411992232324934e-12,0.0010880505045084852,2.277890844309308e-09,4.5365473076526975e-07,2.209409923988243e-08,2.412978372459001e-05,0.0022964651428820674,1.917945482782374e-06,1.0947785775370597e-08,1.2211772991307799e-09,1.7886118270848567e-09,0.0013578387110397044,3.6816061154553826e-09,3.0486808943712633e-13,3.525595765353731e-07,6.161136814771974e-07,2.3544635282715887e-11,3.1625609520653874e-08,1.0283893591956072e-06,1.2688002551031764e-10,5.576677925497759e-11,0.001440203706033295,1.1837551105240345e-10,0.009258089422110871,0.0033331448948143187,3.7821574607335886e-07,4.173534745592746e-07,6.442521832786005e-06,1.737860806817794e-06,1.8770728401681817e-05,1.4156982678704358e-07,1.95190905256487e-06,3.2287110424504967e-09,1.4338853255393185e-12,3.6770725546015454e-05,0.00042466851057463217,5.5258411651656323e-11,4.164204585107253e-06,1.3090110161104014e-11,1.229222017989746e-07,7.536957760597978e-07,7.075129921872662e-07,2.2398989180827063e-10,7.023875345610447e-07,1.4638078468210434e-06,1.1652295168373815e-09,7.393684206599082e-08,3.4495101783091266e-09,0.009005072356192061,1.327069456039422e-07,2.97410581661313e-12,1.1021789447015425e-07,4.0457816429463305e-07,1.7521353473393054e-06,5.989896114289869e-10,4.3918669316472075e-06,1.649121819971052e-09,4.102237855732861e-05,3.650800465447839e-08,1.923780820920474e-09,2.89246073236628e-10,4.306690236674741e-06,2.073743063656987e-06,6.228832280761661e-08,9.357277138018072e-06,1.2232676227436806e-05,1.2121071119221592e-13,3.90441987936844e-08,0.0007604978996494583,1.0745669175696245e-07,2.662062687942495e-06,4.290322421114777e-06,2.923624259022562e-07,4.334394404847197e-10,6.127098124897256e-06,1.0472128955622466e-07,4.5833840907587076e-10,1.4016360270400609e-05,0.00016583667282865096,9.873461207519943e-06,8.792919673695397e-10,5.403338546186083e-08,6.821458260346076e-13,4.046836957561389e-12,5.910797890222913e-07,1.6223085561091653e-09,1.3082397432336693e-11,2.1792896484950196e-05,2.247503887700452e-12,1.508772699472075e-08,4.424201709787889e-09,1.1780184058664935e-09,3.040269904673247e-05,2.9668037906215986e-07,1.1360895600356805e-06,2.3198235273130246e-07,8.499645013950708e-06,7.908995982522506e-08,8.808222089753215e-05,3.919527574895679e-05,2.2225305194370126e-11,2.143754393214437e-08,7.96153996426299e-08,6.707509393312076e-10,4.425726740053956e-08,2.6581417922232633e-14,8.621373345251087e-07,1.1903350579769272e-08,1.9945737115562712e-07,4.492510944357363e-06,1.336182900205886e-12,5.7666600041771345e-06,3.029596488358194e-05,1.0176426793740327e-09,0.0001435988215221234,1.309347541308211e-07,2.7833700040848836e-08,5.7095689650832645e-05,2.644845064875348e-07,1.056519277553863e-05,2.979243735503299e-07,3.5342702844520806e-11,4.384396139875517e-09,4.870087557251894e-12,2.9634151401457236e-05,2.1559437432479513e-08,1.04222230368894e-07,1.0197378778622387e-06,7.1353828162519826e-09,2.9837636497587046e-06,2.1822425683959767e-12,2.478022525916189e-06,5.547823907433691e-09,4.969067508297453e-08,0.00025610594794200166,4.0257385382148155e-09,2.1871382090044904e-10,5.193149652313025e-10,0.00036582344083761016,6.206938470744708e-05,1.073711402139047e-09,3.492748955918668e-11,6.4260044044205615e-06,7.176929726472296e-11,2.124316545908107e-08,4.992184608994369e-09,3.1032767687608576e-11,1.7097774754111196e-08,8.617924142836652e-09,2.828660966591128e-13,2.7221956685263743e-09,6.5667100153458e-08,0.001688403377351802,3.093586427168369e-08,5.410101900036039e-08,1.1751434165469793e-10,2.0794320182412976e-08,3.8387298258676013e-07,5.474960614110107e-09,4.1550834901937416e-10,6.939849249902137e-09,6.507853050830196e-08,2.341831980431466e-09,1.918742869977963e-07,1.2509277043650982e-12,1.1965956087807472e-05,2.2596727234117825e-08,7.114375005420361e-05,0.00017644035292571219,3.657750146800054e-11,0.00015460369538792664,4.344280176694589e-10,9.98901562593697e-09,1.3518396786103268e-09,3.248927232574908e-06,1.654980193506389e-11,0.0004764209731354168,1.1502712708322226e-06,6.023459446825537e-07,5.4434008141981e-11,1.2000120091851773e-12,8.434998637287e-18,2.1399198455278704e-07,7.628552952215288e-10,6.818597998572289e-10
57.28643216080402,7.688814678009371e-08,1.0132375299791553e-09,3.3952313328173164e-09,5.732577370591942e-07,2.1114084736728915e-09,1.8853835692587926e-15,1.9699859397945683e-10,5.983133965855536e-09,3.786790934282869e-12,4.3073727707171174e-07,0.0013099763732117096,1.0303509626194187e-05,9.14826241475843e-06,1.668289904758928e-08,1.2729627889873396e-08,1.832651484043636e-11,0.0012756164154839847,3.68396795220342e-09,6.636575553690339e-07,3.774963219133427e-08,3.360079370852299e-05,0.002816364997903635,2.7374946563664855e-06,1.7667077280510105e-08,1.9876597245568273e-09,3.423629766408823e-09,0.0015705743399093862,6.333669642928392e-09,6.248115033413895e-13,6.075811417766729e-07,7.969457625675136e-07,4.5506921037157185e-11,4.643875711157221e-08,1.4704040859428718e-06,1.967498944642117e-10,1.1447602434495781e-10,0.0018303816125496471,2.5144109380405165e-10,0.010626970923170172,0.003967580154261321,6.262590253676762e-07,6.509874740620943e-07,1.0931475534901435e-05,2.902718832017174e-06,2.692642179199313e-05,1.7997204409808858e-07,2.949035830227247e-06,6.274169298962543e-09,3.4648694871918882e-12,5.384556316553689e-05,0.0005364060971873493,1.0896569644690853e-10,5.590784021004682e-06,2.913524461121011e-11,1.7932760763547748e-07,1.0543866258011594e-06,1.020582480524396e-06,4.4882565235152125e-10,1.0558533224138764e-06,2.0624041632178098e-06,2.0015226738074624e-09,1.1766776850094635e-07,6.551434323135952e-09,0.011159790548831148,2.03578119263527e-07,7.006887145290744e-12,1.7196067914539793e-07,6.642972440845426e-07,2.7037613993460825e-06,9.744367890590214e-10,5.870418835493309e-06,2.6667388707947013e-09,5.818028262332691e-05,5.052895060787922e-08,3.6709062440092467e-09,5.626332325652608e-10,6.164247169157223e-06,2.81661510049731e-06,1.0494886938906448e-07,1.3022711823419373e-05,1.792427193475457e-05,3.250498979658247e-13,6.023110181762014e-08,0.000920152535872257,2.0933751844970985e-07,3.7067472533884186e-06,5.880327042389852e-06,3.8505665046851706e-07,7.523742487299043e-10,9.6537380140143e-06,1.6464150175891538e-07,9.878865348229372e-10,2.404888662756587e-05,0.0002306716352757368,1.391860072869908e-05,1.6669380006130203e-09,8.016629218457128e-08,1.3855290105501587e-12,7.91875934097598e-12,9.190681869589725e-07,2.54308264971355e-09,2.26952111565018e-11,2.9739604899522156e-05,5.356175224761379e-12,2.8107151051981356e-08,9.441832476785615e-09,1.825203639643428e-09,4.1568514641124495e-05,4.88120250056885e-07,1.592443348561859e-06,3.546381905410624e-07,1.2002356424242112e-05,1.448943103605572e-07,0.00012743052289513376,5.8110401810389355e-05,5.326591097041233e-11,2.946528992265907e-08,1.3334189378598978e-07,1.3502838864055985e-09,7.174344191026956e-08,5.593412232050712e-14,1.4496391968053908e-06,1.929927393333024e-08,2.816710612313e-07,7.2311494737284715e-06,2.9500078895684647e-12,8.712140927748318e-06,3.787271030397678e-05,1.6096712500384005e-09,0.00021400349650962122,2.0739421399029022e-07,4.971174407560865e-08,8.226019092786075e-05,4.2622949236361307e-07,1.468178325833762e-05,4.35254141984989e-07,6.346179451610835e-11,7.010586874887675e-09,9.501248233268541e-12,3.554410920786947e-05,3.414161171074962e-08,1.8502844936007068e-07,1.7149218656371084e-06,1.1699995813900516e-08,4.8627984004070616e-06,5.23313164967577e-12,4.24995119741882e-06,8.818134886512847e-09,8.726208527227434e-08,0.0002916968249484203,6.634470541637925e-09,3.982818066288912e-10,9.104370861037541e-10,0.000520669376304716,7.491131772471777e-05,1.7044136687649913e-09,7.724834357775303e-11,8.338871429622043e-06,1.427290630314025e-10,3.180222457278375e-08,9.861123732742147e-09,5.488326392030104e-11,2.7850816061312616e-08,1.6363908030480544e-08,5.016571562510128e-13,3.573626866653609e-09,1.0091790588602818e-07,0.0020611685061433307,4.7794244710885294e-08,8.980835121217694e-08,2.187993863166635e-10,3.539890408672637e-08,5.401081656948838e-07,7.864483091320578e-09,8.249098173042519e-10,1.2029669295223746e-08,1.0718416463094792e-07,4.335289618514348e-09,3.057697800198491e-07,2.5346499124660887e-12,1.9651390837375883e-05,3.372674946626333e-08,9.213816336451386e-05,0.00020928892988902656,5.503636904952524e-11,0.00020206749797919117,9.252261031489551e-10,1.9006925480177133e-08,2.2864161884912923e-09,5.987522570536806e-06,3.1295588776514175e-11,0.0006645795412924223,1.69855972033942e-06,9.616969835311185e-07,1.16874578335339e-10,2.3152185379112302e-12,2.661718551825363e-17,3.305753880979969e-07,1.5172449068146259e-09,1.1366676997238564e-09
57.537688442211056,1.1854865145047142e-07,1.8059085495276536e-09,5.542405752605839e-09,6.695049587509754e-07,3.22046896440535e-09,5.176775919486581e-15,3.5306008504684617e-10,1.1810905426118683e-08,6.626567273763209e-12,7.215204213193871e-07,0.001657761559823335,1.5255780593734798e-05,1.091548619535052e-05,2.667999440371254e-08,2.1768956565689803e-08,4.486320504994789e-11,0.0014896226656400209,5.934028480966338e-09,9.6778197068038e-07,6.469145580640324e-08,4.661077552590951e-05,0.0034421818504491984,3.895721923619475e-06,2.851987173905388e-08,3.2237250174956835e-09,6.505970806214642e-09,0.0018121687038399046,1.0809898790021884e-08,1.278494940811486e-12,1.0409663633407382e-06,1.0327069782795213e-06,8.728304668777283e-11,6.850317348662071e-08,2.1014062984403454e-06,3.053886716703778e-10,2.3384395068204827e-10,0.00231107200301053,5.280111305836055e-10,0.012190682647046234,0.00470286778219737,1.0263605523872892e-06,1.008034600218279e-06,1.842781784018354e-05,4.776938181385193e-06,3.846558336569119e-05,2.3079114167871318e-07,4.409929800502648e-06,1.2076040584856677e-08,8.302653883379463e-12,7.856694716104604e-05,0.0006728390585672152,2.129424656864739e-10,7.497730662509817e-06,6.407734023055226e-11,2.595912612591525e-07,1.4665655171780415e-06,1.4695332033810366e-06,8.913354852146274e-10,1.575601009728277e-06,2.8935890941119004e-06,3.429625210856744e-09,1.8676935630628006e-07,1.2273985465642759e-08,0.013722269978135308,3.1158505210116675e-07,1.634464195361361e-11,2.6632051099030975e-07,1.0839320297232682e-06,4.148171884949059e-06,1.580076270746599e-09,7.891067267584853e-06,4.312519393606909e-09,8.196055987630903e-05,6.976960130159688e-08,6.969721148605716e-09,1.084708292926618e-09,8.773480661399541e-06,3.8386928964463015e-06,1.7650475195531272e-07,1.8133932019548253e-05,2.6113754537794315e-05,8.590298373276603e-13,9.216988492024857e-08,0.0011141480850518463,4.0426988264691485e-07,5.155420761265003e-06,8.057062479433602e-06,5.088017757502986e-07,1.3092386635704171e-09,1.5040602273364143e-05,2.5977115686474744e-07,2.1007388834830953e-09,4.0505567935015917e-05,0.00031636441094839567,1.9439458524231436e-05,3.127516278531839e-09,1.1820615437245019e-07,2.7990687870844595e-12,1.5443514005595912e-11,1.4192015202792895e-06,3.9768117221842265e-09,3.932220308289096e-11,4.048214165359232e-05,1.2654914094366987e-11,5.192387142633511e-08,1.9951168516333697e-08,2.829402382293235e-09,5.682055471337472e-05,7.978590076459896e-07,2.21671569341532e-06,5.394034503678031e-07,1.6843815320055137e-05,2.61392236392486e-07,0.00018350310667552056,8.591843860711687e-05,1.2557457539462758e-10,4.0420348731390536e-08,2.2122002938691133e-07,2.6915096089376743e-09,1.1632872303206259e-07,1.1789433837657443e-13,2.4165682241415784e-06,3.1429767915302664e-08,3.971943043588251e-07,1.1526100355869876e-05,6.464540370272934e-12,1.310260109450312e-05,4.7047440729536435e-05,2.543501085498751e-09,0.0003151717458470595,3.2891703217449317e-07,8.845263375161804e-08,0.00011859133630486486,6.815467961824156e-07,2.024581058091276e-05,6.337995343215172e-07,1.1303471358114237e-10,1.1221247116677314e-08,1.8408124044417538e-11,4.2609397318204675e-05,5.383661779937892e-08,3.2782563208417096e-07,2.8531466403472645e-06,1.8957702181303724e-08,7.869103056276002e-06,1.248207119874521e-11,7.205529775161153e-06,1.3962204727279886e-08,1.5229657205068996e-07,0.00033265630284067655,1.0928454516807661e-08,7.264998402922315e-10,1.5930603059817181e-09,0.0007344357558429077,9.019380943285716e-05,2.7075048827067577e-09,1.703210363838431e-10,1.0834624476969457e-05,2.812537474904243e-10,4.777303342842266e-08,1.9273381202298794e-08,9.68997265553364e-11,4.536636729541129e-08,3.08212872396603e-08,8.909513628279439e-13,4.723159717062022e-09,1.5467144826838457e-07,0.002509010932496966,7.332732731117616e-08,1.47834277809123e-07,4.0635438958656837e-10,5.9974359471025e-08,7.573035122535394e-07,1.1413977451139053e-08,1.6263846456681742e-09,2.0816055451339984e-08,1.7528007338340313e-07,8.002617693953339e-09,4.858486936561421e-07,5.1032344914416865e-12,3.20278419571772e-05,5.00151657538084e-08,0.00011915199782787629,0.00024658288585175774,8.283864977942896e-11,0.0002626516485634919,1.961842070667827e-09,3.6039303355022514e-08,3.87494925756843e-09,1.0844846175226347e-05,5.897379547215521e-11,0.0009177422536765357,2.5032104136398703e-06,1.5293646524100385e-06,2.4816762385211743e-10,4.499687817757441e-12,8.280718723227317e-17,5.099144735497142e-07,2.9951874339311095e-09,1.892544856656829e-09
57.78894472361809,1.813112440344416e-07,3.1933644520858447e-09,9.018348536274436e-09,7.776197106998757e-07,4.907303452817096e-09,1.4121918778574647e-14,6.326113741256223e-10,2.3072297234334777e-08,1.1593375745033637e-11,1.1993361385531594e-06,0.00207921107482653,2.241925881477097e-05,1.3091347567260008e-05,4.221851484893689e-08,3.706579201754884e-08,1.0859649290903725e-10,0.0017335062370440598,9.52249929180931e-09,1.4068481114307e-06,1.1109755662568378e-07,6.438257327913018e-05,0.004192187253512891,5.527517829592419e-06,4.604132172663875e-08,5.207463718513996e-09,1.227049852992833e-08,0.0020855616111792098,1.8302633011315266e-08,2.612668057975178e-12,1.7720570664665816e-06,1.3405575610317856e-06,1.6607453013080426e-10,1.0151071617010004e-07,3.000471945477205e-06,4.747756896956368e-10,4.753325954772292e-10,0.002899132454539942,1.0964844140173411e-09,0.013972966898243754,0.005548884840688636,1.6644409784465754e-06,1.5488571951226393e-06,3.0842070639173636e-05,7.745733616314538e-06,5.471555943042182e-05,2.986745704312971e-07,6.5271606366553535e-06,2.3017064635787255e-08,1.971347985445541e-11,0.00011418390751441804,0.0008382471439857648,4.121755162508342e-10,1.004723204266912e-05,1.3924968435927275e-10,3.731149226431403e-07,2.0281832634642607e-06,2.112140076333043e-06,1.7537677892033303e-09,2.3338156962146434e-06,4.038345938788415e-06,5.860934886311045e-09,2.955028407536977e-07,2.2686744566232384e-08,0.01673862528178621,4.7574849636247627e-07,3.7734907522568545e-11,4.0926903209294037e-07,1.7564721434846446e-06,6.327169459757593e-06,2.5554799992283207e-09,1.066380815920817e-05,6.969103734620229e-09,0.00011465964891788624,9.616406881423491e-08,1.3156124839177342e-08,2.070922978568447e-09,1.2423744415003807e-05,5.248417072027319e-06,2.960449933408252e-07,2.5250991354225954e-05,3.782068504686258e-05,2.236159260619439e-12,1.3997211390775567e-07,0.00134976384400857,7.736104341851139e-07,7.160897437774671e-06,1.1033894267877136e-05,6.7439152629231e-07,2.282491853436651e-09,2.316610689452865e-05,4.1134552216483224e-07,4.406085067299302e-09,6.695207863832569e-05,0.0004278888863865135,2.6901112107758666e-05,5.806440437434028e-09,1.732544856889762e-07,5.6266460462771826e-12,2.999734803163177e-11,2.176729081063414e-06,6.20508271932737e-09,6.80159814467263e-11,5.494847459304068e-05,2.9620850208797004e-11,9.508595054985107e-08,4.1713555353429956e-08,4.3888903296564774e-09,7.76230871477361e-05,1.295003465507174e-06,3.0673019836323532e-06,8.16787063506758e-07,2.3488138991893173e-05,4.6429989287782993e-07,0.0002629187499847186,0.00012656982492564436,2.9125147258095585e-10,5.536869632265192e-08,3.6365131400612506e-07,5.311760393992422e-09,1.8849133233185714e-07,2.4868937543804996e-13,3.9922197972439135e-06,5.136939703876816e-08,5.593963829402985e-07,1.819382799539315e-05,1.4056472282170974e-11,1.961253026820717e-05,5.809086856650594e-05,4.013433608630485e-09,0.00045859556548550365,5.217972381098917e-07,1.5667568226431513e-07,0.00017099496256373062,1.0812728437740238e-06,2.770729262962147e-05,9.195473559032594e-07,1.9963462966070252e-10,1.7965454341331396e-08,3.5413690583805285e-11,5.1084927966057085e-05,8.45652365374951e-08,5.790639846827156e-07,4.6953463326331754e-06,3.036779420178786e-08,1.2638478423135764e-05,2.9586188995690313e-11,1.2072390655783618e-05,2.202212383183845e-08,2.641212357273988e-07,0.0003797266909897464,1.799167788891567e-08,1.3260936793507112e-09,2.7802596768516243e-09,0.0010265048351929143,0.00010840581093980966,4.302205686935944e-09,3.740609551755279e-10,1.40949528875603e-05,5.490639464950427e-10,7.196881577981721e-08,3.726495000362123e-08,1.7077509541009844e-10,7.386233174594237e-08,5.753921418182278e-08,1.5856020685552828e-12,6.2847663146578006e-09,2.3658402375405123e-07,0.003044315591128704,1.1171113281534427e-07,2.4131030416965347e-07,7.525217274821366e-10,1.0113345575405817e-07,1.0591617743980377e-06,1.6727176387150187e-08,3.18308841207282e-09,3.5939300193312246e-08,2.844453660583612e-07,1.471719143701164e-08,7.692456678389329e-07,1.0216000681179618e-11,5.1769911271798816e-05,7.370293410134772e-08,0.00015385839856489977,0.00028863567334786827,1.2486503244555055e-10,0.00033960825617158886,4.138203112572286e-09,6.802738598008717e-08,6.573769192049889e-09,1.9297205597852387e-05,1.1074535926941984e-10,0.0012545018781639982,3.6805712959385397e-06,2.421066916763565e-06,5.209420467844532e-10,8.796843096809142e-12,2.538788441873281e-16,7.850192317668568e-07,5.866744420767757e-09,3.1491517227799835e-09
58.040201005025125,2.751713027553868e-07,5.6061191060970935e-09,1.4629097685964505e-08,8.989129725866856e-07,7.47105246913269e-09,3.82333540097605e-14,1.1328336857585195e-09,4.459179830285115e-08,2.0282234791481184e-11,1.9779029051896003e-06,0.0025861417158653628,3.269304540569962e-05,1.5781818518748043e-05,6.609216358167398e-08,6.280746446957482e-08,2.5963920001428613e-10,0.002011285341169221,1.5227309060617652e-08,2.0387876222154048e-06,1.9101912361309809e-07,8.851351846234341e-05,0.005086765092032309,7.81879826458271e-06,7.431023361985064e-08,8.374605798627395e-09,2.2961871729803183e-08,0.002393689189759612,3.074317308762602e-08,5.333114772674088e-12,2.995553729565449e-06,1.742942390068525e-06,3.1337562856137837e-10,1.5108171285719124e-07,4.278736360715295e-06,7.396798661951774e-10,9.61411798140106e-10,0.0036135388810526123,2.2523319450035173e-09,0.015998905237302775,0.006515057443750469,2.6702773743154088e-06,2.3605825505936565e-06,5.121012279101618e-05,1.237569178329766e-05,7.74873987302071e-05,3.90179646931429e-07,9.56285052730652e-06,4.343756068360815e-08,4.634586729755416e-11,0.0001652129161128396,0.0010374349388488837,7.898454949868991e-10,1.3456826457411338e-05,2.990063953166135e-10,5.328297736005419e-07,2.788916648530831e-06,3.0301157824833037e-06,3.4178259052748355e-09,3.431074172331764e-06,5.600984716439454e-06,9.985998979991716e-09,4.658081054153492e-07,4.137833663165349e-08,0.020251876876012594,7.245607085056569e-07,8.619642682352e-11,6.239092405546766e-07,2.824940701720084e-06,9.594062509253555e-06,4.124547156102717e-09,1.4480871971667382e-05,1.1246043774703448e-08,0.00015925702296115842,1.323822683082215e-07,2.4669606416958214e-08,3.9124980658121824e-09,1.7513724000947312e-05,7.197154146885541e-06,4.947778577338815e-07,3.514099460070483e-05,5.4445724204264115e-05,5.731193747874892e-12,2.1105391006758507e-07,0.0016355617500889178,1.4662314558263314e-06,9.932235875412515e-06,1.5099216547136597e-05,8.964269051939773e-07,3.984254715539539e-09,3.5267641276988406e-05,6.535898922787888e-07,9.112355634767754e-09,0.00010858174078312688,0.0005708468053098596,3.689142341037945e-05,1.0665717641437238e-08,2.524732130328138e-07,1.1258951428191087e-11,5.799416591930664e-11,3.316645657201197e-06,9.662550986121202e-09,1.17395877816239e-10,7.434934038976953e-05,6.863940485360759e-11,1.7255335252957038e-07,8.623911118813219e-08,6.812845205859234e-09,0.00010594057303664357,2.0861643781425863e-06,4.222959352927551e-06,1.2320573698765007e-06,3.254041748648477e-05,8.119685036027604e-07,0.0003746486818842583,0.0001856132820488367,6.64695652619039e-10,7.577725319569352e-08,5.924765117466499e-07,1.0378581181668194e-08,3.0495082157767954e-07,5.245544986861475e-13,6.5334784285054604e-06,8.418754475637117e-08,7.870076481904412e-07,2.8440963975689547e-05,3.032009438275346e-11,2.9211460497792522e-05,7.131233425744247e-05,6.3215954040813434e-09,0.0006591402629965844,8.273096401521684e-07,2.7606480488444015e-07,0.00024645388923146303,1.701945938950893e-06,3.763692111703545e-05,1.3288292617896016e-06,3.4948662333668094e-10,2.875032224405046e-08,6.764244659743515e-11,6.128970153001301e-05,1.3236392315011443e-07,1.0187392476282643e-06,7.64217747312688e-06,4.811935988985142e-08,2.0137410247097636e-05,6.963018355457492e-11,1.9981127276828156e-05,3.4601840817376295e-08,4.550837229403725e-07,0.0004337259034517849,2.960010729826447e-08,2.4196808072432773e-09,4.836608257898425e-09,0.0014213640007508057,0.0001301558089315602,6.835161256927005e-09,8.175570853798154e-10,1.8358676546044396e-05,1.0617527190082637e-09,1.0865948357699095e-07,7.126431205386148e-08,3.003990805423381e-10,1.2013946834803066e-07,1.0639800399966481e-07,2.8290503544686536e-12,8.418612463464185e-09,3.6138323175544644e-07,0.003680635954756687,1.6898989300203737e-07,3.9060302433056485e-07,1.3891164626769198e-09,1.697349227659518e-07,1.4789595150089997e-06,2.4735838673007843e-08,6.181600588180318e-09,6.187969856148329e-08,4.5781779033179015e-07,2.6943176277650003e-08,1.21297786296099e-06,2.0345139495410955e-11,8.293926013979106e-05,1.0793916515846339e-07,0.0001983716613004652,0.000335768640444958,1.8868415755697478e-10,0.000436896422322702,8.675620312166014e-09,1.2770699010369715e-07,1.1152106758995546e-08,3.37218857554261e-05,2.072350203331391e-10,0.00169730748155374,5.39766916687605e-06,3.8132121075176927e-06,1.0807472410686906e-09,1.7274440747597727e-11,7.667854831418618e-16,1.205643276120796e-06,1.1397827303356352e-08,5.239705311213456e-09
58.29145728643216,4.14574526078532e-07,9.777658667259507e-09,2.3660286721478924e-08,1.0350703144918466e-06,1.1364806960555243e-08,1.0262540760414781e-13,2.026629761646845e-09,8.524666959891561e-08,3.548730027185345e-11,3.235793489882514e-06,0.003191878938605302,4.729958709813001e-05,1.912228521198973e-05,1.0234746061301083e-07,1.0586366120431206e-07,6.125357937921163e-10,0.0023276781771519057,2.4269162655919728e-08,2.9455556971170404e-06,3.284978441187014e-07,0.00012106932866864752,0.006148287505229679,1.1024325318521592e-05,1.1987843431810108e-07,1.3403147880270922e-08,4.2620405763268225e-08,0.002739409385698321,5.12367971154813e-08,1.0874708680769157e-11,5.025595037157374e-06,2.269135583722917e-06,5.862756577490468e-10,2.2577794896623904e-07,6.091963679061947e-06,1.155271614714085e-09,1.934768134431688e-09,0.00447541600298794,4.5776705064437805e-09,0.01829447921672574,0.0076100821421877605,4.237089849642366e-06,3.567584280542645e-06,8.428453301564685e-05,1.9485351789219165e-05,0.00010923413983695825,5.145981865578544e-07,1.3869817007796397e-05,8.115552586213212e-08,1.0781279273743801e-10,0.00023786370426019822,0.0012757767317026659,1.497825238926657e-09,1.8018107172552594e-05,6.343861578115997e-10,7.564968975458052e-07,3.8134209624097465e-06,4.33859508618963e-06,6.595951935760781e-09,5.0061824025405645e-06,7.713938108405094e-06,1.6957597934715372e-08,7.312174751780037e-07,7.448582684454272e-08,0.024299382377047235,1.100534500318294e-06,1.9475901104092617e-10,9.433365999901374e-07,4.506613928129411e-06,1.4461398281220254e-05,6.646425104173488e-09,1.9747651810720746e-05,1.8108884747748344e-08,0.00021957244170210666,1.8212046035846322e-07,4.591752166857905e-08,7.30976453464379e-09,2.459335487952308e-05,9.896359570328742e-06,8.233021151592156e-07,4.884866248030049e-05,7.789848534521689e-05,1.4456743037478809e-11,3.161481732746147e-07,0.001981485461207277,2.751050314005087e-06,1.3754772341716033e-05,2.0641249150224236e-05,1.1946500484708574e-06,6.959655471934519e-09,5.306164421794416e-05,1.0416276220227426e-06,1.85778733678239e-08,0.00017276224614733965,0.0007514100617304791,5.014828065113934e-05,1.9381294166761905e-08,3.658803302734027e-07,2.2434804451496967e-11,1.1152905280485052e-10,5.021097018407791e-06,1.5019730039196276e-08,2.0209202206201323e-10,0.0001002536398060463,1.5736539121855697e-10,3.1021713241335976e-07,1.7619169652000938e-07,1.058379266920303e-08,0.00014439360059478822,3.333885578179602e-06,5.79034555989051e-06,1.852336531680286e-06,4.4781912404697304e-05,1.3979785328499942e-06,0.0005307146515473735,0.0002707504082266248,1.4929593782195534e-09,1.036737089869864e-07,9.569980313631091e-07,2.00771788066357e-08,4.922382078768781e-07,1.1053790485591028e-12,1.0588796887619563e-05,1.3822159110960355e-07,1.1062784526508852e-06,4.403070815797554e-05,6.486576824964052e-11,4.3281908280084405e-05,8.706762983728763e-05,9.935855642810788e-09,0.0009356476967528384,1.3099453831850478e-06,4.83534005766354e-07,0.00035484039621648484,2.6577525144519566e-06,5.075307546026139e-05,1.9121119875751958e-06,6.062525308859161e-10,4.5960344969615125e-08,1.2826653834444382e-10,7.362433103612585e-05,2.0649676595829329e-07,1.7833871175122892e-06,1.2300391215980517e-05,7.547596044944032e-08,3.1816930501714575e-05,1.6257865773407512e-10,3.265969602253053e-05,5.416037969761182e-08,7.788830345057479e-07,0.0004955487301987241,4.8657617797379074e-08,4.408992566117278e-09,8.38209513096636e-09,0.0019494809189745715,0.00015620426341313975,1.0852756201912845e-08,1.7765663044130678e-09,2.3939201326308488e-05,2.0335039224564776e-09,1.643089027429008e-07,1.3476969454645013e-07,5.273453734228559e-10,1.9511496341588477e-07,1.947602528630455e-07,5.062217028572266e-12,1.1350382363415076e-08,5.515509404669514e-07,0.004432553623134752,2.5385120153648846e-07,6.27034069932141e-07,2.5551331668944483e-09,2.8350599188419953e-07,2.063630080622234e-06,3.6881721717330735e-08,1.19069016616039e-08,1.0619697436272631e-07,7.304507437184176e-07,4.906613461601061e-08,1.9039934931650049e-06,4.032586987860865e-11,0.00013161049857513676,1.5712190613718111e-07,0.0002553516624369423,0.00038832689454184076,2.8612351415624355e-10,0.0005593049272645102,1.8059892428910184e-08,2.38212991193401e-07,1.8899928548404276e-08,5.785656045311466e-05,3.863935574305617e-10,0.0022727573365473345,7.893090391216949e-06,5.972423353462771e-06,2.215363833478502e-09,3.4026052909995066e-11,2.280649304509959e-15,1.8463460101808852e-06,2.1955446384651704e-08,8.721234864023364e-09
58.54271356783919,6.202972297136264e-07,1.6953535822194637e-08,3.815667139565683e-08,1.1882925196720143e-06,1.7274317230093855e-08,2.728332764689706e-13,3.620749795057077e-09,1.611604347735593e-07,6.210483539163292e-11,5.250831636777915e-06,0.003911492232177763,6.788241126439182e-05,2.328626221417955e-05,1.567678102833366e-07,1.7741291358530803e-07,1.424752625557919e-09,0.002688239948144387,3.8558297359486764e-08,4.242712231471744e-06,5.644530038564351e-07,0.0001646932383467081,0.007400837225702318,1.549104732301706e-05,1.9324964383520354e-07,2.134045860062384e-08,7.844467079135687e-08,0.00312542730471022,8.474249179026127e-08,2.215005520318544e-11,8.363056687425903e-06,2.957212771564562e-06,1.087219649128147e-09,3.386383997267793e-07,8.65790191225839e-06,1.8093432215452836e-09,3.873505570761151e-09,0.005508008376943324,9.207460560839684e-09,0.02088594484351616,0.008841674529182029,6.648345197696814e-06,5.345460039913027e-06,0.0001373824718685371,3.0236319484452538e-05,0.0001532523558731363,6.851416537664537e-07,1.9917960208024545e-05,1.5009485305058676e-07,2.4801308401118374e-10,0.00034057071618981703,0.0015592675895243883,2.809857656315856e-09,2.412136966910909e-05,1.3298452972291975e-09,1.0684880079812189e-06,5.185377554977306e-06,6.199062059168109e-06,1.2603092445980131e-08,7.248870798503557e-06,1.0542997172979712e-05,2.8688225521072422e-08,1.1426319184341732e-06,1.3236306899997815e-07,0.02890997000901113,1.666835427292252e-06,4.3518525524724995e-10,1.4145207270065402e-06,7.127357946196339e-06,2.1667271597934038e-05,1.069714585412211e-08,2.7024165703170732e-05,2.907751149753502e-08,0.000300442052362642,2.505081708863854e-07,8.477145018346522e-08,1.3498206572470239e-08,3.442205484524071e-05,1.3641563200283412e-05,1.3629162501829032e-06,6.778796996247076e-05,0.00011076244366622478,3.587866060899927e-11,4.707662186697215e-07,0.002398919354490771,5.107151309047021e-06,1.9016979856587645e-05,2.8180186766452145e-05,1.5957291716458892e-06,1.215896693694051e-08,7.889302814740002e-05,1.6640700095156167e-06,3.732919096988615e-08,0.00026967222369569385,0.0009762433018563357,6.759282354988002e-05,3.483656299444948e-08,5.274491994942479e-07,4.453174623946023e-11,2.132336413500096e-10,7.553910858035816e-06,2.3310462100936095e-08,3.467952945459458e-10,0.000134679415342008,3.5673312280239606e-10,5.523827555530901e-07,3.5552512039010286e-07,1.6455411218251164e-08,0.0001964555032183142,5.282929676004883e-06,7.914539653146191e-06,2.7770568472437053e-06,6.121141667169204e-05,2.3696455905686455e-06,0.0007470265810506253,0.0003925332314743033,3.3008847515010265e-09,1.4187378257198128e-07,1.5329820201089678e-06,3.845589391656632e-08,7.92200829315349e-07,2.325092531489909e-12,1.6990182255776306e-05,2.2713589746293853e-07,1.5540089038030521e-06,6.751026940261362e-05,1.3761643300577076e-10,6.377849469940984e-05,0.00010576936867551772,1.5577617209445482e-08,0.0013115001351594426,2.0699593239206935e-06,8.4129664101743e-07,0.000509998748791289,4.117487664372187e-06,6.795353251849617e-05,2.7390315760061953e-06,1.0417828944561543e-09,7.335337079065244e-08,2.414451558161192e-10,8.859401874325357e-05,3.2112627139405766e-07,3.103746556515428e-06,1.957606088244551e-05,1.1728138444683506e-07,4.98271423154901e-05,3.7632527253713903e-10,5.270457802530439e-05,8.445280976648206e-08,1.3239047329630762e-06,0.0005661666807987547,7.990074177937916e-08,8.014583640182856e-09,1.4464202339984589e-08,0.0026481732820454245,0.00018750423459342692,1.7212970887785625e-08,3.834488213554918e-09,3.124682268288354e-05,3.8569078172693654e-09,2.4866969670318253e-07,2.5198911500512284e-07,9.237687252001072e-10,3.16225025569392e-07,3.5272510080529627e-07,9.085991716986667e-12,1.539874119728032e-08,8.414208518741726e-07,0.005315458267963164,3.7870059146233107e-07,9.983834361927753e-07,4.681604190592696e-09,4.712080333469543e-07,2.879655289974733e-06,5.539960582980904e-08,2.2738536630024023e-08,1.8156740138859717e-07,1.1547549910038562e-06,8.88235844774337e-08,2.9739609127469445e-06,7.958021235629943e-11,0.00020672158799012915,2.2735577274371736e-07,0.0003281278448868394,0.0004467021939732171,4.358077661671177e-10,0.0007125857557555448,3.729296762314269e-08,4.4111340568617274e-07,3.1967624989063595e-08,9.743571517712662e-05,7.17732054123884e-10,0.0030117363014448718,1.1505800988306475e-05,9.298051746558564e-06,4.486106155951726e-09,6.713886888125957e-11,6.677903290758131e-15,2.8181701829452824e-06,4.1917766554723747e-08,1.4526190433995925e-08
58.79396984924623,9.220859241131303e-07,2.9242869001549184e-08,6.136059185632761e-08,1.3614708183083041e-06,2.6236650278827433e-08,7.177248781889778e-13,6.457602867596639e-09,3.0122908790980246e-07,1.087141572013868e-10,8.451257193739014e-06,0.004762057105233931,9.66259365939532e-05,2.8496814833971594e-05,2.3751051700313236e-07,2.954903076014777e-07,3.2650799087675343e-09,0.0030995207244084587,6.107537385629384e-08,6.092639347614657e-06,9.680897677012687e-07,0.00022272958967235775,0.008869743201286025,2.16884021878893e-05,3.1122267100913705e-07,3.3792463602121524e-08,1.4312500690024094e-07,0.0035542264417490308,1.3912975286288925e-07,4.5059430546482524e-11,1.379654969228644e-05,3.856567881865062e-06,1.9981868007146906e-09,5.094960289168972e-07,1.2280195346997143e-05,2.8419680083476164e-09,7.713645377254963e-09,0.0067365802386359286,1.8331774768640136e-08,0.023799002108563963,0.010216372079204068,1.0313677795995976e-05,7.939442525344585e-06,0.00022156428901122833,4.624810148531844e-05,0.00021393486520354486,9.206406378421178e-07,2.8326988477279487e-05,2.747730551914887e-07,5.638690751074083e-10,0.00048463788963132954,0.0018945808901152878,5.212936079263528e-09,3.2287835600092514e-05,2.7542657778454795e-09,1.5022233615367556e-06,7.012497044072514e-06,8.836772917100155e-06,2.383895992941036e-08,1.0415968733026155e-05,1.4292959676190247e-05,4.8328620960146243e-08,1.7767713660593761e-06,2.3224765896483194e-07,0.034100895804635246,2.5168910817883557e-06,9.614879871896056e-10,2.1035294659382206e-06,1.1169487821901342e-05,3.22665126280419e-05,1.7200447805039137e-08,3.7080025146449306e-05,4.6528128604790364e-08,0.0004079090621604994,3.446769721261432e-07,1.551187269444655e-07,2.462523271219659e-08,4.8049435993964626e-05,1.884577772987161e-05,2.242982041067621e-06,9.385983282185995e-05,0.00015650516230914896,8.758313640102167e-11,6.973158373576113e-07,0.00290068940620885,9.375463921204088e-06,2.624631661381678e-05,3.8409485309582896e-05,2.135636450728862e-06,2.1234686147941796e-08,0.00011591755474683175,2.662909663484502e-06,7.39089179196308e-08,0.0004130029801075368,0.0012524209971248145,9.037039773938547e-05,6.192995464278878e-08,7.566308474771364e-07,8.80775727681991e-11,4.0511338677966843e-10,1.1294946913710722e-05,3.612809405980737e-08,5.929089167451245e-10,0.00018020177386669182,7.991535257818545e-10,9.740041901844042e-07,7.0814327565653e-07,2.560575787597757e-08,0.0002666964573042656,8.297080665304118e-06,1.0793759409588856e-05,4.153303584659664e-06,8.309303653163175e-05,3.954600753023469e-06,0.001044355417189239,0.000565216384832602,7.1855146319134814e-09,1.9430517711245553e-07,2.436019779380056e-06,7.29402434321449e-08,1.2704156456002989e-06,4.877604926092977e-12,2.698331085312762e-05,3.7322621153761545e-07,2.181796812100839e-06,0.00010251700588800687,2.8950530869216046e-10,9.343959414658069e-05,0.00012790030890980222,2.4354174081011075e-08,0.0018150817893359222,3.262338752357681e-06,1.4530860018046407e-06,0.0007311562092320056,6.328374817542527e-06,9.03522547078924e-05,3.905020400070231e-06,1.7729287037280555e-09,1.168269082397678e-07,4.511335021454387e-10,0.0001068387471699218,4.978026235505624e-07,5.36555298834333e-06,3.080319765074344e-05,1.8070476764824078e-07,7.731028140295246e-05,8.629764267997208e-10,8.394986850083615e-05,1.311905807890558e-07,2.2343342903597218e-06,0.0006466262374000605,1.3103275882553192e-07,1.4519925629746654e-08,2.4840442945518525e-08,0.003562413454314129,0.0002252520174860625,2.7257262538752154e-08,8.212372438012518e-09,4.0816947733629304e-05,7.243724192273777e-09,3.763979673895245e-07,4.657594016822234e-07,1.6145497562054708e-09,5.111566573441226e-07,6.317448807866651e-07,1.6358489864220516e-11,2.1014304863213824e-08,1.283420540463658e-06,0.006345240801466348,5.611437241877447e-07,1.5769747436406863e-06,8.541552323697653e-09,7.79198275219659e-07,4.0215763785412196e-06,8.375645982252877e-08,4.30343126235887e-08,3.0910183798888553e-07,1.8080445368530152e-06,1.5974123963466516e-07,4.6208569676286115e-06,1.5639807797207308e-10,0.00032119643743599036,3.270621300452473e-07,0.00042084446422501284,0.0005113634447980077,6.672838920403682e-10,0.0009035961299616386,7.631382422697181e-08,8.102188034249112e-07,5.391626826094303e-08,0.0001610399391803464,1.327935526685537e-09,0.003949334207967178,1.671454798464239e-05,1.4382615964335206e-05,8.972912596504636e-09,1.32540094398088e-10,1.9243721888763198e-14,4.2854064287503235e-06,7.929162067615342e-08,2.421698884919547e-08
59.04522613065326,1.3623462740367612e-06,5.020797557901121e-08,9.839689317102864e-08,1.5584058613856411e-06,3.981888087525523e-08,1.8666000373825026e-12,1.1492642453033976e-08,5.56532447742161e-07,1.9033992359623618e-10,1.3491021674122165e-05,0.005762925002090289,0.0001363995509356271,3.504154206692374e-05,3.5593217060901867e-07,4.889357850016127e-07,7.368007749105876e-09,0.0035692474022424874,9.645701175274186e-08,8.722678911400318e-06,1.655591395259302e-06,0.00029935957383607655,0.010580902659624525,3.0247332543280097e-05,5.005843276662534e-07,5.3202624374318414e-08,2.5878847920620794e-07,0.0040280118958517285,2.2681326387441838e-07,9.152464348913115e-11,2.255121454324005e-05,5.03112471664658e-06,3.639182913599392e-09,7.684525998092005e-07,1.7381251955496575e-05,4.4771925772620006e-09,1.5275409654605492e-08,0.008188232659967409,3.6133138157743046e-08,0.02705775344086008,0.011739417525588394,1.5815986032546093e-05,1.1688358087971171e-05,0.00035321373392501913,6.973937680954374e-05,0.0002970821798027228,1.2479737312334053e-06,3.990682072664917e-05,4.978672051595782e-07,1.2663510510721913e-09,0.0006849955085281469,0.0022891315273159303,9.56204968957574e-09,4.321141481159112e-05,5.635676213383641e-09,2.1035072482728834e-06,9.43265842085313e-06,1.2563945558018245e-05,4.4633284919432855e-08,1.4851741564649682e-05,1.9213709852837664e-05,8.102904011948528e-08,2.748424766462565e-06,4.0246722025812837e-07,0.039874788176995676,3.7882211104050216e-06,2.1001308471268218e-09,3.1025046688901435e-06,1.733736547928116e-05,4.7754735139096255e-05,2.7637291962605304e-08,5.096642928875696e-05,7.414863467318365e-08,0.0005494217595146108,4.7455343742711647e-07,2.8114384379274523e-07,4.436767047071722e-08,6.692677936429467e-05,2.608582223274692e-05,3.6672228261020995e-06,0.000129601440673492,0.00021974272794942636,2.102424934189603e-10,1.0281812478591654e-06,0.003500986966853866,1.7008747367474172e-05,3.6156824501768574e-05,5.2248344246471374e-05,2.862801080839684e-06,3.705184291053484e-08,0.00016832030824447816,4.264675500425905e-06,1.4416424844351168e-07,0.0006206837903191307,0.0015873580111267934,0.00011990149652268076,1.0887797261740063e-07,1.080467177480687e-06,1.7362308709807554e-10,7.644866547748592e-10,1.6787878455651598e-05,5.592714711846981e-08,1.0093681925620348e-09,0.0002400784504037965,1.7682260084749538e-09,1.7004258995938068e-06,1.391592042913969e-06,3.9877281158373476e-08,0.00036108120377528166,1.2909660027727547e-05,1.4699980595480772e-05,6.198195098140835e-06,0.00011201041226224936,6.498096531966742e-06,0.001449418151499477,0.0008077627605955679,1.5403380615428677e-08,2.664700066155355e-07,3.84121157379462e-06,1.3701741780690944e-07,2.028923243471695e-06,1.0196493013708967e-11,4.240853453767994e-05,6.1267720578031e-07,3.061985091479144e-06,0.00015418376863283675,6.038896267093116e-10,0.00013606453171439458,0.00015402989288791755,3.7957177501601225e-08,0.002480064384493482,5.125234522735552e-06,2.489908468639658e-06,0.0010447138143144634,9.64914992950346e-06,0.00011932145313171267,5.539950717976931e-06,2.9874819701103707e-09,1.8559557105351604e-07,8.366587865289373e-10,0.00012917293473306142,7.691367696729275e-07,9.206118645619945e-06,4.7917947204721784e-05,2.763432019188835e-07,0.00011879235398730614,1.9592788924629316e-09,0.00013195676937687685,2.0302600310954449e-07,3.743201188699422e-06,0.0007380454383553078,2.1453915014053447e-07,2.6193624585456486e-08,4.2438174128468007e-08,0.004745489318242666,0.0002709499138271182,4.307276905083384e-08,1.7435822832905825e-08,5.334541523205443e-05,1.347012801835895e-08,5.694172971491212e-07,8.508472609113946e-07,2.815190864234397e-09,8.235896009355284e-07,1.1185159975878225e-06,2.953886321803577e-11,2.883482683113605e-08,1.9575480369230047e-06,0.00753789721831067,8.260205695605098e-07,2.4714746577461118e-06,1.551317732930857e-08,1.2816744263617827e-06,5.624293332157282e-06,1.2733070531758696e-07,8.068292210173963e-08,5.236976610750161e-07,2.8028218378341716e-06,2.852330129741395e-07,7.140217034760859e-06,3.061393993246588e-10,0.0004933794513954839,4.677868160841562e-07,0.0005386281968430278,0.0005828951768324983,1.0277585391829663e-09,0.0011404456200142183,1.5460222863030644e-07,1.4749408209236595e-06,9.06006221963209e-08,0.0002611838675894227,2.4466462244772442e-09,0.00512448107399907,2.4191147307155192e-05,2.209655953405928e-05,1.772506871912046e-08,2.6146957581470435e-10,5.456140948077487e-14,6.489437825698468e-06,1.485475038277909e-07,4.041287269450564e-08
59.2964824120603,2.0012716102885498e-06,8.585084188328058e-08,1.573380134064228e-07,1.7840837331117954e-06,6.038683481688934e-08,4.795348838994543e-12,2.0401589969157642e-08,1.0160984060128203e-06,3.3326457490391083e-10,2.1359360334319267e-05,0.006935974045171174,0.00019092729010644247,4.329222585677912e-05,5.276418058022281e-07,8.034463783453929e-07,1.6364982621795745e-08,0.004106533496597214,1.518918236772743e-07,1.2449875642492865e-05,2.8203779082832424e-06,0.0003997448391006247,0.012559874478556448,4.201011475743446e-05,8.03892000514514e-07,8.325943022819032e-08,4.635787837056104e-07,0.004548671011745217,3.6726744060553434e-07,1.8555672505313017e-10,3.6503599799099744e-05,6.563437218772324e-06,6.567313069346554e-09,1.1610556050180424e-06,2.454728879972674e-05,7.0742377885415284e-09,3.0072708164696617e-08,0.009891626769842995,7.0516087888911e-08,0.03068346081732788,0.013414744918131633,2.397177833810833e-05,1.705543665398896e-05,0.0005560694589018521,0.00010369763216956495,0.00041027892084407745,1.7055234702751362e-06,5.5707312118724746e-05,8.928043199932804e-07,2.8079590138468095e-09,0.000961054162307107,0.002751142666156342,1.7338430933894982e-08,5.781231135730106e-05,1.139185004197045e-08,2.9350863357921284e-06,1.2621381128332026e-05,1.7810200669855455e-05,8.270871167364664e-08,2.1013115513638663e-05,2.560682959769457e-05,1.351356395816205e-07,4.228040243940391e-06,6.889866049124348e-07,0.04621677936782959,5.682199477339985e-06,4.534525803743065e-09,4.538903186682617e-06,2.6645873932336244e-05,7.023511658942779e-05,4.4381147604911295e-08,7.010922259564927e-05,1.1761856936587388e-07,0.0007340282385913348,6.539612231158723e-07,5.043922338706721e-07,7.892698865934698e-08,9.306027167401547e-05,3.616618789091105e-05,5.952988646369909e-06,0.0001783732936084349,0.0003065672775403472,4.961932200912863e-10,1.5102159090935332e-06,0.004215197418469412,3.0474260845544047e-05,4.971195305794595e-05,7.090770183144282e-05,3.842271122618364e-06,6.455981179180877e-08,0.00024157278618483995,6.828725070139346e-06,2.7698444633305046e-07,0.0009155730818447144,0.0019887753073160293,0.00015794551196888647,1.8928838799722544e-07,1.536530739422594e-06,3.4116458841813285e-10,1.4324749361166643e-09,2.480620984039344e-05,8.648661819466257e-08,1.7100598567631908e-09,0.000318392688658708,3.862312492392789e-09,2.9388178748573934e-06,2.696666584571381e-06,6.215251887205253e-08,0.000487324850781329,1.9891412086098812e-05,2.000783793051044e-05,9.231285977593247e-06,0.00014992708424321015,1.05141538043886e-05,0.001996025694042587,0.0011449809794319532,3.252253306956819e-08,3.6610502669402534e-07,6.011928609206119e-06,2.5494819829852736e-07,3.2252955642302696e-06,2.1224015092496153e-11,6.594841368587622e-05,1.0038476702439005e-06,4.295971770592398e-06,0.00022966605284444126,1.249038841647839e-09,0.0001968705407444688,0.00018483405930284674,5.895861668570678e-08,0.003345438225672871,8.022170679331835e-06,4.230309840266662e-06,0.001486446002789231,1.4595495062934376e-05,0.00015653881899241502,7.819301183905914e-06,4.983686119725007e-09,2.9398949084157456e-07,1.5400255232056793e-09,0.00015663740657404697,1.184162567251547e-06,1.5665147216349845e-05,7.369008664689865e-05,4.198601988609099e-07,0.0001806941905563134,4.4015255124740205e-09,0.00020464493658198422,3.1301331179998483e-07,6.2234679145211684e-06,0.0008416088357676872,3.5057676414156464e-07,4.7012009299482214e-08,7.209601978849948e-08,0.00625942070041602,0.00032648357580614866,6.78891348614157e-08,3.666204384968009e-08,6.973216150600973e-05,2.4798730476395995e-08,8.603522321396796e-07,1.5359215479426108e-06,4.896436712258874e-09,1.3219416921993067e-06,1.9569813225547857e-06,5.3481405675545626e-11,3.976315313847616e-08,2.9856980424043743e-06,0.008909046569537102,1.2081829064701206e-06,3.843999638751941e-06,2.803856444080738e-08,2.0965188572821906e-06,7.880831577116163e-06,1.9445857552266136e-07,1.497932458403148e-07,8.825816082311698e-07,4.300563107481615e-06,5.054156145226716e-07,1.096997954831866e-05,5.968640729744503e-10,0.000748801589131226,6.65261637424484e-07,0.0006877782614656138,0.0006620442223883372,1.5931472424875748e-09,0.0014326437190709306,3.097760299194594e-07,2.659132806328155e-06,1.5157223725084265e-07,0.000415647398561968,4.487705341484233e-09,0.0065792411723787185,3.4871671482924336e-05,3.3705370007499605e-05,3.4577725872517305e-08,5.148964407944621e-10,1.521665410838352e-13,9.782325663822424e-06,2.755160002920668e-07,6.750432984780198e-08
59.54773869346734,2.923928863758043e-06,1.4625788468520258e-07,2.5085215249721075e-07,2.0450280012255807e-06,9.150858742267976e-08,1.2160117361481493e-11,3.6109028566881e-08,1.8328568335750795e-06,5.83381401138091e-10,3.353837052542634e-05,0.008305805755928836,0.00026498311331138083,5.373056612130221e-05,7.738243631598741e-07,1.3107501490510915e-06,3.5763864382300854e-08,0.004722120538718649,2.3848471707818677e-07,1.7714513417167647e-05,4.781441800459177e-06,0.0005301723254879062,0.014830746094506702,5.8093508736192605e-05,1.2884593077522581e-06,1.2948584115715132e-07,8.224777824654739e-07,0.005117755491315549,5.908699961488504e-07,3.753243701850879e-10,5.8485350598488216e-05,8.55992916425874e-06,1.1742913510118899e-08,1.7559534955948907e-06,3.4589852258803817e-05,1.12104024891235e-08,5.883536180707804e-08,0.011876601747804102,1.3626106070725534e-07,0.034693129071567685,0.015245082775525106,3.590665085746351e-05,2.4667470565621624e-05,0.0008637082133585593,0.00015207801157511176,0.0005633386809696178,2.3480665156907035e-06,7.707932476364771e-05,1.584433550905255e-06,6.144555316043909e-09,0.0013376219718286367,0.0032897123560479843,3.10743240555056e-08,7.730512194191024e-05,2.274662618744185e-08,4.08286882624565e-06,1.6800839180196773e-05,2.5161918734660704e-05,1.516802304898271e-07,2.9500527937384936e-05,3.383295790849182e-05,2.2404586520456267e-07,6.466733215274482e-06,1.1654676719380975e-06,0.0530920483044448,8.492076866712749e-06,9.677346601848913e-09,6.587635693304774e-06,4.053796393789263e-05,0.00010263977713211787,7.123399549012967e-08,9.642747383715666e-05,1.8561423696627768e-07,0.0009725534887783418,9.021475482181422e-07,8.952204328582012e-07,1.3860710132839943e-07,0.0001292204071393109,5.02064826183727e-05,9.589013415468037e-06,0.00024459015629720965,0.0004249454372364767,1.1511758198586188e-09,2.2113136110988244e-06,0.005059619191314096,5.388630012411601e-05,6.820691382752532e-05,9.597227856320654e-05,5.161183586790054e-06,1.1227241517760968e-07,0.0003427303606655585,1.092123107902914e-05,5.241097189027643e-07,0.0013260460086808449,0.002464721931671469,0.00020668069924263,3.25413725207237e-07,2.1770199755239723e-06,6.682965968303959e-10,2.6644797635154763e-09,3.644387064091047e-05,1.3362019518558806e-07,2.8815629312766645e-09,0.0004202117033527115,8.324396210034048e-09,5.027544851658565e-06,5.150639231622704e-06,9.694140818476032e-08,0.0006553081280844852,3.0339683459259357e-05,2.7235104483267872e-05,1.3721061089515514e-05,0.00019925234440570585,1.6754037551224272e-05,0.0027262101387433503,0.0016087436507689515,6.76445544549584e-08,5.041233993563493e-07,9.341461911796333e-06,4.6995103206187436e-07,5.100849959988356e-06,4.395493051306817e-11,0.00010146030995415702,1.640189922350086e-06,6.025790602509588e-06,0.00033881407602267605,2.5617107127205477e-09,0.00028294395579437867,0.0002211181373789793,9.124984041889659e-08,0.004455213428487463,1.2504048800253844e-05,7.122325512223567e-06,0.0021040940851035895,2.190170784967322e-05,0.00020403937631291238,1.0978440821976861e-05,8.229664108280588e-09,4.6418346256241577e-07,2.813370037874111e-09,0.0001905672600698356,1.81607396624741e-06,2.6415886721083936e-05,0.0001120246750916348,6.344292549943495e-07,0.00027198122164754827,9.778811923926273e-09,0.00031308258152248333,4.807667194529077e-07,1.0266004153806982e-05,0.0009585610333625429,5.71541841670337e-07,8.388196821431225e-08,1.2174789557018118e-07,0.008175006103340283,0.0003942166201132234,1.0667392832168871e-07,7.627706973234356e-08,9.113449088658148e-05,4.5195703352377284e-08,1.2974726671133566e-06,2.7392227771919782e-06,8.494050316025024e-09,2.1125439166711895e-06,3.3825545421578417e-06,9.705005740525015e-11,5.50770074101735e-08,4.553208918972527e-06,0.010473373695952403,1.7562668802671478e-06,5.934751856333906e-06,5.0417445836260674e-08,3.4095579036517823e-06,1.1067972869470043e-05,2.9803805299136325e-07,2.752836486685925e-07,1.478794695469154e-06,6.52990028046519e-06,8.882880814268788e-07,1.675425677920408e-05,1.1589376545367316e-09,0.0011222607068000223,9.407894088457298e-07,0.000875977830220762,0.0007497747618841689,2.486253274749431e-09,0.0017912420693033163,6.133380187141057e-07,4.744509581549356e-06,2.5228621785634743e-07,0.0006490202015449238,8.192177246753405e-09,0.008357722600937497,5.0050230720663607e-05,5.102885233060534e-05,6.660878632557599e-08,1.0111164508555897e-09,4.1733822395529613e-13,1.4673635272060278e-05,5.057153652223963e-07,1.128455467960499e-07
59.798994974874375,4.2499790295487e-06,2.483303419303204e-07,3.987402698802102e-07,2.3497544473574436e-06,1.38558984620838e-07,3.041633735354337e-11,6.369129798443915e-08,3.2656085610989336e-06,1.0206277912193295e-09,5.2226789369199425e-05,0.009899846494495225,0.0003646098830252169,6.698180053332188e-05,1.1228787550563082e-06,2.1223534688945926e-06,7.68833698835541e-08,0.005428654053001184,3.733227990831369e-07,2.5125246697738803e-05,8.059447076620342e-06,0.0006981910837448761,0.017414798643389566,7.996818753110054e-05,2.06019605927601e-06,2.0008352236047387e-07,1.4448435218125078e-06,0.005736486929830001,9.447337357609906e-07,7.570024316468932e-10,9.270246373625345e-05,1.1157597688868536e-05,2.080545508288852e-08,2.6561223606140943e-06,4.862948529096913e-05,1.781560900229526e-08,1.1434107499582685e-07,0.014173675696917774,2.6070473600809417e-07,0.03909796093795609,0.017232177888726673,5.3147317946210644e-05,3.536400629109438e-05,0.0013223943981002374,0.00022003098097201214,0.0007688162225879148,3.2536478744850385e-06,0.00010574959973680261,2.7824992706170035e-06,1.3263771305120323e-08,0.0018458275418763894,0.003914874619496073,5.5041714037028534e-08,0.00010328438927370315,4.4861541824764727e-08,5.6643905891913956e-06,2.2250631521768157e-05,3.541227876643418e-05,2.752693330142862e-07,4.109511245644213e-05,4.432026247168532e-05,3.690448603522375e-07,9.831471591331474e-06,1.948530038959294e-06,0.060444008739645706,1.2642388694316801e-05,2.041155184350704e-08,9.486864618637432e-06,6.103872760089739e-05,0.0001490195265889341,1.1428207055819178e-07,0.00013248226134029753,2.9127953874108746e-07,0.0012777408780844446,1.2458897650226277e-06,1.5710170313924438e-06,2.4027585805081964e-07,0.00017922609217583938,6.976018991161802e-05,1.5319064581672767e-05,0.00033400181775804076,0.0005851928992631914,2.625046545202581e-09,3.230038036127678e-06,0.0060510650219342136,9.397280706869149e-05,9.337579560958781e-05,0.0001295013509223978,6.9359274571227765e-06,1.9476294245835558e-07,0.0004807709603058479,1.7427056268341224e-05,9.765551471019154e-07,0.0018864043716451074,0.0030236703773058923,0.00026880431101542705,5.531890991714513e-07,3.0744654070386716e-06,1.30503702469214e-09,4.918849459430669e-09,5.323868707506391e-05,2.0626221992029552e-07,4.8268283527124525e-09,0.0005517571951802686,1.7695346966001105e-08,8.51259877505491e-06,9.69205786479417e-06,1.5129752238691467e-07,0.0008775486149931973,4.5792756736673336e-05,3.7099270520350775e-05,2.0350942562293e-05,0.00026291150553408145,2.6295749284759003e-05,0.0036912070546898145,0.0022391971892505597,1.386177257604124e-07,6.959552798286364e-07,1.4412730745157752e-05,8.582596245859796e-07,8.021850223757297e-06,9.050636431715601e-11,0.00015441515693289092,2.6701654814352804e-06,8.450196191305335e-06,0.0004950106474621392,5.210145189017518e-09,0.0004037988633300023,0.000263842372546297,1.406892451512179e-07,0.005857728897392913,1.9399159334448296e-05,1.1877183505637611e-05,0.0029602657549362183,3.2603409066012386e-05,0.0002642708227734707,1.533071464683774e-05,1.3451739463215899e-08,7.303093160230674e-07,5.100716898536878e-09,0.00023268006727897276,2.7732509857377925e-06,4.411232830768327e-05,0.0001683470907562729,9.543885371673084e-07,0.0004049662742528649,2.1474626028401616e-08,0.00047244289245376204,7.356319597213512e-07,1.6796975723966995e-05,0.0010901992170323312,9.292408487559001e-07,1.4868614882732487e-07,2.042949649852494e-07,0.010571348221930163,0.00047710538385488426,1.6701780585834007e-07,1.5688993362319797e-07,0.00011903114829855023,8.153384683123577e-08,1.9517494825173483e-06,4.825417100128084e-06,1.4694545878005249e-08,3.359259942506345e-06,5.774369984451364e-06,1.7642293297599458e-10,7.65830674462348e-08,6.941075373053241e-06,0.012244015190387071,2.537789577023158e-06,9.097249903094337e-06,9.017062654938685e-08,5.511310787680758e-06,1.5583145901269364e-05,4.57973437980968e-07,5.005927580756756e-07,2.4622268557309145e-06,9.810246893568973e-06,1.5478226234491888e-06,2.5433150896242152e-05,2.240736568266022e-09,0.0016601420289500876,1.3230386718026163e-06,0.001112523633783453,0.0008473319629235568,3.906743488869264e-09,0.0022289643996864146,1.1989308833315727e-06,8.372216740898745e-06,4.175353157674378e-07,0.000994380792882388,1.487798808497869e-08,0.010504582682409142,7.15005757789072e-05,7.665399500082669e-05,1.2669867638978175e-07,1.978128321362155e-09,1.1253804559533066e-12,2.189502429581309e-05,9.182879528122718e-07,1.8873780593162897e-07
60.050251256281406,6.146902722885912e-06,4.2029200543968393e-07,6.318191144087424e-07,2.709365281437898e-06,2.096228668260646e-07,7.499974607272976e-11,1.1190658973726796e-07,5.745630820532529e-06,1.7837936219009712e-09,8.06534922203452e-05,0.011748307660563582,0.0004973576837840682,8.385845310216069e-05,1.6124147434551106e-06,3.409900891263695e-06,1.625588352434438e-07,0.006240995008673838,5.825851690081794e-07,3.5519362936595914e-05,1.3494658348070844e-05,0.0009127292234468597,0.020329021005396727,0.00010955788988316638,3.2847120959112757e-06,3.0712992017681707e-07,2.512400545339337e-06,0.00640578511160873,1.5014791718510103e-06,1.5215465823936136e-09,0.00014529942100811966,1.4532599896744741e-05,3.652752811856931e-08,4.015182400432889e-06,6.82089416054942e-05,2.8391269621249564e-08,2.2062256815353838e-07,0.016813416200282618,4.938376640651089e-07,0.043901745742602506,0.019377130294699015,7.773084515856336e-05,5.025841320265314e-05,0.0019940837644944337,0.00031415716353532837,0.0010425790633295504,4.533170953461927e-06,0.00014391236019884045,4.835061741694239e-06,2.8232173996915487e-08,0.0025239639656850737,0.004637647953056313,9.635346837948833e-08,0.00013783082408795592,8.73814151479173e-08,7.840307219544883e-06,2.9320519698352875e-05,4.962370915273528e-05,4.9431238455787e-07,5.680285072942057e-05,5.7574553298556645e-05,6.035753684715876e-07,1.4854038501189467e-05,3.2206105194373615e-06,0.06819336639099433,1.8743885225953975e-05,4.2544457224472205e-08,1.3558350184760102e-05,9.095501707889812e-05,0.00021491722977613398,1.8325975345387166e-07,0.00018166026467065176,4.5435659615808757e-07,0.001664336941663218,1.7223913891595916e-06,2.724646104575616e-06,4.1114573813563255e-07,0.0002483268024805407,9.697444519440074e-05,2.4261159438908877e-05,0.000454028512648971,0.0008005257148231086,5.8829205672162e-09,4.70975040891485e-06,0.007206346702462943,0.0001615082374419672,0.00012752964718813927,0.00017415097134043536,9.321495842459456e-06,3.368365895441916e-07,0.0006669747293807353,2.771646964986334e-05,1.7915296477609727e-06,0.0026370396412944063,0.0036746951688045584,0.00034765731939046364,9.299330619980725e-07,4.329670878670115e-06,2.540319942214292e-09,9.011340719076517e-09,7.733950503659864e-05,3.181227111162906e-07,8.03315597555468e-09,0.000720582278897956,3.70836920513845e-08,1.4264165461195185e-05,1.7959803077690677e-05,2.362434054771499e-07,0.0011697175638540097,6.837263834322367e-05,5.059634137250263e-05,3.0111853563736453e-05,0.0003444190953247549,4.065816757822933e-05,0.004952123798821316,0.0030858286893190806,2.7988772976601617e-07,9.634501572347712e-07,2.2082941935540362e-05,1.5529827070202886e-06,1.2538802237321953e-05,1.8516042792476658e-10,0.0002324652980670474,4.327566594558933e-06,1.184691590563328e-05,0.0007161891378052077,1.0509227443886855e-08,0.0005720529435982763,0.0003141493960486523,2.1605269478775754e-07,0.0076045295449801,2.9942138571649224e-05,1.9608513245003043e-05,0.004135446472412293,4.814709594620676e-05,0.0003401504980178211,2.1290100872031456e-05,2.1764221688648887e-08,1.1446046928055945e-06,9.177599327663134e-09,0.0002851898372480502,4.214768109215521e-06,7.289938727764671e-05,0.00025008383162471864,1.4307179687815966e-06,0.0005962699970011278,4.659214740208108e-08,0.0007031191100994573,1.121322399632187e-06,2.7252017051754552e-05,0.0012378653378717788,1.506059316489588e-06,2.6166183178530865e-07,3.4053448069856273e-07,0.013534681729303982,0.000578836707311511,2.6043750891004546e-07,3.1875758867441416e-07,0.00015529825787750372,1.4558478053313277e-07,2.9268261197728694e-06,8.394478946793774e-06,2.5348067961142047e-08,5.312347413829732e-06,9.733526651180277e-06,3.210928958372202e-10,1.0683236260248931e-07,1.0573772499971506e-05,0.014231914876340393,3.6459968787157215e-06,1.3848330450262477e-05,1.6036405604994533e-07,8.852028888674516e-06,2.1997340911575485e-05,7.048768362296739e-07,9.004262050202268e-07,4.072016530156046e-06,1.4582092444551021e-05,2.6728219548769847e-06,3.8367954029210355e-05,4.3126941494995925e-09,0.00242282611814185,1.85035416509219e-06,0.001408568242527505,0.000956314642450284,6.180637208390062e-09,0.002760316287324831,2.311946044692e-06,1.4602186791255884e-05,6.867355935906227e-07,0.0014949707249601299,2.6871635763337758e-08,0.013063141768437845,0.00010163096886134887,0.00011421409468649131,2.379581505358156e-07,3.852109177039897e-09,2.9831001920906595e-12,3.248832810483412e-05,1.6489324828263682e-06,3.157142911790269e-07
60.30150753768844,8.847829654179691e-06,7.090809205265655e-07,9.978284316435762e-07,3.1383331392319995e-06,3.168400005780991e-07,1.82203268273566e-10,1.957658586013676e-07,9.980327774753543e-06,3.112910846835432e-09,0.00012351023767751467,0.013883955822363897,0.0006725340712251854,0.00010541695626097235,2.291650369540135e-06,5.434966374284173e-06,3.3801730689166203e-07,0.0071765637944534895,9.061944006530103e-07,5.004256293141769e-05,2.2426577703649433e-05,0.0011841768473366307,0.023584550305273816,0.00014936222120652147,5.219139405723638e-06,4.6825850929300567e-07,4.32320032939626e-06,0.007126315511730559,2.3723004064355127e-06,3.0456509066910036e-09,0.00022509703241647072,1.891126273945672e-05,6.355527674901127e-08,6.060881563147317e-06,9.544546400053203e-05,4.536714753931169e-08,4.224198966206824e-07,0.019825665501020086,9.260067973610235e-07,0.04909925688039563,0.021680816080532895,0.00011233064627852869,7.081278129183406e-05,0.0029592050240079496,0.00044278669447851823,0.0014044211099106326,6.343662132426508e-06,0.0001943410497849898,8.312465400477494e-06,5.9231827652774906e-08,0.003418141316689489,0.005470062647697919,1.6669991852534227e-07,0.00018364155565206864,1.6807297945747426e-07,1.0829938539372002e-05,3.844533246231534e-05,6.920423516880451e-05,8.782503121710309e-07,7.79061894803128e-05,7.419173711700207e-05,9.795609612264984e-07,2.229837966331774e-05,5.263774495355992e-06,0.07623823695878669,2.76693712369901e-05,8.761931503342431e-08,1.9233343531097178e-05,0.00013413164310045677,0.0003078406121868694,2.9371867782780475e-07,0.0002483962257309669,7.042412813603944e-07,0.002149096340444125,2.3832479574071002e-06,4.667969379996761e-06,6.944943916636093e-07,0.00034371139466525866,0.0001348026931022861,3.807466772104564e-05,0.0006141538569114973,0.0010876817103114226,1.2956154851863301e-08,6.85934022883372e-06,0.00854165646030816,0.00027336692884152516,0.00017373267779457866,0.00023332021767831317,1.2523670341975313e-05,5.804464044641862e-07,0.0009153429862165241,4.388960996181389e-05,3.2355978772918645e-06,0.003624294034951593,0.004427734867365816,0.00044737842632152936,1.5459751052844266e-06,6.082734055635283e-06,4.928267301577896e-09,1.638204576997211e-08,0.00011173081176489404,4.901991892051709e-07,1.3276734094114438e-08,0.0009357469032831636,7.658643479800375e-08,2.3651596519931203e-05,3.275923718038502e-05,3.6897975261193383e-07,0.0015511828631141365,0.00010095839071744975,6.911000038681724e-05,4.44302156249433e-05,0.0004479530671279443,6.194308568194547e-05,0.006580081882437407,0.004208207326717056,5.568674906289914e-07,1.337565209763944e-06,3.3602193664930204e-05,2.7840803899379506e-06,1.94704318900224e-05,3.7613080710153423e-10,0.00034616454460276283,6.977066967363086e-06,1.6603285359570958e-05,0.001026033174459493,2.102460257398021e-08,0.0008042237013917365,0.0003733927731148059,3.3042072826186824e-07,0.009748803859989892,4.595602487484004e-05,3.203526761873658e-05,0.0057307883337965725,7.053339689939136e-05,0.000435121270870978,2.9399284074689676e-05,3.485812875575225e-08,1.7865286096712733e-06,1.6387389331218193e-08,0.0003509532080197126,6.371913834714276e-06,0.00011914484181462411,0.0003672487623909855,2.1392568839440644e-06,0.0008679280580855177,9.982614140249149e-08,0.0010319687512062344,1.7026572511139298e-06,4.383067015904731e-05,0.0014029388913825817,2.4322103418102056e-06,4.569123709521667e-07,5.636927384350822e-07,0.017156308345662633,0.0007039913923504989,4.0427405119454005e-07,6.392225565743634e-07,0.00020229800227250644,2.572745499514993e-07,4.372967780261363e-06,1.4417821599374178e-05,4.359297386136915e-08,8.350375114803948e-06,1.6197937067533406e-05,5.84725225882126e-10,1.4942010805948693e-07,1.608969561837735e-05,0.016445182022716172,5.209014742873758e-06,2.0938523790162544e-05,2.835388961719659e-07,1.4123136937570404e-05,3.1130654546109576e-05,1.0856319362006859e-06,1.6014741733005278e-06,6.685791337267961e-06,2.1445415345694384e-05,4.572261841387277e-06,5.7513729774366835e-05,8.260081745268202e-09,0.0034869340515368344,2.5737137791596527e-06,0.001777366510151166,0.001078757731205068,9.842026201041973e-09,0.0034016661716722075,4.394654093936881e-06,2.515774357201256e-05,1.121970342490012e-06,0.002205657623328808,4.82473758293728e-08,0.016073156872467066,0.00014367744288447672,0.0001687471501108092,4.412663019150109e-07,7.460694602161107e-09,7.771712821108855e-12,4.792425716449647e-05,2.9269774759688124e-06,5.279523617632509e-07
60.552763819095475,1.2675331602725535e-05,1.1923711097690597e-06,1.5703594764018409e-06,3.6555431248627112e-06,4.783993997069239e-07,4.358944704389543e-10,3.408130418409062e-07,1.7111244808856725e-05,5.421213328318333e-09,0.00018753938906715994,0.016341642863205823,0.0009014553169355428,0.0001330304227385145,3.2242464683903738e-06,8.59210479769153e-06,6.911928935669286e-07,0.008255707689610812,1.404727187083058e-06,7.025359611899955e-05,3.696251326087242e-05,0.0015244192848788678,0.02718514073795632,0.00020260744826631894,8.259529462453328e-06,7.089932903722005e-07,7.3595115640467745e-06,0.007898549650110118,3.726206990146009e-06,6.0669219539474264e-09,0.00034452726473736166,2.4584208828271685e-05,1.0960587795087625e-07,9.128542224144016e-06,0.00013323415648483597,7.268452432695129e-08,8.021009658111716e-07,0.023238603362578818,1.7184953457049553e-06,0.05467474227700893,0.024144361542235496,0.00016039744754786008,9.892861915298666e-05,0.004318659388936841,0.0006162799260180277,0.001878688968411124,8.90644394804333e-06,0.0002605240280418315,1.4137218311511442e-05,1.2244485385705282e-07,0.004582610418951225,0.006425157096661587,2.850515810828261e-07,0.0002441877605207411,3.1919050830313174e-07,1.4932205262834728e-05,5.016221958096475e-05,9.599866912857138e-05,1.5436842951509134e-06,0.00010602343241181753,9.487346375542614e-05,1.5766083784216144e-06,3.325210015404773e-05,8.509092264146648e-06,0.08445546338208135,4.065734577604409e-05,1.7826898466378636e-07,2.708509432155674e-05,0.00019577782445585906,0.00043784931102238057,4.7046818256332225e-07,0.00033843719807186476,1.0843220439999465e-06,0.0027506834917995797,3.299856638968297e-06,7.897072030071314e-06,1.158197644518927e-06,0.00047517732896526705,0.00018728427582830005,5.9190547078082245e-05,0.0008263748855712283,0.0014675954293064647,2.803895572893676e-08,9.98361788099422e-06,0.010071871503518352,0.0004553556549087421,0.00023602450221219082,0.0003113236856630582,1.681487475104563e-05,9.960449586349906e-07,0.00124305275964025,6.91286247413008e-05,5.752336810090406e-06,0.004899985810117495,0.005293926951227815,0.0005730920575854913,2.5420083977284016e-06,8.528270507203245e-06,9.526518445311376e-09,2.9553094962836592e-08,0.00016053243445949872,7.545696181128572e-07,2.178149615502092e-08,0.0012079816147743466,1.5581309012213744e-07,3.8801635400065174e-05,5.8794099492410736e-05,5.762939915002758e-07,0.0020455475706254497,0.00014739012927217427,9.456175232319528e-05,6.534216359017755e-05,0.0005784277463498896,9.300765457198296e-05,0.008655588138699113,0.005676174129705097,1.0917590556502586e-06,1.8621452561023917e-06,5.077750602595675e-05,4.944406601122689e-06,3.002054136958348e-05,7.582166428848123e-10,0.0005098614519847814,1.118167435467499e-05,2.32581893332676e-05,0.0014553389359436412,4.172031037050175e-08,0.0011216378736027006,0.0004431656764347388,5.031924707492297e-07,0.012343411311338813,7.010509802937434e-05,5.177160959841993e-05,0.00787017555758868,0.00010250189774241223,0.0005532027062801757,4.03640423971893e-05,5.5272984035342856e-08,2.7761493729022306e-06,2.9037742936667743e-08,0.00043365534506850087,9.577641114145745e-06,0.0001924621943076724,0.0005331392460761602,3.1930367680999996e-06,0.0012486123027025426,2.1111485807611926e-07,0.001493629019004668,2.5752946843285458e-06,6.986194410077027e-05,0.0015868315469556296,3.912128241092336e-06,7.912788458133414e-07,9.263619482441807e-07,0.021529440391115973,0.0008582353873587313,6.244279715653422e-07,1.2643083649516474e-06,0.00026298071671825864,4.4993307978606336e-07,6.506365161852479e-06,2.4442284173980623e-05,7.473085635848998e-08,1.3040299487997255e-05,2.660742746182473e-05,1.0647232062855436e-09,2.0940113296320535e-07,2.4443983071635364e-05,0.01888849061783504,7.402014617202673e-06,3.1450186096284425e-05,4.983016873403744e-07,2.237619633003404e-05,4.4159494436932764e-05,1.6716896299498123e-06,2.8154931472656903e-06,1.0893446453983292e-05,3.120797179467982e-05,7.745416169542458e-06,8.565430728190094e-05,1.5737092487971697e-08,0.004947050506726973,3.560493814576651e-06,0.0022345141267237686,0.0012172258093668775,1.576790413103889e-08,0.0041712886859960755,8.22881895645658e-06,4.279237935823185e-05,1.8200894674569859e-06,0.003193917992711872,8.607948963961321e-08,0.01956834853195228,0.0002019394278608857,0.00024714538032698783,8.07896150278437e-07,1.4360398705674139e-08,1.9896526290803773e-11,7.026031084590492e-05,5.1342169465941455e-06,8.821378064103076e-07
60.80402010050251,1.8072825864417417e-05,1.9979350154953428e-06,2.4622572793499896e-06,4.2856851439694854e-06,7.214818422925384e-07,1.0264643880022948e-09,5.90181357186058e-07,2.8949797678436555e-05,9.416439415253294e-09,0.0002823178390119325,0.019157547074792152,0.0011976838814043498,0.00016848136058224486,4.491606754589631e-06,1.3470266747816391e-05,1.3899130326729974e-06,0.009502074168643267,2.169608482496646e-06,9.826009382028703e-05,6.0371024594876817e-05,0.0019468045970668286,0.031125780430039277,0.0002734298919174095,1.3010510689318083e-05,1.0659593563567338e-06,1.2390829160738126e-05,0.008722829645179718,5.818006500412972e-06,1.2017625775866255e-08,0.0005207753162312774,3.192448050623531e-05,1.8738860971079857e-07,1.3708166486219404e-05,0.00018551733041689098,1.1675116917159871e-07,1.5094949148157826e-06,0.027077629799182323,3.155521295077552e-06,0.06060059652446732,0.02676962129717324,0.00022631190324935127,0.0001370552099828632,0.006194308680675816,0.0008473464910243442,0.002494877129981369,1.253177476387936e-05,0.00034682832599673095,2.3781480806325348e-05,2.4931574068427384e-07,0.006079604357054598,0.007516932439518181,4.818124906928987e-07,0.0003239027933764379,5.984221446881115e-07,2.0553686937290133e-05,6.513041963527397e-05,0.00013239467712843108,2.683871592956608e-06,0.00014317597994139777,0.00012044693250285535,2.5151559178825738e-06,4.924913773216779e-05,1.360781213456541e-05,0.09270319795462649,5.9452073600643124e-05,3.582473239575453e-07,3.78690364140716e-05,0.0002828809448136775,0.0006182674928967954,7.530142832004187e-07,0.00045914959525089947,1.658081741347763e-06,0.0034894492850660415,4.570766318736063e-06,1.3187929824937841e-05,1.9072872003681202e-06,0.0006559981083418419,0.0002599069232744844,9.11229878997385e-05,0.001105703958665665,0.001966097148464251,5.962561031709602e-08,1.4527777098886067e-05,0.011809821590867384,0.000745953812444345,0.00031969676666358023,0.00041359173793055715,2.2554790581282183e-05,1.7010177325172301e-06,0.0016709401379288976,0.00010819503739329776,1.0065934168897302e-05,0.006520588559301503,0.006285994484173991,0.0007311345928413626,4.1347031123547466e-06,1.193631186410438e-05,1.8342964342299056e-08,5.290753404709746e-08,0.00022939627498695853,1.1600854998757928e-06,3.5457663775656466e-08,0.0015498276395420486,3.1216778139194027e-07,6.297262690594387e-05,0.00010378313285928337,8.997909785777846e-07,0.0026811408185756108,0.00021270105372468205,0.0001296155096559865,9.572649631813936e-05,0.000741562930865308,0.00013766866914989307,0.011266876121117056,0.007569224718940651,2.1090740887500793e-06,2.5992061813212037e-06,7.619660090215093e-05,8.697149247557738e-06,4.593750880148538e-05,1.515900837319733e-09,0.0007427811057390453,1.780108843165811e-05,3.255910755234816e-05,0.0020434903660631488,8.211848431129987e-08,0.0015514317947805775,0.0005253287538741311,7.62993623328035e-07,0.015438567941642691,0.00010623965574475081,8.273220180325741e-05,0.010700891569748907,0.00014776627795431781,0.0006990329149091338,5.5094868615765704e-05,8.678488157510918e-08,4.293606487797536e-06,5.1059592121800735e-08,0.000538043806438273,1.4306312745432489e-05,0.00030709909376208454,0.0007651380347716242,4.760777090026546e-06,0.0017749045638681407,4.4048648807357647e-07,0.0021318113682383495,3.879697586028928e-06,0.00011032019938817692,0.0017909852034706279,6.264457599682872e-06,1.3584256903053632e-06,1.5109918705270474e-06,0.026744775645356246,0.0010485396573839522,9.592563987065744e-07,2.4647220490873386e-06,0.00034100093449641633,7.786445539951677e-07,9.635545122705852e-06,4.088874675299293e-05,1.2767795381973374e-07,2.0222396659479057e-05,4.313594398702398e-05,1.9373224899470747e-09,2.938625835573199e-07,3.705709955771127e-05,0.021562560395653997,1.0463305058996315e-05,4.6932911346627704e-05,8.702764963657587e-07,3.519430032537776e-05,6.276757183091017e-05,2.5713278532048168e-06,4.891162019464749e-06,1.7606029053121573e-05,4.494565161524982e-05,1.2988514450655063e-05,0.0001267179469957781,2.9811063764004764e-08,0.006916459625702314,4.8992443858127976e-06,0.0027981622443498705,0.0013749195940615478,2.5400208373948015e-08,0.005089361303683773,1.5168647356979594e-05,7.182609694810297e-05,2.9306910047674624e-06,0.004540025610115784,1.525398835709936e-07,0.02357381460273759,0.0002820594745694234,0.00035870430535199055,1.4603111652385372e-06,2.7450621030592693e-08,5.004820290325772e-11,0.000102347998072135,8.89649088901681e-06,1.4718826648387524e-06
61.05527638190955,2.5645540754042553e-05,3.3344767050404226e-06,3.845590873620787e-06,5.061120868123759e-06,1.0865759332422922e-06,2.37833394599553e-09,1.016104931058731e-06,4.8320974769197513e-05,1.6303791918360524e-08,0.00042128164562198314,0.02236807947894506,0.0015772334810094163,0.00021407855527758192,6.196661406227064e-06,2.0939234995263507e-05,2.7485692190491614e-06,0.010942961089014373,3.3380370953012685e-06,0.00013689292713279236,9.76456571173444e-05,0.0024660306198093984,0.03539158364303852,0.0003670964758942324,2.0386192946186884e-05,1.5912537174342923e-06,2.062728386778651e-05,0.009599426934670518,9.028440266851405e-06,2.36530233491085e-08,0.00077711633022077,4.141077675345339e-05,3.176628450997539e-07,2.050998801296079e-05,0.0002576377308556,1.8800797696804247e-07,2.813635301298468e-06,0.03136405152973651,5.7311794921553535e-06,0.06683630347257496,0.029559605430849095,0.0003155440412755668,0.00018831718433844711,0.008727117861834988,0.0011513806964693837,0.003288132125842234,1.7651878752446848e-05,0.000458695607282399,3.956191308671926e-05,4.998503757913479e-07,0.007978541675205453,0.008760254607824033,8.051261665290344e-07,0.00042840343198581783,1.107379723397105e-06,2.8246004576324332e-05,8.415369925173085e-05,0.00018144240986277894,4.614829363660239e-06,0.0001918632235941063,0.00015188988958489806,3.974900041236668e-06,7.243191422272263e-05,2.1532576260622174e-05,0.10082472788513627,8.649064060056201e-05,7.109088038526159e-07,5.2571603418601065e-05,0.000404728795991194,0.0008665263577463638,1.2041238152517587e-06,0.0006198672350245514,2.5175985645367065e-06,0.004387065950059377,6.3316253139325175e-06,2.1733617715985483e-05,3.102199348306193e-06,0.0009040280076892563,0.0003600693090964129,0.00013888358162013554,0.001470710662112899,0.0026145912274758536,1.2458845970148156e-07,2.1142211442439436e-05,0.013765570726718242,0.0012010032602144058,0.00043163225409705095,0.0005468988735038531,3.021715912049414e-05,2.8892675821467908e-06,0.0022240011276624754,0.0001681171213047729,1.7336015520380535e-05,0.008546074484646938,0.007418654191307628,0.0009293220186814974,6.654120703187801e-06,1.6680761004091953e-05,3.5166653518803066e-08,9.400480886156613e-08,0.00032602692426620013,1.7808573088510918e-06,5.725578269009907e-08,0.0019757400590487122,6.156923461713149e-07,0.00010108619182774321,0.00018011152252695557,1.4038692801733211e-06,0.0034914047246849965,0.00030337146168337586,0.00017795310610429566,0.00013961005615845142,0.0009439463597399561,0.00020093883934536795,0.014506977385134687,0.009974826646580072,4.014291005350796e-06,3.636270508299162e-06,0.00011352885602690634,1.514770568982028e-05,6.972745108895101e-05,3.004328911629774e-09,0.0010703000962207917,2.813277310582106e-05,4.553912871489122e-05,0.002839956279228012,1.6032292540754214e-07,0.0021276004478260205,0.0006220363984509122,1.1518524499154947e-06,0.019079293862256517,0.00015985663652171454,0.00013068584469684807,0.014392062655158305,0.00021130906202014156,0.0008778955784873822,7.475672193077462e-05,1.3495632681162713e-07,6.607086623461458e-06,8.909240692552411e-08,0.0006702189108625919,2.122659684777902e-05,0.000483761390719612,0.0010856041819421948,7.094576071506813e-06,0.0024925277414383214,9.063092113865648e-07,0.0030004457309228292,5.8210291625919705e-06,0.00017253920290841968,0.0020168753586892194,9.981997474781137e-06,2.3108880511996373e-06,2.44556475989947e-06,0.03288468556964432,0.0012834279658837057,1.4650610480382689e-06,4.73284682454852e-06,0.0004408479480300748,1.3333496217145503e-06,1.4197072347163325e-05,6.747847127791165e-05,2.1735791103812723e-07,3.112865795722575e-05,6.90106783892012e-05,3.52021884547517e-09,4.1270922156670843e-07,5.6027122809665565e-05,0.02446375921514874,1.471551712147575e-05,6.958819960971223e-05,1.5101313792791397e-06,5.493539242141739e-05,8.935663214594665e-05,3.947596869320785e-06,8.393807164747984e-06,2.8213864392514925e-05,6.40777050881971e-05,2.1554128597033325e-05,0.00018619500302965268,5.612266612285315e-08,0.009526347236527266,6.705729286485461e-06,0.0034891879010073104,0.00155579796501342,4.111044476963228e-08,0.006177905417776627,2.7511308243020994e-05,0.00011890873663241593,4.682513818464314e-06,0.00633611950983686,2.6836966331897943e-07,0.028103497714971403,0.0003913451839165017,0.000515773299465804,2.6058367908487892e-06,5.207722282626682e-08,1.2367938941618195e-10,0.00014810074915898053,1.522336865444223e-05,2.4509917691595353e-06
61.30653266331658,3.6213304258763814e-05,5.540094065954503e-06,5.981177365232384e-06,6.024392646923603e-06,1.6337659428728374e-06,5.420199204063926e-09,1.738490544679217e-06,7.955240886954044e-05,2.812287793548333e-08,0.0006230346797324426,0.026008416862870348,0.00205871958985082,0.0002728025836042087,8.468139920770746e-06,3.226956485321448e-05,5.34512709804109e-06,0.012609601162810482,5.114668076589835e-06,0.00018992725050131278,0.0001562932315222857,0.0030979400640604366,0.0399570800604701,0.0004902664386254173,3.1754087472983895e-05,2.3583363649034933e-06,3.394365501123242e-05,0.010528585027901757,1.3920898028258283e-05,4.621899241018885e-08,0.0011443995706836515,5.365719664799163e-05,5.340689734596686e-07,3.0554535262084485e-05,0.0003567964203120966,3.035026749293497e-07,5.190921432755649e-06,0.0361135620516776,1.0292210024280445e-05,0.07332773432175964,0.03251879739850985,0.0004348134501104723,0.00025666232807297835,0.012072137599804583,0.0015468128507203848,0.00429958926887486,2.4864682843769878e-05,0.0006028741573478541,6.507128389637065e-05,9.864556447343829e-07,0.010354451501121997,0.010170693196348531,1.3303415771743604e-06,0.0005647459682650932,2.0222544102943428e-06,3.8755295070905546e-05,0.0001082056390021668,0.0002469845863961028,7.846116898246792e-06,0.0002551446356424727,0.00019036184268438107,6.220100246980787e-06,0.00010576239599721219,3.371932794899138e-05,0.10865342856098223,0.00012514952158195438,1.3926435543264283e-06,7.246836898576558e-05,0.00057356604294261,0.0012051291838939184,1.9232453960611808e-06,0.0008322747484398251,3.7952819716964816e-06,0.005466010783891436,8.76859238893403e-06,3.533657166354274e-05,4.9849839668144715e-06,0.0012430791082596252,0.0004976606340401217,0.0002095213273365049,0.0019440832015765808,0.00345065228349454,2.55793834245464e-07,3.0776522165755856e-05,0.01594577106387629,0.0018992247633350609,0.0005807133173290784,0.0007196188322710367,4.0424618798266484e-05,4.8780953217142345e-06,0.002931892156140704,0.00025911715404553653,2.9383247589276822e-05,0.011038442894765021,0.008709008064239349,0.0011772602784458975,1.059782418423663e-05,2.327775658717462e-05,6.709990264867865e-08,1.6578582446177605e-07,0.0004608580016466506,2.7288006352506247e-06,9.168621279158461e-08,0.002502140631682071,1.1950914579132566e-06,0.00016046647107508192,0.0003071913714958363,2.187796730542859e-06,0.004515108706117829,0.0004275948707600085,0.0002446400029894291,0.00020255930826033354,0.0011930866701667599,0.00028929384635467117,0.018469343083887663,0.012985448263806026,7.526944812478427e-06,5.096476842160532e-06,0.00016792405482095267,2.611362877193232e-05,0.00010493261592670447,5.899503395202918e-09,0.0015254023174113057,4.411073284103704e-05,6.36200444818072e-05,0.0039056666150546816,3.1043391309903225e-07,0.0028920278576430648,0.0007357608784748474,1.7311629017818858e-06,0.02330275334495142,0.00023870103327501018,0.00020399292379762966,0.019129972076342757,0.00029974534934413063,0.0010957258817670442,0.00010082772598501286,2.079101195169915e-07,1.0112549501808861e-05,1.542545313812865e-07,0.0008379885081601627,3.127089338250701e-05,0.0007519215354385101,0.0015228190537049102,1.0571246542868319e-05,0.003457401309393229,1.8379454949724606e-06,0.004164507608061408,8.697278056520974e-06,0.0002671798457925607,0.002266021954773878,1.582053222685116e-05,3.894073902813558e-06,3.926717065334339e-06,0.04001600687705505,0.001573249275892774,2.223725133555094e-06,8.946684555699744e-06,0.0005679917583487972,2.25912082909188e-06,2.0803200692770427e-05,0.00010982563344391632,3.686200683000776e-07,4.754547891739265e-05,0.00010893995166971295,6.383714491269286e-09,5.797341299540883e-07,8.442920841617715e-05,0.027583861429197297,2.059337419594103e-05,0.00010251799367247686,2.6029392073696436e-06,8.507224821018946e-05,0.0001273373634598578,6.044315897892212e-06,1.4225506741020773e-05,4.4812268548740134e-05,9.046048958723254e-05,3.5384946487674984e-05,0.0002716812116207993,1.0495244703991616e-07,0.012922892997080689,9.13055431792631e-06,0.004331295772870779,0.0017647188746493924,6.679617423255855e-08,0.007460663075942319,4.906995671074525e-05,0.00019407471989555975,7.421679881689839e-06,0.008683861469381405,4.685520045704284e-07,0.03315789325644901,0.0005391262754108503,0.0007344990588274107,4.590218579586936e-06,9.799019191083115e-08,3.002329395820611e-10,0.00021283472082631082,2.5716707061874273e-05,4.070675540961339e-06
61.55778894472362,5.0877717914780196e-05,9.157327959347475e-06,9.261864436055443e-06,7.231599161209155e-06,2.451821524704676e-06,1.214600733298523e-08,2.954526144495118e-06,0.00012915237607016082,4.830254167836708e-08,0.0009129757147170801,0.03011063619594489,0.0026634304937839227,0.00034848433812017236,1.146532687805102e-05,4.929653809399027e-05,1.0221981940157665e-05,0.014537322908769329,7.80285331999967e-06,0.0002623588867802503,0.0002474068261195583,0.0038592175084740826,0.04478600279448064,0.0006512969038311911,4.913699986643964e-05,3.469892747502165e-06,5.5199700258311214e-05,0.011510537553940908,2.132029524137373e-05,8.95912914602055e-08,0.0016625860920228767,6.945121110255305e-05,8.907027646702023e-07,4.5294692502281956e-05,0.0004926382370479971,4.911216452307089e-07,9.472467347478915e-06,0.0413345175392155,1.826794018931535e-05,0.08000687937909229,0.03565330546438774,0.0005922433351721281,0.0003470298095558084,0.016389712922542835,0.002055478037306951,0.005576450701321521,3.499096917148962e-05,0.0007876898861398842,0.00010579689757431346,1.91574439209088e-06,0.013285519179328069,0.011764287684410332,2.174072140725168e-06,0.0007417175314429904,3.64366354160206e-06,5.308719420484419e-05,0.00013845800333865698,0.0003337917222613014,1.3187440970744516e-05,0.0003367283669132033,0.0002372424332563087,9.63359922815857e-06,0.00015329224115605,5.226326069684828e-05,0.11601863559908107,0.0001800650020072633,2.692222197081482e-06,9.919177109660575e-05,0.0008054148367308763,0.0016627141595503552,3.0674241570269394e-06,0.0011108158314290302,5.6799325039351475e-06,0.006748899956018523,1.2136345823150776e-05,5.6671544980870544e-05,7.916538649124672e-06,0.0017045927070672472,0.000685771698623036,0.0003128127203922747,0.0025531781552542493,0.004518460951630336,5.16019702926896e-07,4.481493506124996e-05,0.018353147860517293,0.0029481777637975883,0.0007783037762298642,0.000942002526369715,5.399395275035504e-05,8.181469443007293e-06,0.003829403274719601,0.00039582873340131774,4.900946477462056e-05,0.014059954111373564,0.010176874928290182,0.0014866965817665677,1.6708377120864176e-05,3.243680139051306e-05,1.2735626125098337e-07,2.902407288786414e-07,0.0006479204134213107,4.172018795164882e-06,1.4557304158799663e-07,0.0031474077626046947,2.2823442550640156e-06,0.00025184371223023315,0.0005147095562089793,3.4038442765591633e-06,0.0057963131823154206,0.0005955425849005621,0.0003366022857454046,0.0002921701950012444,0.0014974539750232236,0.0004109678243896671,0.02324194749896951,0.01669415898713797,1.3900878778720664e-05,7.1523997391650235e-06,0.00024653256340622433,4.454014010190739e-05,0.0001564858961041956,1.1473130282386347e-08,0.0021502781277278385,6.858028988132502e-05,8.874903820393272e-05,0.005314065711669427,5.960506994468756e-07,0.0038954021539954376,0.0008693141305220178,2.5901499189193e-06,0.02813563295809589,0.0003535309644053873,0.000314560766416155,0.02510938045899506,0.0004217641719909298,0.0013590885969208392,0.00013516747528618446,3.174123858840613e-07,1.5389394111989342e-05,2.650029720881967e-07,0.0010512929659806563,4.572521371180763e-05,0.0011526140374842407,0.0021119316642271516,1.5753757677261026e-05,0.004736351203961924,3.671752823369317e-06,0.005700328879601677,1.293868926699102e-05,0.0004095115920526238,0.002540010066728951,2.4928848898039505e-05,6.497901199439825e-06,6.253392897811292e-06,0.048181589419460505,0.001930468048154923,3.353213099225382e-06,1.6639936927268036e-05,0.0007290459773337954,3.7871030431668022e-06,3.0304624095463866e-05,0.00017623719140236505,6.226089940774721e-07,7.203395630413405e-05,0.00016967179144882733,1.1546805295855165e-08,8.140698225244752e-07,0.00012673202968641796,0.030909988063194747,2.867994277334858e-05,0.00015005425643171326,4.455454178461083e-06,0.00013065942958893583,0.00018152584740271975,9.223316688902801e-06,2.3802194159460624e-05,7.051782162733851e-05,0.00012650450122285662,5.7449890274205286e-05,0.00039357086868810164,1.9485851277391814e-07,0.017261725809290307,1.2368801095738747e-05,0.0053510230417508,0.002007603250020514,1.0885218343953583e-07,0.008962900409391763,8.603394737756322e-05,0.00031215367589651396,1.1666369299094993e-05,0.011690485921796421,8.114583280179961e-07,0.03872218733811372,0.0007371329773441987,0.0010356383745428964,7.981260009060064e-06,1.827686330764436e-07,7.15868827352752e-10,0.00030369463874126086,4.2875134067380135e-05,6.7384757051896645e-06
61.80904522613065,7.11065584522804e-05,1.5047464064092153e-05,1.4275409786382219e-05,8.756939262804146e-06,3.67122400841974e-06,2.675488165072697e-08,4.98529285842616e-06,0.00020672353707493373,8.256686006805511e-08,0.001325257806267454,0.03470144687838867,0.0034152926065448732,0.0004460203622233811,1.5383284448440762e-05,7.464072862637959e-05,1.9222805554090545e-05,0.016765514945874246,1.1849268824632705e-05,0.0003607445973547141,0.00038708286372067296,0.004766989325872181,0.0498316427415964,0.0008605926296533794,7.549125583267509e-05,5.06822771407427e-06,8.86880684724834e-05,0.012545495807400359,3.2420949986347e-05,1.721356887094043e-07,0.002382188656782004,8.980195903946948e-05,1.4739007329672787e-06,6.677872298605293e-05,0.0006779882419908444,7.965493533294897e-07,1.708530116547757e-05,0.0470260308252658,3.203297586446185e-05,0.08679208211724086,0.03897079579991492,0.0007975014933110216,0.00046553784179397,0.02183271851068307,0.002703005301999187,0.007171702713856945,4.9147998422498454e-05,0.0010233578094888942,0.00016998619123062745,3.6602017004058892e-06,0.016849711822664384,0.013557233471838587,3.514870626789982e-06,0.0009701611013433184,6.4760658629469004e-06,7.259146506207053e-05,0.00017631255968200964,0.00044769474656162654,2.1905942468868716e-05,0.00044106552035306585,0.00029417773282416974,1.4761555402758098e-05,0.0002205022407042715,8.018493124895412e-05,0.12275214371000567,0.0002575431031154179,5.1339929886568815e-06,0.00013480804336672315,0.0011210918026272304,0.0022751663182473893,4.8836833176664505e-06,0.0014731098920871895,8.438531310843755e-06,0.008257686475103885,1.6782169408798834e-05,8.963627079528453e-05,1.242897466741003e-05,0.0023296008019308093,0.0009415460056463684,0.0004621249481834282,0.0033305150447979362,0.005868986330526619,1.0228344687316824e-06,6.526966317544658e-05,0.020986167561900398,0.004489924478284531,0.001038803728208326,0.0012264714129882402,7.199474945123142e-05,1.3622838244036768e-05,0.0049568652142743365,0.0005988462107932582,8.043938316236161e-05,0.01767107576311488,0.011845014151916208,0.0018719055796501155,2.6083259096136555e-05,4.512799940114597e-05,2.40315972420618e-07,5.044610590887811e-07,0.0009059410839537476,6.361465982939524e-06,2.2913668207006774e-07,0.003931793256331536,4.28741465986467e-06,0.00039068078815361997,0.0008469062125482939,5.284273136983218e-06,0.007384000246873716,0.0008196098310285872,0.0004632358590998367,0.00041866410776011665,0.0018665052910214841,0.0005762741466780499,0.028899968333155786,0.02118879491884403,2.5280262013776325e-05,1.0044777588448006e-05,0.00035917293960825784,7.512567804109583e-05,0.00023114987632308118,2.2088606029174518e-08,0.002997994708988316,0.00010567013587735232,0.00012357796847468298,0.007151579150509189,1.1345392277919555e-06,0.005197886749198155,0.0010258674365860112,3.857813083923554e-06,0.033591703612170315,0.0005190623273077682,0.00047904332399476007,0.032520207813421194,0.0005886543116497058,0.0016751215220670364,0.0001800953745242151,4.803810224171031e-07,2.3277346540500517e-05,4.5170680445043313e-07,0.0013227020039714293,6.634396091307845e-05,0.0017416424477723442,0.0028958216525256215,2.348203475686929e-05,0.0064072720859819675,7.2220350762845745e-06,0.0076951715062393,1.9162559796521133e-05,0.0006210661736237588,0.002840522897030806,3.903650598487259e-05,1.0733965250486847e-05,9.875144767219372e-06,0.057390968737603416,0.002369961297060464,5.021831925737554e-06,3.0435031774818337e-05,0.0009319503696545324,6.281066762882926e-06,4.387194122325724e-05,0.00027875889422085507,1.0470359937116749e-06,0.00010822374851619388,0.0002607019923455889,2.0820946480166465e-08,1.1421425580574655e-06,0.00018936760212958783,0.03442474247401105,3.975376399327344e-05,0.00021818882355132297,7.5712826095441074e-06,0.00019896272382387888,0.0002586757557684677,1.4017167754211199e-05,3.9308970395920646e-05,0.0001099027389381981,0.0001753208546269378,9.221718531867416e-05,0.0005659218546989206,3.5899900216079476e-07,0.02269937012244441,1.6672207129263172e-05,0.006577616387881088,0.0022916266821723075,1.7774281234610477e-07,0.010711128049774766,0.00014821971245178035,0.0004945890694898506,1.8183905029929788e-05,0.01546319578620933,1.3933866537477245e-06,0.04476499651188312,0.0009998737986514775,0.0014453967563548902,1.3696961239661062e-05,3.377260299176515e-07,1.6764542239688706e-09,0.00043017536590842106,7.052816439757436e-05,1.1110534978259e-05
62.06030150753769,9.883850239307909e-05,2.4561417968934102e-05,2.1894936957848948e-05,1.0698827230224896e-05,5.482654742400164e-06,5.791748863681337e-08,8.348164738552988e-06,0.0003261568591566083,1.4040185413665343e-07,0.0019050567992944455,0.03979955007428147,0.004340704182808745,0.0005716275365778466,2.0458520958870257e-05,0.00011199967576938424,3.554367161674906e-05,0.019337307113154716,1.7907092425153075e-05,0.0004936137065596988,0.0005982294591203841,0.005838336161984099,0.05503779185246279,0.0011309964834425477,0.00011508286266700988,7.348880274806268e-06,0.00014074566494135792,0.013633604271424748,4.893156180616604e-05,3.2756047517788584e-07,0.003365399772448945,0.00011600137541327309,2.420433273642382e-06,9.78645981506847e-05,0.0009297600872741263,1.2947056621966383e-06,3.0438387315658054e-05,0.05317593408317479,5.546649905328667e-05,0.09358883212107835,0.042480164587102805,0.001061922021025991,0.0006196882756272775,0.02853023974663549,0.0035192301386597342,0.00914336671105819,6.884289775420511e-05,0.0013223330895473174,0.00026982733265840895,6.878204797990967e-06,0.021120523271203277,0.015565483064448746,5.623355181435544e-06,0.0012633300247602312,1.1351596455514977e-05,9.907116421034659e-05,0.00022343692452480289,0.0005957048194636603,3.5953172764965785e-05,0.0005734492461526062,0.0003631349566990219,2.2370912089910846e-05,0.00031472013821094854,0.00012178506392384095,0.12869497594881138,0.00036607496499005437,9.653439760443715e-06,0.00018190213717194964,0.0015474515655666283,0.0030866993280435954,7.758786554160444e-06,0.0019403538233286456,1.2445557453972642e-05,0.010012750629721696,2.317802897408209e-05,0.00013980684039294097,1.9298572982960416e-05,0.003170928422386565,0.0012871687988185974,0.0006754706778312158,0.004314158564671276,0.007559811954945483,1.9920824627971953e-06,9.505401864834197e-05,0.023838926489450817,0.0067052363478880125,0.001380269529999284,0.0015879143370318275,9.582519010206473e-05,2.250602879190025e-05,0.006360436704451373,0.0008966272173115801,0.0001299121942535087,0.021928127457671365,0.013739190424570315,0.0023500984055237844,4.032917019235433e-05,6.266915577563072e-05,4.5055357807232606e-07,8.705423852688152e-07,0.0012597089732251615,9.66919173242235e-06,3.5753276210136794e-07,0.004877258571304877,7.92039197233439e-06,0.000598874064025768,0.0013679282428100679,8.18110099231775e-06,0.009331291678531275,0.001114624547580893,0.000637165085691243,0.0005955903012939575,0.0023106921881670362,0.0007979481542154797,0.03549734619811946,0.026544863513803797,4.526078575361568e-05,1.4107655576111642e-05,0.0005191740205904174,0.00012524083625989257,0.00033804393223391935,4.2083259104723666e-08,0.004134119957176544,0.00016128484769994952,0.00017169568097890865,0.009517176849854779,2.1400196604320978e-06,0.006869387522002728,0.0012089696776567164,5.719668142907415e-06,0.03966969852850474,0.000755095182724512,0.0007202947136792521,0.0415293718666578,0.0008149180793934284,0.002051438065583615,0.00023847910348786687,7.209783293980939e-07,3.4981019603223913e-05,7.638852158823222e-07,0.0016679780160599525,9.549452322576377e-05,0.0025930065760517576,0.003925769853363928,3.500614450093043e-05,0.008558519362945079,1.3977847340517164e-05,0.010245838455074806,2.82486759871995e-05,0.0009317102024730442,0.0031693894873001814,6.072109085469852e-05,1.7548932704238437e-05,1.546044213673831e-05,0.06761078381708631,0.0029093058759327214,7.467367376751676e-06,5.471769695374444e-05,0.0011861772161904129,1.0306458457387172e-05,6.309982088331735e-05,0.0004344960885860375,1.752598351121232e-06,0.0001611990575699762,0.00039514247980893316,3.7408696400836654e-08,1.6002870700002798e-06,0.0002814968046417872,0.03810654068526361,5.484987900943091e-05,0.0003151236974247264,1.276875771793593e-05,0.0003002902659511832,0.0003681803166115363,2.120286901122957e-05,6.405941956518109e-05,0.00016957852238406944,0.00024090501351021985,0.00014630501972635862,0.0008075075938588372,6.559719171625571e-07,0.029381583256907828,2.2364595980617804e-05,0.00804274890763536,0.002625444209876775,2.905310698400269e-07,0.012732727342817217,0.0002508281566846684,0.0007716857115100776,2.8097852528817532e-05,0.0201020545040862,2.3713281393957835e-06,0.051237843039140814,0.0013449817314742083,0.001996225315501345,2.319796122956129e-05,6.179366315933171e-07,3.8557492368101885e-09,0.0006047463901254184,0.00011443974840216303,1.823429075367947e-05
62.311557788944725,0.00013661149357745066,3.979002476704797e-05,3.3407675024099504e-05,1.3188117071528373e-05,8.16295888983951e-06,1.231822827726499e-07,1.3867658973251188e-05,0.0005071386690554805,2.3740905526264268e-07,0.00271106761176904,0.04541269941523963,0.005468214268687956,0.0007331375293850862,2.6975088861188144e-05,0.0001665264742642105,6.461119476488473e-05,0.02229887318548888,2.6924596643428133e-05,0.0006719560691470156,0.0009127834087290748,0.0070897366887947705,0.06034024656588067,0.001478211702442218,0.00017398568489382284,1.057830160864045e-05,0.00022056644491933488,0.0147748677808566,7.326655225067726e-05,6.168716756044266e-07,0.004686633858545876,0.00014970108566042032,3.94535670804169e-06,0.00014249701587290377,0.0012700499675518879,2.1085099578960815e-06,5.3525481074996815e-05,0.05975869659755807,9.479378560549064e-05,0.10029115851651571,0.04619091914927355,0.0013986031945961114,0.0008185837670546236,0.03656887325567553,0.0045386301478372824,0.01155318493773311,9.608915120823768e-05,0.0016996972825830843,0.0004230134692941979,1.2710228631913185e-05,0.026161970339561115,0.017804261613681885,8.905732806808744e-06,0.001637264335783714,1.9618832412739196e-05,0.0001349219684903918,0.00028180532363404333,0.000786108114895887,5.828489303070954e-05,0.0007401179339955647,0.0004464657081540788,3.35214617451196e-05,0.000445623109451108,0.00018310788693507674,0.1337040281015113,0.0005169722690606954,1.7888877419850774e-05,0.00024366840253561668,0.00211887697145975,0.004150791624581826,1.2295063133270847e-05,0.0025376781649074937,1.8222109023255046e-05,0.012031925407171755,3.1963093197779754e-05,0.0002150127237521919,2.9646518143211622e-05,0.004295519254807063,0.0017509752793831229,0.0009767635248209303,0.005547917461366296,0.009654498643061313,3.812170263487432e-06,0.00013836309101931585,0.02690127625304799,0.00981475838420785,0.001825081045354803,0.00204397010714699,0.00012730942213496951,3.686961923177145e-05,0.00809220136907588,0.0013277302940643268,0.00020644889416124475,0.0268805892884636,0.01588802614957021,0.002941835037716855,6.177625944692836e-05,8.683672317163685e-05,8.387518871077338e-07,1.4916420327973903e-06,0.0017417362812436824,1.4642531446301793e-05,5.530184566647279e-07,0.006007226852185745,1.4386263226296023e-05,0.000906858523702901,0.002168113159500872,1.2624065939312719e-05,0.011694186510895798,0.0014979995266347712,0.0008751592094489309,0.000840623702014126,0.0028414481553597198,0.0010915086868128875,0.04305775886147193,0.03281756984859054,7.975073741661063e-05,1.9801807160901708e-05,0.0007444172031179682,0.00020624193591109043,0.0004892551180140925,7.931444957847711e-08,0.005638125575919287,0.00024374086559982155,0.00023792494627886324,0.01252068165566861,3.99830019798292e-06,0.008989228822836039,0.0014225653592830417,8.441050125197773e-06,0.04635161329196738,0.001087801503484398,0.0010690571327624716,0.05225824895387524,0.0011189712353835005,0.00249598419496321,0.00031383286872261023,1.0735046085188991e-06,5.220973354882369e-05,1.2815393666528346e-06,0.002106690062473579,0.00013633693102607213,0.00380220567187452,0.005261798398947137,5.2179834266411436e-05,0.011287305761935776,2.6604422864848624e-05,0.013456114107280533,4.144214502616007e-05,0.0013821559457586601,0.0035286493150223554,9.378262176706252e-05,2.8388242897163358e-05,2.3991783405349463e-05,0.07875581892910351,0.003569033247557511,1.1022452263114487e-05,9.665600050635909e-05,0.0015029673303627266,1.6731341339187777e-05,9.01380476317664e-05,0.0006672171978378607,2.9189758033412805e-06,0.00023799752929588652,0.0005907463258687858,6.693884254361543e-08,2.2382209375243605e-06,0.00041601639030006533,0.04193012020750806,7.533848885995214e-05,0.000451960877879677,2.136296648458618e-05,0.0004490649583853503,0.0005229793983831262,3.190346478810964e-05,0.00010298844472727456,0.0002589614723579286,0.0003283673442981308,0.00022935426680258155,0.0011430576880859383,1.1881294707620985e-06,0.03742887019806663,2.986147237068648e-05,0.009780045747735631,0.003019453690708387,4.749170271520123e-07,0.015055468969013039,0.0004168219542750718,0.0011852502236939445,4.3034540774672954e-05,0.025691744036582632,3.99806135747593e-06,0.058075444333819025,0.0017934888196655843,0.0027274814199966294,3.8770577576864004e-05,1.1189861052670438e-06,8.708965283616857e-09,0.00084358016516322,0.0001831250808443014,2.9766117943120777e-05
62.562814070351756,0.00018771827856258017,6.392243620756165e-05,5.06960463899261e-05,1.639914976955328e-05,1.211118826356299e-05,2.573476438562245e-07,2.284256475904659e-05,0.0007769792620612003,3.9904817378511813e-07,0.003818063913413973,0.05153459351728496,0.0068280290141258864,0.0009403282622336236,3.52711113028176e-05,0.00024531125694530695,0.00011544214997648541,0.02569825904086295,4.026813486021351e-05,0.0009097869642016958,0.0013742996378266733,0.008536469888496724,0.0656687912371827,0.0019212395612775385,0.00026072652046770894,1.5116619758527603e-05,0.0003412510464674157,0.015969059438928405,0.00010879391839573488,1.148850978981529e-06,0.006432165048974007,0.00019300840687295643,6.384274682220876e-06,0.00020605884278151543,0.0017274154863450284,3.4395752927742125e-06,9.284179662261682e-05,0.0667334244980225,0.00015981861264185673,0.10678364670762813,0.05011225393915376,0.001822479279084945,0.0010731510340890396,0.045973583557325934,0.005800776197639788,0.014464661997574688,0.0001335492737712337,0.00217357079992627,0.00065474805630241,2.3091682077010818e-05,0.03202306703772204,0.02028750090180955,1.396617308744209e-05,0.0021111766503567444,3.3423677903297396e-05,0.00018330789526043435,0.00035374555517839266,0.0010285221288449812,9.330011580174163e-05,0.0009483620618210909,0.0005469773678474107,4.9653950075879704e-05,0.0006258261139464744,0.00027253198766109387,0.13765818448277733,0.0007251333696219125,3.265394353400233e-05,0.0003240036652464527,0.0028790135889997896,0.005530821886297963,1.9424841356851707e-05,0.0032944192073789467,2.6487675014479404e-05,0.014329511853961365,4.399980880889275e-05,0.0003260414617195648,4.5076769528239186e-05,0.005786672376523664,0.0023686354415192535,0.0013972671225077067,0.007081276440639751,0.012221382856445574,7.168025992551075e-06,0.00020119602029309032,0.030159176239301783,0.014075236537179243,0.002400624828663499,0.0026152712153259,0.00016882167057144667,5.9858359280285686e-05,0.010209985174528289,0.0019433083622339977,0.0003228132851311087,0.03256803023356765,0.018322587027589446,0.003671411351761741,9.377186793923e-05,0.00012000450088079547,1.5493619601923413e-06,2.537766266998064e-06,0.002394222508338158,2.207988043641202e-05,8.479736715572687e-07,0.007346250373733174,2.5687592150689278e-05,0.0013561050839703806,0.00337075823535645,1.940412427335898e-05,0.014529772445162122,0.0019898101820091186,0.0011991989075165912,0.0011764316292686681,0.0034711532125263817,0.0014756356447695575,0.051565774163761846,0.04003355750262239,0.00013825415563052342,2.775869331602589e-05,0.0010585994153329045,0.0003352919244407972,0.0007005176884578554,1.4782775599977464e-07,0.007604328447357094,0.0003645652613276469,0.00032869619440670825,0.016279475479590518,7.395194689119817e-06,0.011645033912584831,0.0016710141219331046,1.2399305720524416e-05,0.053601500389767964,0.0015511212923252984,0.0015658201241364113,0.06475709319088462,0.0015239193304512177,0.0030168474053689103,0.00041042457142973643,1.5863885281800877e-06,7.736112657847424e-05,2.1326942575219008e-06,0.0026628483449268117,0.00019304395033461713,0.0054888923931184375,0.0069725187033354225,7.773858911590135e-05,0.014696899093570297,4.9765589505645134e-05,0.017432872024124517,6.0492113542978184e-05,0.0020268803033049814,0.0039206354710951226,0.00014375896393720817,4.542805009374109e-05,3.6895959480545754e-05,0.09068176808122562,0.004372822276961596,1.6147793867577852e-05,0.0001676896018018786,0.0018956029448454412,2.6871774762463343e-05,0.0001278535247118637,0.0010092140286142451,4.8355629720528225e-06,0.0003482442219007589,0.0008710633052342419,1.1924283188126327e-07,3.123628383532294e-06,0.0006108517103448326,0.045867196505062637,0.00010302582235587796,0.0006435466351138627,3.544212342600671e-05,0.0006651724956369527,0.0007407037656487442,4.7726127386567024e-05,0.0001633096862170974,0.00039124991809676136,0.0004442217608034678,0.0003551670338924181,0.0016046671561671599,2.1320374543489795e-06,0.04691993420102739,3.9694964237349555e-05,0.011824391052366056,0.003486102904388117,7.756337716372006e-07,0.017706908013103567,0.0006800073794332286,0.0017915009985203503,6.53202532997236e-05,0.03229276757593158,6.675358972618808e-06,0.06519682886212949,0.0023699808842112093,0.0036858318031509295,6.393403488690551e-05,2.004484882501996e-06,1.931756820336952e-08,0.0011673754812702617,0.00028892430005600633,4.829823451575955e-05
62.814070351758794,0.0002563928327710272,0.00010174672206424536,7.648911335216926e-05,2.0564566658140907e-05,1.7898013806258244e-05,5.279984947825725e-07,3.729378681318345e-05,0.0011727301672104274,6.665338697105721e-07,0.005319248085226876,0.05814179370286364,0.00845133539581577,0.0012052853480879146,4.5745766977720894e-05,0.0003579798225070621,0.00020268349580103713,0.029583650271858674,5.9891045939444604e-05,0.0012247826141797266,0.0020407944592115705,0.010192009882123732,0.07094953640903316,0.002482806607066986,0.00038709988089871656,2.144672847016217e-05,0.0005211186705276899,0.017215623348133244,0.0001601501797241936,2.1144598598525395e-06,0.008698528021476066,0.0002486051199464395,1.025685148901167e-05,0.0002958079175250955,0.002338314833196862,5.618199484875073e-06,0.00015873756821690197,0.07404210988659536,0.00026567484390353123,0.11294407765091449,0.0542518260077896,0.002350366697748119,0.0013963614188781256,0.05669065328208519,0.007350777713229767,0.017940418239719653,0.00018470606744228752,0.00276553661965429,0.0010002186787580072,4.1238907902136765e-05,0.0387320893970303,0.023027201692008205,2.169550368104044e-05,0.0027078297304636775,5.611668850278762e-05,0.00024838000065607207,0.0004419939112826236,0.0013339001893371914,0.00014742702848077446,0.0012066346631274805,0.0006680116185061434,7.26949671937168e-05,0.000871549414599984,0.0004015032084793641,0.1404635251425216,0.0010099433311076423,5.868215852841474e-05,0.0004275981940603393,0.0038827056167002514,0.007300210474817533,3.058129193752368e-05,0.004244261183417044,3.8228069093790165e-05,0.016915348274780282,6.04474135399838e-05,0.00048747469927526026,6.786308306677036e-05,0.007745858296430877,0.003184341485099675,0.0019772055212266123,0.008968968070110911,0.01533172464334024,1.324301030247591e-05,0.0002920592189932715,0.03359523685923358,0.019768861592991564,0.003139945273034063,0.0033256165103387413,0.00022344273954435817,9.625423495372664e-05,0.012776787774410414,0.0028096926711133267,0.0004966693855806763,0.03901662519634815,0.021075648231661127,0.004567181971980827,0.00014107757240825857,0.00016531346064509723,2.8379440260499235e-06,4.28674812051394e-06,0.0032712923793101387,3.313514221637849e-05,1.2890762876278534e-06,0.008919595468591621,4.508241398797672e-05,0.002001929564595731,0.005138514254134542,2.9692200127482582e-05,0.017893897768420732,0.0026127837030464223,0.0016376606887352155,0.0016315638397238512,0.004213073172299334,0.001972560737304699,0.06095912978309951,0.048183133370668256,0.00023572282110653848,3.883763830935045e-05,0.0014927260995028066,0.0005377976721775032,0.0009919323406604441,2.723892706053698e-07,0.010142056699539919,0.0005394678460182033,0.00045250975621920046,0.020913310622341506,1.3531972166797215e-05,0.014930604512115085,0.001959113960014982,1.8127902367080913e-05,0.0613647942394575,0.002188171107621286,0.002262729219024017,0.07897872277884295,0.002058389656145818,0.0036220188900676887,0.0005333903953742909,2.327677544187063e-06,0.00011375758388615358,3.52023429844976e-06,0.0033655107175350695,0.00027106678064720235,0.0077981652430775435,0.009134311724489523,0.00011569370249585807,0.018892469356736347,9.142983649273894e-05,0.02228076436521057,8.783685363737131e-05,0.002937344502332692,0.004348077379977341,0.0002186217423555124,7.189736965740105e-05,5.621934514119298e-05,0.10318094766906268,0.005347593898786697,2.3475178270862924e-05,0.0002856289663117607,0.00237972517549641,4.269800018726856e-05,0.00018002677623897022,0.0015033454180187712,7.964568231261e-06,0.0005049424657475808,0.0012666685907519557,2.1137905567862767e-07,4.348163175949412e-06,0.0008905690791306694,0.049887224040933126,0.0001402826908574304,0.0009094764951302177,5.8279410847162764e-05,0.0009756051196752702,0.0010450778559170327,7.094689911897801e-05,0.00025536614552922765,0.000584633771539808,0.0005967450321059264,0.0005431464278544982,0.002233322228840572,3.7882835433036515e-06,0.05787432505268045,5.254562251648189e-05,0.014210995938062203,0.004040244363641774,1.2644866995299704e-06,0.020713637312793014,0.0010888367240191228,0.002664004784356786,9.824199016889574e-05,0.039932837298924516,1.1033255697237698e-05,0.07250722152734287,0.00310257832814738,0.00492525427056851,0.00010401285502331469,3.5504600058889422e-06,4.207835404760753e-08,0.0016022531492303651,0.00044936952473920285,7.78414373123576e-05
63.065326633165824,0.0003480315993480279,0.00016033022599236808,0.00011470674986624228,2.5995127534752664e-05,2.633256031234347e-05,1.0636464120668196e-06,6.032536914420876e-05,0.0017434964186559404,1.1060385002122402e-06,0.007327988163688324,0.06519092218232815,0.010369442717610738,0.0015427810284825345,5.886680991836863e-05,0.0005174191362980692,0.0003495686247799737,0.03400101731902193,8.856295117692541e-05,0.0016389701453686598,0.0029876108860173735,0.012067451177587927,0.07610745410898331,0.00318974435536879,0.0005691687698394415,3.0211190514366238e-05,0.0007852860294358264,0.0185135898634366,0.00023363272578554682,3.843478255683458e-06,0.011589381122883418,0.00031989282870737595,1.636127754764318e-05,0.00042140762763960316,0.0031486456790521533,9.18430156618536e-06,0.0002673528482783331,0.08160833110465017,0.0004352333431554764,0.1186466595868683,0.05861425630114232,0.003000987527752127,0.0018034376375998635,0.0685755264385095,0.009239679490161086,0.02203886168733272,0.0002540636148546447,0.003501052964222726,0.0015075105744936268,7.238393635776719e-05,0.04629101003707981,0.026032740914411788,3.339636190975707e-05,0.0034538809377283874,9.282758520420236e-05,0.0003355445468876643,0.0005497602869143567,0.001714472691984942,0.0002298809565246025,0.0015246658141172533,0.0008135283410420141,0.00010517838759566065,0.0012033473308528787,0.000585414293906823,0.14205729910376075,0.0013962989210607789,0.00010376556191795736,0.0005600190336945476,0.0051980268578206415,0.009541842620587444,4.795041236852748e-05,0.005425196302762398,5.478378186305331e-05,0.01979400094169614,8.285764245161854e-05,0.0007186449594519362,0.00010120031672011584,0.010293646340598444,0.004251885075801337,0.0027674660811459486,0.011270087849791525,0.019057145300397777,2.4039684332434925e-05,0.00042289253555740687,0.037189393744439254,0.02718414577243531,0.00408229645289259,0.004202032967712621,0.00029515467002981885,0.00015321846632442967,0.01585970704205175,0.004010792242686685,0.0007519141273811147,0.04623527281417651,0.024180595391357657,0.0056617693200487155,0.0002103969446869735,0.00022687492731532794,5.150846320981134e-06,7.188619452213695e-06,0.0044414199481200645,4.945950382552434e-05,1.943021033588057e-06,0.01075274795700839,7.775773020769584e-05,0.0029164336181329797,0.007678040022432271,4.520574572187192e-05,0.0218383319304775,0.003392190354211602,0.002226552991984818,0.0022412986594318104,0.005081270600669879,0.002608467242361227,0.07112318533362864,0.0572138496674031,0.00039513616933801977,5.419931698481407e-05,0.002086823671922321,0.0008505420156922534,0.0013886804791857275,4.960597403205444e-07,0.013374656012352899,0.0007894815687012359,0.0006204962556189055,0.026537056396297314,2.4479317319373855e-05,0.01894261635127771,0.0022921308518059117,2.6376326064454465e-05,0.06956816928729528,0.0030525173916886284,0.0032253493360307377,0.09475470235873987,0.002757383061134543,0.0043191146330375275,0.0006888546113268747,3.3925774541353335e-06,0.0001659442650198282,5.762448445791293e-06,0.004249291384737717,0.0003774508596250732,0.010899629610246172,0.011829666421387823,0.0001718818229207795,0.023975517451958347,0.00016487222054128108,0.028095514975083988,0.00012684787166082935,0.004205295500968699,0.0048142230070773295,0.00032969573236168347,0.00011251605213282379,8.48593632784233e-05,0.11598216378305216,0.006523465632793663,3.386247011940116e-05,0.00047749813120942036,0.0029737025426410943,6.712220102624768e-05,0.0002515853668715601,0.002205130258408456,1.303755511987436e-05,0.0007254402662053783,0.0018163674516593752,3.7273762779684816e-07,6.0352500325178925e-06,0.0012883180202254067,0.053958210476450885,0.00019020711877212656,0.0012752526952756465,9.493409433167009e-05,0.001416394476578491,0.001467581001614635,0.00010475375498906251,0.00039369397815526634,0.000863738433649402,0.0007964197884088096,0.0008200531276192762,0.003080447616947419,6.6614582952481405e-06,0.07023600568737645,6.928298062160728e-05,0.016974217940873733,0.0046995394349212275,2.0559577751520514e-06,0.024100380170871506,0.0017108256562352994,0.0038962515829798813,0.0001463858059489675,0.048599268736325765,1.8045983896701645e-05,0.07990057864262463,0.004022686806938033,0.006506481429153464,0.00016692155284136112,6.215647821009028e-06,9.00081354276566e-08,0.002180682900671823,0.000688864321399374,0.00012452459296299843
63.31658291457286,0.0004694536491836471,0.00024991665169195673,0.00017092326886010417,3.310614838343439e-05,3.855150755761641e-05,2.103435707233651e-06,9.664026043652454e-05,0.002552769827023693,1.8229142422647212e-06,0.009978398787698762,0.072616445811532,0.012612754371320345,0.001970651715859725,7.517876496456462e-05,0.0007406310858452717,0.0005920367202179419,0.03899111619570216,0.00013017714636324085,0.0021794425566225295,0.004309934825900034,0.014171002342963071,0.08106893624979959,0.004073271880600936,0.0008284550615482067,4.2258743845674517e-05,0.0011674839493344038,0.019861522720757575,0.0003376785996562154,6.895785358463367e-06,0.015210621823959809,0.000411168574081362,2.5913197460156733e-05,0.0005955547589945511,0.0042152735002565014,1.5017448014592144e-05,0.0004432840694825874,0.08933662664441139,0.0007022838119694143,0.12376578686018064,0.06319940760028567,0.003794975092333014,0.0023120333898600082,0.08138813228497259,0.011524737943898035,0.02681024968530051,0.0003473772354011455,0.004409824088877404,0.00224084205447072,0.00012485385065824322,0.054670520734158776,0.029310147034417727,5.0958375352493996e-05,0.004380160794234079,0.0001512515097215629,0.0004517863523059014,0.0006808060926480644,0.002183617404073244,0.0003536114130041173,0.0019135818852974156,0.0009881922461098367,0.00015038188970931213,0.0016468655297110035,0.0008446190509799351,0.14241041944302235,0.001915731720211081,0.0001804396429804119,0.0007277794522007581,0.0069082106005740026,0.012346534131934336,7.483766251589675e-05,0.006879245899005688,7.796380355229729e-05,0.022964141407519623,0.0001132983052052213,0.0010446862509198211,0.00014953862104986025,0.013569141093121195,0.005635467842994734,0.0038312761326382387,0.014046660151641226,0.023466331206517543,4.287632036142794e-05,0.0006102576299092548,0.04091963671888242,0.03658764463974879,0.00527350669915556,0.005274680037154342,0.00038907879701954005,0.00024130201185451324,0.019528229470459752,0.005649907914802247,0.001120131268653435,0.05421140379862163,0.02766992906839386,0.006992099210263634,0.00031106331946014295,0.0003100074393975657,9.25689188414224e-06,1.1965465187800718e-05,0.005989865445966408,7.339073059723901e-05,2.9042834552008447e-06,0.012870841344427595,0.00013179116787610435,0.004191267965373728,0.011241037931593511,6.84388837183049e-05,0.02640749095862251,0.004355633449958754,0.0030106957786906877,0.0030483557692973246,0.006090483910702035,0.0034138910763670265,0.08188856411314588,0.06702631511788142,0.0006509540755066958,7.53990200543156e-05,0.0028918291367715037,0.0013255164862911724,0.0019216725651661308,8.926409935895153e-07,0.01743689573675457,0.001142242243016579,0.0008470804410779275,0.03325140793647957,4.3745033341881436e-05,0.023775999493040444,0.002675837911533618,3.819062404674565e-05,0.0781199084599794,0.004209110921857651,0.00453400751883042,0.11177791151264026,0.0036630906179700037,0.005115066392675277,0.0008840516244626849,4.9137872120886615e-06,0.00024005614724576703,9.353488409716477e-06,0.005354679159962676,0.0005212050080132851,0.014983278397271182,0.01514452506941839,0.00025471692399538687,0.030036934176674187,0.0002916243277206574,0.03495597437806542,0.00018214793301292903,0.005945781817031581,0.005322979192211156,0.0004928437884903151,0.00017407662439940867,0.00012686392867524308,0.128755734352314,0.007933519844160663,4.846312040280753e-05,0.0007832129311314467,0.003699053161736299,0.00010439331645154313,0.0003488747839843748,0.0031846863799324604,2.120116629961169e-05,0.0010325832783129475,0.002568232888765175,6.535779787267788e-07,8.350143538563866e-06,0.001848071306802408,0.058047529143680394,0.00025682823545368467,0.0017735641306762015,0.00015310892385189662,0.002034783807775138,0.002049331428715101,0.00015356067083661078,0.0005983020898843866,0.0012612743767771919,0.0010564732791783116,0.0012220591421608343,0.0042093267205660975,1.1586102073251095e-05,0.08385988291554171,9.101722254271901e-05,0.020146136722016414,0.00548490931271926,3.3312025821095877e-06,0.027888905619925276,0.002637296089706131,0.00560332381769925,0.00021606677346780847,0.0582331833710537,2.9198269079398436e-05,0.08726260467422763,0.005164464639669967,0.008495733261557855,0.00026421169943331095,1.0750620718478923e-05,1.8906930759844197e-07,0.0029423776660254864,0.0010406639737743646,0.00019758704222922114
63.5678391959799,0.0006292039832280994,0.000385069597839839,0.00025298089037817265,4.2452646263005987e-05,5.6136046599902233e-05,4.082696389935336e-06,0.0001532616356030591,0.003680513021834047,2.9834502439694838e-06,0.0134240959221774,0.08032937593698393,0.0152095953120577,0.0025101481523576853,9.531201985217952e-05,0.0010497026894595706,0.0009842195520198182,0.04458587916397484,0.00019015703722602702,0.00287905258126966,0.006124438542571187,0.016507582147903023,0.08576420455540881,0.005169119208886368,0.0011933024165818392,5.8702547808465976e-05,0.0017120320974062398,0.02125751654429042,0.0004834360980493249,1.220523585986499e-05,0.01966370043082369,0.0005278337542651126,4.074755306387575e-05,0.0008347001221168007,0.005607375767214728,2.4543719199171794e-05,0.0007231088074974033,0.09711276516470385,0.0011155532983737396,0.1281802199699121,0.0680005165187027,0.004754866900145438,0.0029423705565385506,0.09479754455358075,0.01426946739955214,0.032292285771723044,0.000471908911225525,0.005526088802257755,0.0032838787094305695,0.00021160840922772827,0.0638060689593271,0.03286137354355446,7.710125940809836e-05,0.005521844020508725,0.0002426899389908103,0.0006060512909882235,0.0008395377651545952,0.002755656931087847,0.0005364395996359584,0.0023860303715036633,0.0011974586470505236,0.0002124757041964974,0.002233576080438751,0.0012055432775024606,0.14152833681749377,0.002607578075806,0.000308387283413743,0.0009383879881882985,0.009113166736457833,0.015810310768504976,0.000116193309443625,0.008651884417254936,0.00011019075407997236,0.026418166078853094,0.00015451128669933135,0.0014976315418397353,0.00021902264544093237,0.017727223161958267,0.007410043493830776,0.005245670783398502,0.017361578310252812,0.02862102583702586,7.513476291474024e-05,0.0008768161896253148,0.04476271119781633,0.048187294494736035,0.006766047982854529,0.0065765458539495366,0.00051176099979266,0.0003757827903265619,0.023851764660319533,0.007850432935627899,0.0016420714461990512,0.06290667778136258,0.03157336598037509,0.00859919547263124,0.00045591522374449444,0.00042150485380788145,1.6460760724735468e-05,1.9764182919242317e-05,0.008020835983844682,0.00010820148522247361,4.305566533649682e-06,0.015298007943157136,0.00021948137187276194,0.005939754477214788,0.016119392694879945,0.0001029752751158004,0.03163485463586147,0.005532740096870066,0.004044688566925396,0.004103366218903823,0.007255970156979059,0.004424108857238166,0.09303282323567066,0.07747298181256328,0.0010535277124691879,0.00010450343234576559,0.003971567299439005,0.0020343318963193546,0.002628055133158391,1.5867772408036882e-06,0.022470312611657592,0.0016333455906084968,0.0011507463439736432,0.04113185130282715,7.71606599362193e-05,0.029517958784144902,0.003116567465892698,5.5020543318099385e-05,0.0869107460229956,0.005734625528712517,0.006284360976966802,0.1295955692826446,0.004825596328851623,0.006015798956863629,0.0011274464814769874,7.075640271935852e-06,0.0003442586404635033,1.5052271121870462e-05,0.00672805148006248,0.0007137251296152673,0.020251298728483177,0.019164532693159344,0.0003761966431075818,0.037148882492141204,0.0005056322107380784,0.04291525295282909,0.0002600199727597503,0.008299334851829659,0.005879067168410967,0.0007299508364593757,0.00026619793671648473,0.00018781025821712832,0.141124257713531,0.009613338539545345,6.881295560007448e-05,0.001260091542235508,0.004580915807261478,0.00016062886520857732,0.0004799645567605264,0.004528239735594626,3.4233863333000666e-05,0.0014560512327861474,0.0035802857158959115,1.1391666720090961e-06,1.1512792476000847e-05,0.0026270648443494833,0.06212267676770711,0.00034535911430435255,0.002445628890737975,0.0002443420130162636,0.002891527049034621,0.0028431047454215747,0.0002234055521070476,0.0008961419238734044,0.0018198187155720265,0.0013935207466186242,0.001797025070605037,0.0056961853321545455,1.9920914438443887e-05,0.0985034521176377,0.0001191647938070408,0.02375490839662061,0.006421024074991763,5.374531199029617e-06,0.03209675584206205,0.003987910391456217,0.007921977166740889,0.00031586293311767143,0.0687261968456116,4.67190041382175e-05,0.09447405655641324,0.006563963541805276,0.010962611063024999,0.0004124281947488763,1.836370419410533e-05,3.900122744280519e-07,0.003935065150024299,0.0015490982734336308,0.0003107535981541558
63.81909547738694,0.0008379040961936972,0.0005860753753259573,0.0003717852510184528,5.4775862800739535e-05,8.126286257312468e-05,7.776289582435603e-06,0.00024051827196594895,0.0052246209683968385,4.847806616255716e-06,0.0178343733420248,0.08821720404604577,0.018184933306557276,0.0031862249385673285,0.00011999312857090676,0.0014728621114450684,0.0016053674618030703,0.05080430054439651,0.0002759853562753893,0.0037770196421536874,0.008569386597797738,0.019078544368859283,0.09012942052852098,0.006517418528520104,0.0017003645546356245,8.099270988301867e-05,0.002475825962247039,0.02269925970696073,0.0006854310290082432,2.1301226567513152e-05,0.025037294693767122,0.0006766381041218999,6.36080008185519e-05,0.0011598457650641076,0.007407354762930288,4.0060924578897106e-05,0.0011598212292477292,0.1048051073578604,0.0017435046947006183,0.131777537447882,0.07300228434752669,0.005905088845032203,0.003717317142371439,0.10839664765882817,0.01754330407455764,0.03850547490217016,0.0006367011441031227,0.006888776403093111,0.004742724370460538,0.0003523584993391892,0.0735953105993458,0.03668360603599598,0.00011570892736305099,0.006918462292546327,0.0003833785066285324,0.0008096888724429604,0.0010311184895967758,0.003445588724926785,0.0008023629645848811,0.00295631070108237,0.0014476537981576217,0.00029667935488859474,0.00300141893021043,0.001701820236954707,0.13945025957208457,0.003520113407073939,0.00051773020177821,0.0012003709361250127,0.01193014086499556,0.02003031760315418,0.00017935227899079344,0.010791110570108672,0.00015468383287033208,0.030142097751654103,0.00021011218771942308,0.0021174870562910906,0.0003180609472572787,0.02293286006440701,0.00966095022900473,0.00710249322811989,0.02127587113475667,0.034571385486791444,0.00012935481871167783,0.0012531008259027555,0.04869471515728453,0.062090036817097745,0.008618686006695306,0.008142884624380958,0.0006715052623393529,0.0005783783139604411,0.028896325013390543,0.01075480761285313,0.0023690171707787602,0.07225289315090257,0.03591556628239034,0.010527662242432071,0.000662379622841423,0.0005699296210381295,2.8941408746742046e-05,3.2386629717985653e-05,0.010658938520489143,0.00015841897257238215,6.3317297068122155e-06,0.018056650556799638,0.0003591266512506241,0.008297742934624578,0.02263203574966863,0.0001539059943778272,0.03753925111482001,0.00695475911136149,0.005393466426617334,0.005464975752909315,0.008593306056127296,0.005679488250241508,0.10428665908704769,0.08836040597165226,0.001674426186965737,0.00014423474656739647,0.005404660275523069,0.0030728886997968977,0.0035514910281883366,2.7858431749626455e-06,0.02861606723098384,0.0023076778277006165,0.0015548904631799468,0.05021649760716995,0.00013422590447763252,0.03624071309364379,0.003621279571965307,7.886035693985887e-05,0.09581514988535662,0.0077169043931685465,0.008586775355926564,0.14761629341201385,0.006303359222876635,0.007025914858991153,0.0014288492306340865,1.0133418545823824e-05,0.0004892616106869933,2.4011279835427164e-05,0.008421255002952288,0.0009692707732415853,0.02690515455217207,0.023970164707190707,0.0005532142927265176,0.04535585941393759,0.0008588233636919348,0.05199141742594548,0.00036892540500097886,0.011432565597479325,0.006488188511491476,0.0010707202672403616,0.0004022742619896501,0.0002752723384033423,0.15267912916011506,0.0116002605961793,9.6937209709496e-05,0.0019880289455392343,0.005648553406651784,0.00024451701465948313,0.000654983609843027,0.006338862943403795,5.4863132524482964e-05,0.00203385158584459,0.004920585134693455,1.9729383218510896e-06,1.5814154111768253e-05,0.0036982470889355655,0.06615193034432001,0.00046250618342943555,0.003342501219843215,0.00038561627860995035,0.004063118953311198,0.003915327809400346,0.00032244368326162247,0.00132270124125763,0.002593595150622492,0.0018283159388112397,0.0026068525492668644,0.00763066700066427,3.384153938596174e-05,0.11382552155357147,0.00015553128195425764,0.027822940862816465,0.00753681185544773,8.628180691297393e-06,0.036735787297278125,0.0059141749396075865,0.011008367624041813,0.0004572613364016344,0.07992005806022344,7.39025322646355e-05,0.1014141396456768,0.008257916673796101,0.013977077934935597,0.0006348085170678925,3.0967727954792694e-05,7.900533054011736e-07,0.0052150187031743955,0.002271914895128632,0.0004840891177933758
64.07035175879398,0.0011086533498286786,0.0008805887326208778,0.000542313507646807,7.106454405890867e-05,0.00011689557655725102,1.4532157727220554e-05,0.00037335577298649086,0.0073012918668822506,7.819316571694693e-06,0.023387055212779496,0.09614533771113158,0.021559042879168478,0.004027729460093978,0.0001500567435021569,0.002045564957692823,0.0025680235053971876,0.05764800385346368,0.0003978814739576618,0.004919362542744397,0.01180244507666581,0.021881546512530478,0.09410837869066627,0.00816228322422795,0.002396131437459273,0.00011100609017205521,0.0035301104135750418,0.024184171481713937,0.0009623223873940234,3.66417032465373e-05,0.031397767878992955,0.0008659582636102421,9.855605948226026e-05,0.001597386790285562,0.009710995286685642,6.524259991824859e-05,0.0018280856112120928,0.1122671989238251,0.0026796622582724804,0.13445866719606914,0.07817905742910922,0.007271931119786205,0.004662387946519944,0.12172603522455318,0.02142069139584149,0.045448532509166355,0.0008528578781518545,0.008541470196292845,0.0067480065416287,0.0005763784083981526,0.08389732870568431,0.04076864187895913,0.00017228365448722748,0.00861369946966275,0.0005961102596584506,0.001076951180174461,0.00126160006152648,0.004268761051626183,0.0011829691021059648,0.0036405103142978356,0.0017460443127783908,0.00040942095122965745,0.0039952570072687935,0.002375336400303801,0.1362468009689565,0.004711531095193534,0.000853326321610751,0.001523263172112876,0.01549293592941676,0.025099262208595933,0.00027505583419232867,0.013346117996621986,0.0002156865174241695,0.03411578759064863,0.00028483902654657153,0.0029531884496829795,0.00045805250967800973,0.029351844123069203,0.01248256663778106,0.009508586772320669,0.02584529198155031,0.04135083457050035,0.00021878695715066117,0.0017795392629919567,0.05269153148964622,0.07825845707020919,0.010895578430477074,0.010010350560311746,0.0008787524954906622,0.0008793571534745785,0.03472029701335435,0.014521045904906748,0.003363845313324656,0.08214855844456827,0.04071356304134275,0.012824784765255903,0.0009537670343116012,0.0007659207397942862,5.0276413692339667e-05,5.263054645400758e-05,0.014049334486427523,0.0002302281178368474,9.238189166272104e-06,0.021166630897515654,0.0005773148303802622,0.011422439764459181,0.031101560361370142,0.0002283769673902646,0.04412122626545298,0.008654074675131174,0.0071322083383133575,0.00719945193769895,0.010118140694965609,0.007225761371049412,0.11534469480675097,0.09945513494813131,0.002612420991121119,0.00019814574438541504,0.007286128250306307,0.004565728433047644,0.004742124527247463,4.829602571250755e-06,0.03600501303221509,0.0032205678356986268,0.0020887341049409766,0.06049373292905492,0.00023008126758722715,0.04399318951127422,0.004197650368783359,0.00011243154153591195,0.10469302348127553,0.010253203633733783,0.011564074324403643,0.1651335131090373,0.008163337878652387,0.008148411068159937,0.0017995177158405197,1.4439676753900492e-05,0.0006888998196604714,3.796022669896774e-05,0.010490619260111217,0.001305488929216931,0.03512776127519396,0.029630811007716303,0.0008092171279018989,0.05466546296448818,0.0014281151523436934,0.06215840019237823,0.0005201507718755487,0.015536235068181399,0.0071571947844395935,0.0015547596976412468,0.0006006329958081341,0.0003993818858457046,0.1630020966226254,0.013932325797396897,0.00013548082029721402,0.0030749216889173914,0.006935856329377047,0.00036822271055530017,0.0008864740286064564,0.008736054320392275,8.722159163798343e-05,0.0028139096338654496,0.0066664723852221065,3.393996776622583e-06,2.1636704669565304e-05,0.005152430126906944,0.07010486819356822,0.0006168418523561956,0.004526199284815421,0.0006014617654176874,0.005643658278039636,0.0053478017408816044,0.00046154518850933867,0.0019236030046007047,0.0036500459433019216,0.002386600723249358,0.003729669873679036,0.010115373864050849,5.6771365669343556e-05,0.12939347947659569,0.00020241534441968717,0.032364953718031504,0.008865957527487112,1.3773452129689872e-05,0.04181054526031041,0.008600800652313435,0.015032677722475768,0.0006554165577513235,0.09160943708814696,0.00011554030040067734,0.10796382126423466,0.010282173646013772,0.01760553227843813,0.0009633314771058118,5.1538477842329385e-05,1.5716592388697943e-06,0.006847202836086326,0.003282542158912783,0.0007464237656234694
64.321608040201,0.001457483270139519,0.0013054619420873484,0.0007848583400122601,9.263518655654718e-05,0.00016702281342909794,2.664087750372105e-05,0.0005730302152574429,0.010043773794629455,1.2517431206355828e-05,0.030257420873055513,0.10396019945104323,0.025346168679018195,0.005067444889604816,0.0001864596997810734,0.0028115248109077183,0.004026828779983597,0.06509676060186274,0.0005696513506962182,0.006359049125609337,0.015995431023756244,0.02491056494423352,0.09765371071963286,0.010150994273310253,0.003338356202567338,0.0001511568820638688,0.004961728001853774,0.025709614408513097,0.0013377317898693056,6.210103371716982e-05,0.03877910459202373,0.0011061070589784374,0.0001515407512836905,0.0021799459209066955,0.012626477107229734,0.00010590591304003221,0.0028299817744040956,0.11934164842454212,0.004047929310382626,0.13614226746094232,0.08349324897732924,0.008883510661261937,0.0058056491144854346,0.13430492528604598,0.02597935275453207,0.05309420021576825,0.0011338161909394439,0.010532110800580734,0.009455297261224805,0.0009260837359572813,0.09453389101873722,0.04510238215666322,0.0002545555741703294,0.010654903497824863,0.0009121224758287259,0.001425537888178615,0.0015380754955843265,0.005240516012972791,0.0017188585849233294,0.004456643303803347,0.00210088946943641,0.0005584927607256007,0.005267032312206071,0.0032770274852215397,0.13201623756013092,0.006250604971200307,0.0013800702220120558,0.0019175640006881736,0.019949011497708644,0.03109842860160556,0.0004188310440141774,0.0163655324196498,0.0002987458887261891,0.03831341158646845,0.00038485681730555195,0.00406331881239935,0.0006542963842828749,0.03713757082105886,0.015975723707529473,0.012584761218666788,0.031116285304962913,0.048970622632272094,0.00036352236253680886,0.002508629502167095,0.05672906094787402,0.09647293196565422,0.01366469238751254,0.0122157974110951,0.0011464957594284515,0.0013200255735795142,0.04136932190741443,0.019316194219864843,0.004701560005661311,0.09245666838257534,0.04597402404977261,0.015539189793524826,0.001360755145952794,0.0010225009523339285,8.6233983199454e-05,8.478520965820846e-05,0.018355853057405395,0.00033196904985800655,1.3374993596029442e-05,0.02464437216115951,0.0009117474788882683,0.01548837100313652,0.04181969003297517,0.00033629101742487167,0.05135974462049099,0.010663643654825082,0.009345348176978555,0.009379671816667113,0.011845892543818168,0.009114163491231895,0.12588036052571117,0.11049297540913586,0.003999555823989682,0.00027082889188766694,0.009728336598289443,0.006669181971850514,0.006256149376442276,8.26607137136586e-06,0.044744915092919085,0.004438559043085096,0.002788245790552242,0.07189092875169022,0.0003882970100004686,0.05279209175046716,0.004854183229620809,0.00015941628998563867,0.11339183384713068,0.01344694930532515,0.015347256379805352,0.18136557281733234,0.01048059070589827,0.009384453159169458,0.0022522426072378817,2.0480037032276792e-05,0.0009607637778701168,5.946350475115544e-05,0.012995282077582162,0.0017439743207302114,0.04506125806621234,0.036198021220772245,0.001176225067578571,0.06503954722460759,0.0023235753118484664,0.07333791153120026,0.0007286001232476582,0.020819723324784118,0.00789425208731073,0.0022338762141892454,0.0008858952512769329,0.00057348012293787,0.1716904124868007,0.016646884768362662,0.00018786486553211,0.00466160974198251,0.008481792374438296,0.0005485274168286094,0.0011897466186519816,0.011853749512409681,0.000137490184757607,0.0038556464994077247,0.008902712296786339,5.797064791427192e-06,2.947999460241871e-05,0.007099700007089603,0.07395273413074194,0.0008192446525414959,0.006070460520827046,0.0009265973533693679,0.007745932831441782,0.007238810990107561,0.0006549991902349097,0.0027560284482603813,0.005070910127804134,0.00310002984440735,0.005261502411216792,0.013264113338613666,9.399900542362713e-05,0.14469976694588396,0.0002627378041851985,0.037386007129650074,0.010447343827357984,2.1849169672293353e-05,0.04731651556156501,0.012263580832298811,0.020170058312324733,0.0009300099223039864,0.10354777859460772,0.00017848671028067328,0.1140089281693649,0.012669815597369884,0.021906087443319927,0.0014410762405124412,8.46225067013075e-05,3.070338373006716e-06,0.008904867461668053,0.004671979924355335,0.001138411485506927
64.57286432160804,0.001903864044540134,0.0019086409521158936,0.0011265157339950022,0.0001212364055888376,0.00023694802157431212,4.790272212670712e-05,0.0008692216243540199,0.013598942243295588,1.9884306638241296e-05,0.038602917364762686,0.11149400821478067,0.029553248661100512,0.00634193889157182,0.00023029787638937475,0.003823567341480002,0.006186744905144356,0.07310430884570844,0.0008097300123511987,0.008155735877551747,0.02132537082558367,0.028156045861976467,0.10072757628780243,0.012532722380664274,0.004597189317965737,0.00020453199224990318,0.006873449884559553,0.027273173647424653,0.001841116406807193,0.00010366574964991943,0.047173259560369975,0.0014096648017993354,0.00023117869289282698,0.002947125669327218,0.01627181430745624,0.0001711585544452116,0.00430059003350075,0.1258652346505985,0.006007007867732146,0.13676870144015416,0.08889416707461152,0.010769707337967305,0.007177507110320489,0.14566572875398334,0.03129749744348918,0.0613858536575194,0.0014955872426736419,0.01291236654868665,0.013042975653948878,0.001461358495197834,0.10529292029780764,0.04966447265324289,0.0003732884047150544,0.013092246258825142,0.0013731560488423338,0.0018771684064789887,0.0018688509616039506,0.006375826715550625,0.002460928646582764,0.0054247858982639716,0.0025214698671568564,0.0007531965006483168,0.00687549546270889,0.004467222506337897,0.12687964852692857,0.008216833180762818,0.002188976973954419,0.0023946570745826267,0.025453740299218302,0.038089474183992944,0.0006328054051485002,0.0198952046519446,0.00041104966985863083,0.04270423044779195,0.0005181229748839002,0.005516445150540404,0.0009271052701523677,0.046413921499990976,0.020243641513194126,0.016463063652312013,0.03712145731495287,0.05741435639113541,0.0005933079395614296,0.0035070793312694196,0.06078325094787615,0.11630673632150713,0.016995432948435155,0.014794734816627218,0.001490715584617473,0.0019554915453656356,0.04887040246567431,0.025306253056089,0.006469043704116251,0.1030042633026405,0.051690530554265424,0.018719026472007048,0.0019229969253898157,0.001355362678393352,0.00014593634886578069,0.00013533719094917685,0.023756211815653207,0.0004747363806410791,1.921801829462768e-05,0.0285018786191369,0.001414550800775874,0.020679680399633204,0.055002522550297875,0.0004911870303746253,0.05920948210825448,0.013016360864553359,0.012124456066972789,0.012083386816766333,0.013791383091775711,0.011401357402822901,0.13556384003920344,0.12119100843512236,0.006006326357396286,0.00036816138941955963,0.01286083008352386,0.009572126625854466,0.008154914246820211,1.396512585431215e-05,0.054905120987460386,0.00603955488124093,0.0036970000787930157,0.08426565846697344,0.0006446524006791593,0.06261295481533509,0.005600344902883618,0.00022475114999487758,0.12174920493033131,0.01740280254336777,0.02006888745700527,0.19551038420837455,0.013337161276430597,0.010733230508728637,0.002801407742640444,2.8921726331238115e-05,0.0013268540122339657,9.227446218469914e-05,0.015994739309897903,0.0023108489618791452,0.05678174637332302,0.04369825513179398,0.0016971759067937534,0.076386574645728,0.003696943829390793,0.08539323932753573,0.0010137457808400854,0.02750081477439612,0.008708989720840499,0.0031744211591172673,0.0012905045061331853,0.0008148465227290544,0.17838349891214597,0.01977887523364271,0.0002584715757282118,0.0069252384353700805,0.010330726641989285,0.0008082200938829796,0.0015832150880651093,0.015836378600927778,0.0002147858771745496,0.005231374935630773,0.011718319133809513,9.82699071426927e-06,3.9992194112387526e-05,0.009669510245974408,0.07766863875832636,0.001083406954775287,0.008060882945563567,0.0014090986303923246,0.010501205176392926,0.009703181322876776,0.0009213182757789874,0.003889718184971984,0.006952446964611014,0.004007124608035508,0.007316973078536489,0.01719849399557732,0.0001535385915217993,0.15918719678201934,0.0003402001790360524,0.04287960246571292,0.012325367593313244,3.4421934776932375e-05,0.053238325984926824,0.017142369630100275,0.026587640774058553,0.0013061804663005608,0.11545588290999659,0.0002723816010129429,0.11944294484432436,0.015449023033840046,0.026923293923115675,0.002124784634481452,0.00013703734619980218,5.890332182537672e-06,0.011468414209608632,0.0065499354274862346,0.001716221065913048
64.82412060301507,0.00247125758683662,0.0027509453705997274,0.0016028980594891002,0.00015918360753882857,0.0003336340747799442,8.446997395477912e-05,0.0013025651486414868,0.018121232494118237,3.133848218424682e-05,0.04854389573901719,0.11857109296610498,0.03417875644447503,0.007891169817855525,0.0002828265446305476,0.0051441515727376355,0.009308751762172645,0.08159487974184766,0.0011424258700000651,0.010374959348416347,0.02796153938286018,0.03160516981201108,0.10330186246404005,0.01535673479612734,0.006255768895132437,0.0002750557534302033,0.009382940303099491,0.02887298582644366,0.002508635653704353,0.0001703986527421663,0.05652201687368921,0.0017918175365331046,0.00034980329701607285,0.003946077775991453,0.020770307490945897,0.0002750721577419874,0.006412364503037338,0.13167506516067562,0.008752643896903363,0.13630334038872932,0.09431741411505666,0.012962051945786467,0.008810362102379243,0.15538828889350362,0.03744971582658618,0.07023528763720159,0.0019569399722232247,0.015736598145800747,0.01770659625954881,0.0022644641404153234,0.1159342326225266,0.054428123809184756,0.0005433257483188639,0.01597746525221273,0.002033519734575683,0.0024581513937583497,0.0022636329068952497,0.0076889586972674236,0.003471322818253432,0.006567199011075706,0.003018086068089494,0.0010044721360619932,0.008885375225809494,0.00601530453052481,0.12097526716088922,0.010699825981056567,0.0034035031261840324,0.0029666961455924517,0.03216118500261515,0.04610542752451717,0.0009480217231091475,0.023975579436540356,0.000561825196442248,0.04725355897926974,0.0006948148378635333,0.007390910925362234,0.0013031322231155879,0.05725495427630374,0.02538624183737087,0.02128187965724983,0.04387475761828102,0.06663285424133729,0.0009511115298206535,0.004857621727618412,0.06482994538317999,0.13712123772064866,0.02095541530483193,0.01777946317583182,0.0019308102909598949,0.0028575047004680797,0.057225476070438264,0.03264241618263394,0.008763771195626326,0.11358430221256881,0.05784110285483156,0.022409658839183208,0.0026907352253344157,0.0017831075811056384,0.00024351683402647518,0.00021395221060208772,0.03043348143412144,0.0006730821309615624,2.7408977843219607e-05,0.03274568544048085,0.002155917042032684,0.027178167140557187,0.07073891630912803,0.0007113116485121849,0.0675989649133162,0.015744350132445503,0.015564815119309882,0.01539069580398507,0.015968400047624405,0.014149039888293602,0.14408160421266064,0.1312613977926898,0.008844546732448113,0.0004975863546351267,0.016828485727401532,0.013492938486285674,0.01050352570723506,2.3285134168363324e-05,0.06649947110887722,0.00811206291546548,0.004866871345510037,0.09740090855224255,0.00105200805024828,0.07338197737285748,0.006446727651172871,0.0003149895193009554,0.12959604542092348,0.022219965814679464,0.025854080045766625,0.2068098922378487,0.01682004673206859,0.012191910931452528,0.003463018187567022,4.067917864867865e-05,0.001814219288356164,0.00014181318832545524,0.019545589962049453,0.003037335608496009,0.07027329211026095,0.052125620815844945,0.002428487805144421,0.08855604831910326,0.0057490604376435345,0.09812584629682843,0.0014007406271619896,0.03578991824773519,0.009612620367134568,0.004459421913543498,0.0018563478917616393,0.0011454755293492794,0.18278861735216761,0.023358792582247448,0.00035285949697263185,0.010079597542578306,0.012532509374136169,0.0011777341569097737,0.0020886787575841283,0.020832651758912153,0.0003323576763864527,0.007027270316430095,0.015201942986751172,1.652546997279537e-05,5.400865692992878e-05,0.013008778557167186,0.08122760638774919,0.0014264036595992425,0.01059417169835837,0.00211397860451245,0.014057093473002113,0.012870777513207981,0.0012841240364362824,0.0054072466437573834,0.009404388823403128,0.005154180143491861,0.01002849154476552,0.02204256924741423,0.000247291923894527,0.17228163983492273,0.0004394767502706192,0.0488259715472633,0.01455004051414412,5.382669311725761e-05,0.05954800038228216,0.023487913669562467,0.03442788993349171,0.0018154760468920641,0.1270326800081504,0.00041054682071189815,0.12416948022758885,0.0186408113420634,0.03268266530412949,0.003087428843008969,0.00021880901162205687,1.1097256995526259e-05,0.014623363668876458,0.009044740291680514,0.002555749024275498
65.07537688442211,0.0031877038402717485,0.003907478934914572,0.0022600141282090617,0.00020953118156073717,0.0004661022495732101,0.0001460554543057295,0.0019275314189072426,0.023763620576812982,4.8993285190617036e-05,0.06014131692055886,0.12501541090071983,0.039211716582297544,0.00975780634559583,0.0003454849733474959,0.006845369617790602,0.013710332222421195,0.09046087119322896,0.0015993573870104322,0.013086641982716127,0.03604863882643736,0.03524219835511104,0.10535795241526799,0.018670069549762903,0.008409965991155477,0.00036768893802587645,0.012619893183549563,0.030508091621705508,0.0033839373938109873,0.00027573414936413713,0.06671149650417664,0.0022706792609882833,0.0005248480578935412,0.00523176508664702,0.02624368418388435,0.00043905827894416636,0.009376828294247441,0.1366154843120731,0.012516086510517044,0.13473894283217452,0.0996850080316091,0.015493533979681123,0.010738105203249752,0.16312984369216876,0.04450137563813804,0.07952202552793317,0.002539496891178557,0.01906035127573619,0.023648933607091343,0.0034451394426498337,0.1261974602903638,0.05936012906872131,0.0007849211499575993,0.019362131185828583,0.0029619030774355555,0.003199909127019598,0.0027337229236760476,0.009193184716158069,0.004823813703782382,0.0079084230587608,0.003602021713401404,0.0013250049427750486,0.011365861887107243,0.007998452891219608,0.11445240841290638,0.013797678958366701,0.005185131719916658,0.0036464610609653956,0.04021100828781416,0.05514151947776399,0.0014072839764529435,0.028638698839351936,0.0007628012114668558,0.05192387286104446,0.0009278145943786862,0.009773910313467742,0.0018168993248528973,0.06966288480736597,0.03149282384570515,0.02717846398417871,0.05136666050755842,0.07653974314041162,0.0014974153935798868,0.006660108675901331,0.06884460555486786,0.15808643690028845,0.02560637733659598,0.021196945829489115,0.0024899866228090795,0.004117040507024022,0.06640483465731577,0.04144396421582031,0.011691256979638468,0.12396023251907536,0.06438622835507293,0.02665090137527048,0.0037262414416812067,0.002327411205345205,0.00040040016665643635,0.0003348058875889226,0.03856307681069238,0.0009458156806783236,3.880622529786904e-05,0.03737576684590749,0.003227771970393605,0.03514687552104006,0.08893809795061475,0.0010208854661169502,0.07642978242724702,0.01887817057319134,0.019760618594592754,0.019380704260399253,0.018389185008910135,0.017423103061221072,0.15115576076738765,0.1404258385549859,0.01276607382252102,0.0006684277818821221,0.02178733823591983,0.01867117963479122,0.013368940476487807,3.831208771967754e-05,0.07946880180589343,0.010753260952480415,0.006358432179194463,0.11100561126989814,0.0016862172676683307,0.0849695599055404,0.0074052367792487445,0.00043873986025343,0.13676029838945195,0.02798386028088382,0.03280925910047646,0.2146174139836744,0.02101805770139088,0.01375570514743656,0.0042546878239487305,5.7002360756638335e-05,0.0024555262649415504,0.00021579676390744002,0.02369753083432818,0.003960289543820953,0.08540432350256674,0.06143520360098702,0.0034426250905493674,0.10133590770756054,0.00873399833921805,0.11127560982574673,0.001921678849755489,0.04586832847395104,0.010618017747413876,0.00619011930785815,0.0026363430557409737,0.0015928532889469354,0.18470291348449175,0.027410415241579614,0.0004780089923499952,0.014370762226369122,0.01514220616978501,0.0016969879162743531,0.002731516996815623,0.02698688391788598,0.0005091548638219564,0.009343597196603161,0.0194358342881292,2.755503901212902e-05,7.25985871037164e-05,0.017277271968049367,0.08460648856243264,0.0018693056766924795,0.013776190680149417,0.0031269212001822765,0.018572913368385437,0.016882906437842987,0.0017730776072858714,0.007403226658346653,0.0125471935936542,0.006596015306959705,0.01354334989738743,0.02791534866657529,0.00039256596555197696,0.18342954232434155,0.0005664436848839319,0.05519067908755986,0.017176759250203368,8.35004176169692e-05,0.06620339741368157,0.031541787814672075,0.04378922179397294,0.0024967455485077283,0.13796753793925778,0.0006110646515519743,0.12810441162398178,0.02225678853758029,0.03918547582687948,0.0044204753706974355,0.00034438708161675164,2.053081390358682e-05,0.01845727981198052,0.012301532791020352,0.003757076181099203
65.32663316582915,0.004086415847002982,0.0054683544892267935,0.0031562030613343233,0.00027629034608620825,0.0006458801342535128,0.0002476027635527815,0.002815489449912544,0.030665627385648583,7.59624080944118e-05,0.07337321026151913,0.1306587836925695,0.04463093709772626,0.01198622523654407,0.0004199260761542696,0.009008213707614395,0.019757489761298222,0.0995620985488664,0.0022210430481492205,0.01636279246446357,0.04568692224366463,0.03904886599879001,0.10688615221348922,0.022514706812623027,0.01116695264342681,0.0004886673124018921,0.016720933978166957,0.03217878004050839,0.0045187606810478485,0.0004391607440281864,0.07757033034965535,0.002867565991508914,0.0007806297265609838,0.006866770919880137,0.03280278736545099,0.0006951353943667089,0.013441790409692103,0.14054532085675311,0.017556983418627953,0.13209689490581705,0.10490634344582307,0.018398286776172102,0.012995438557878582,0.1686474328389768,0.052501446399884834,0.08909442232535843,0.003267708826331496,0.02293832586172634,0.03106517886428025,0.00514520511377973,0.1358119192996866,0.06442108773565348,0.001125385926946842,0.02329540514816154,0.004242593243090155,0.004139400079552067,0.0032922092727050035,0.010900576461823802,0.006603366401385184,0.009475324504512625,0.004285467214657649,0.001729307041860003,0.014388302810622769,0.010499264255850523,0.10746533941605416,0.01761407610168331,0.007736768258076184,0.004447190558750251,0.04971157862258423,0.06514667414617102,0.002068498494736983,0.033904944448942126,0.0010287281952869997,0.056675969407822,0.0012332380627218605,0.012759668598803224,0.0025124857790755563,0.0835466471217486,0.038633278607074856,0.03427867650141509,0.059559708513340866,0.08700828036954522,0.002315070744603893,0.009031387713130178,0.07280196858807789,0.1782287601980271,0.030999315311190385,0.02506651782218412,0.0031955665432193336,0.005846150924999349,0.07634091490273556,0.05177876204770237,0.015361064683496526,0.1338733965599899,0.07126764383402735,0.03147387760679343,0.005104827699291358,0.0030130825599507033,0.0006483199283817792,0.0005183346713084824,0.04829492105918912,0.0013168824645965066,5.454857297888522e-05,0.04238444840188773,0.0047469807606105785,0.04470967189184054,0.10928495983293,0.0014515441280453741,0.08557705573192587,0.022445918183088782,0.02479885102068834,0.02412740465188449,0.02106384415374536,0.02129220338321538,0.15656137924580968,0.14842944386028853,0.018055327962208035,0.000892233520848274,0.027897422774600927,0.025352800560673808,0.016817571606235832,6.21949743878807e-05,0.09366496382137979,0.014065645003934191,0.008240899463053319,0.12472143929135307,0.002652754155142117,0.09718653810779267,0.008489300833134107,0.0006071828097801514,0.14307139495486562,0.0347565482014584,0.04100927163293327,0.21845958815315025,0.026017419879054458,0.015418041363618027,0.0051955777570019375,7.959515321651181e-05,0.00328949556581507,0.00032505042749891616,0.028488757744004424,0.005122640477502278,0.10191010374455589,0.07153767277107174,0.004830322514568367,0.11445368277272876,0.012957056862012161,0.12452537916487515,0.002616967101501166,0.0578609612268596,0.011739736806343142,0.008486408458419716,0.003695803413096116,0.0021906644934055423,0.1840294443550789,0.03194838054543439,0.0006425962170552297,0.02006636286032665,0.018219326476951108,0.002417331739297666,0.0035407528742947944,0.034427858942755137,0.0007718200548422656,0.012293802503286608,0.024488591229222877,4.5534790375702564e-05,9.71209096007842e-05,0.022639644466094375,0.08778377449571638,0.0024378092309548928,0.01771853175928029,0.0045577154841210474,0.024211909128248978,0.02188614132268784,0.0024247985449490175,0.009982098308923848,0.016507215336756913,0.0083964141900952,0.01801817678854776,0.03492119116401473,0.000613980702472752,0.192136909667422,0.0007284475621628504,0.06192366255818746,0.02026560713912847,0.00012843567675691636,0.07314698846043605,0.04150955409924513,0.05470551806988458,0.003396862393773567,0.14795339581191616,0.0008980304724273222,0.13117773851883766,0.02629712013253429,0.04640436410259703,0.006235413385963253,0.0005341629694208564,3.729911465879076e-05,0.023055561725798243,0.016478185332507726,0.005448662204719665
65.57788944723617,0.005206344108736601,0.007538375667076332,0.004363939232429367,0.0003647014031690265,0.0008874862095287802,0.00041150164134309445,0.004057654646919332,0.038938705072769225,0.00011678020726740741,0.08811251349966999,0.13534924826412373,0.0504044920385276,0.014621165430498854,0.0005080518406808664,0.01172089415180831,0.02784493815472188,0.10872699550891579,0.003058563186811638,0.020274319304904382,0.05691080488877826,0.04300477900837055,0.10788487995317701,0.0269243251073811,0.014642262100793777,0.0006457849564199302,0.021822020031811495,0.03388688890543876,0.0059732214454489025,0.0006883252223053673,0.08887225293457052,0.0036071797901082005,0.0011505878669452452,0.008920499945108637,0.040535960220793366,0.0010902525548522224,0.01888216799261511,0.14334498733789658,0.0241490786265066,0.12842715883413833,0.10988006164730992,0.021711097718696053,0.015616997353876819,0.17181062684680415,0.0614738619267129,0.09877271759495593,0.004168675420629535,0.02742179570931197,0.0401232980815682,0.007541643924822563,0.1445080122096245,0.06956582394543742,0.0016010671427010706,0.027821279354360722,0.005975679700562099,0.0053193684903908335,0.0039541403074390856,0.012821886866570058,0.008904637858141776,0.011297067466343928,0.0050814025216109485,0.0022337712543811067,0.018023053054835023,0.013602127325555864,0.10016743487518588,0.022253904704459388,0.011302057728400051,0.005382399565015662,0.06071998270193259,0.0760166244268156,0.003008366750223719,0.03977967227774278,0.0013779455446340791,0.06147009550985222,0.0016309818683876178,0.016446566737987174,0.003445288852758405,0.09870400718043101,0.046848249698186,0.042683997226678594,0.06838483587874107,0.09786992209347224,0.003514334561449532,0.012103403660100306,0.07667571524431457,0.19650363564138268,0.03716902948615809,0.029397569580998165,0.004079157834007027,0.008178463113734321,0.08692310754149293,0.06364298564265647,0.019881298770634007,0.14305310001810506,0.07840808451859627,0.03689763519231305,0.006915121499811019,0.0038679894883417608,0.001033133178310677,0.0007934621853015576,0.059731051572497605,0.0018162881251342418,7.613462053418129e-05,0.04775538686485738,0.006857402384127616,0.05592804759742537,0.13121284677123585,0.0020439034956298893,0.09489127852069834,0.02647219446091766,0.030752081297325283,0.029694876140369218,0.023999686095111664,0.02582558000650113,0.16014012107992437,0.15505297019101216,0.025013652350937162,0.0011831362172416307,0.03531208494622488,0.03376825470654598,0.02091246164797664,9.960476723505202e-05,0.10883873754000917,0.018152102965028668,0.0105914515311667,0.13813620936426974,0.004093346013246342,0.1097840562340425,0.009714099082615082,0.0008346643199261208,0.14836545667757162,0.04256654050651576,0.0504837794978032,0.21808462416672356,0.0318960490777302,0.017170839267785863,0.006306276402903579,0.00011077316762503866,0.004361128710414371,0.00048452303114864085,0.033941043332184374,0.006573680828584737,0.11938502735762167,0.08229588103483891,0.0067019782036231166,0.12758201306274985,0.01876347247462266,0.13751024378774518,0.0035367324958437275,0.07180514467799218,0.012993961262070936,0.011485581550986404,0.005113331680163361,0.002979336314418541,0.1807853731318144,0.03697574139718461,0.0008572908976150708,0.027437172318754505,0.02182639761037654,0.003403433125913296,0.004548939741431236,0.043255488415908705,0.001157130820301547,0.016002042518723558,0.03040711137063855,7.45334190216473e-05,0.00012929040237996136,0.029253725775284657,0.09073933440236254,0.003162836142717789,0.022533370953465876,0.006542715314799074,0.03112999002722617,0.028023234460091383,0.003283691882438957,0.013254204790051382,0.021409542502228967,0.01062806768094564,0.023610339629391238,0.0431383587996929,0.0009457663497854824,0.1980059394355054,0.0009346137764709575,0.06895882420429018,0.023880033585092313,0.00019578357440494794,0.08030514104001296,0.053528467627941424,0.067126806295942,0.004571138554454852,0.1567000180849791,0.0013029503621873897,0.13333518204176273,0.030748899706536832,0.05428028446234676,0.00866399753669262,0.0008162884222601427,6.653863568670177e-05,0.02849609553021186,0.02173852106650191,0.0077904950536197915
65.82914572864321,0.006592651928196175,0.01023531054705885,0.005971244570430484,0.0004815691967125761,0.0012089302089573514,0.0006703936498209412,0.005767467144303573,0.04864982370574354,0.00017796902180519585,0.10410960493203596,0.13895886381949202,0.056489474976465906,0.017706034885062373,0.0006120551521814808,0.01507601208126268,0.03836177055352323,0.1177560307962377,0.004175155958408373,0.024886938930222945,0.0696682175701599,0.047087785059480664,0.10835972399801802,0.03192079461188985,0.018955059524109405,0.0008487271120568049,0.028048308006858924,0.03563602582653362,0.007815619148917511,0.0010615515369287727,0.1003434315030246,0.004517651592633346,0.0016800112435478777,0.011467617981545442,0.049495656339774076,0.0016917505609215697,0.025982752259911257,0.14492290884539913,0.03255766053985562,0.1238068596528064,0.11449683465889397,0.025466682638761194,0.018636254246991103,0.17260385798051373,0.07140778065412191,0.10835405395276913,0.005271781391756952,0.03255548811889794,0.05094031466128792,0.010846788757075334,0.1520295872338048,0.07474397972905363,0.002259628832116867,0.03297533691342043,0.00827579825679147,0.006788336151080218,0.004736661751248199,0.01496652347074343,0.011829209862742674,0.013404977735966177,0.00600344055011023,0.0028566965697618654,0.02233548926265023,0.01738834950859175,0.09270591057921101,0.027817245838197086,0.016158484612883398,0.006465688481535822,0.07322045351181063,0.08758966383232031,0.0043261300426622,0.046249943718174195,0.0018329740580152268,0.06626696071043539,0.0021452487423502856,0.020933081481797643,0.004683713876224221,0.11481057289983172,0.056138899958177606,0.05245631166173813,0.07773891419269743,0.10891515957444217,0.005237434653738038,0.016018973129842726,0.08043821380035134,0.21188578751042547,0.044128379861348856,0.034187375769144525,0.005176630572259247,0.011267604170579194,0.09799431842681208,0.07694233682693166,0.025351621360297793,0.15122882355844297,0.08571213809982786,0.04292570413592792,0.009258253664122387,0.004922824632495709,0.0016193833469223024,0.001200318085927854,0.07289981650945776,0.002481016577171308,0.00010552028840649712,0.05346269482465833,0.009729911318581594,0.0687772773004325,0.15390320086678416,0.002849156342019472,0.10420156852561162,0.030976908370540204,0.037670566810698435,0.036131966360771074,0.027200498585379942,0.031089968598209995,0.1618088988827627,0.16012251200216826,0.033934153140478485,0.0015582170033018186,0.04416347380086427,0.044103945098897715,0.025710094673482935,0.00015734631578347182,0.12463424083617275,0.023109393105397537,0.013493732658536609,0.15080350178931068,0.006191405863469466,0.12245785115015873,0.011096797559508795,0.0011393530851537784,0.15249121598828172,0.05139888168237007,0.06120422419449333,0.213489918602358,0.038716558214763476,0.01900486230585847,0.0076086118219209275,0.00015367282008032528,0.0057216431792883144,0.0007145183177196886,0.040054869746842865,0.00836911828970757,0.1372879401662444,0.09352412809852577,0.009187590119622504,0.14034884884747564,0.026515070391864126,0.1498315244223744,0.004742146831326044,0.08761841521365268,0.014398363999865698,0.015338725909184434,0.00698093497146013,0.004006304881212588,0.17510136483588304,0.04248166410171138,0.0011350696274282294,0.036730513374391094,0.0260267381400023,0.0047348437423302085,0.005791823693253311,0.05352583519427452,0.0017148600518180463,0.02059871475474549,0.03720838679630181,0.00012077726997180473,0.00017125502298203962,0.03725507507604148,0.09345413367456988,0.004081041886275875,0.028326492497915995,0.009245426045948408,0.039460927020065345,0.03542105632049032,0.004402578401958989,0.017329970342849714,0.027368476465942752,0.013371789261649612,0.030466144744820615,0.05260632776649934,0.0014343917130645143,0.2007655066730996,0.0011961925534103393,0.07621427075779004,0.028084753797650786,0.0002956356427102792,0.08758807082425994,0.06763246568277208,0.08090379288777279,0.006083261520098925,0.16394671081510842,0.0018662262864395606,0.13453954866717943,0.035585114453921506,0.06272128154217635,0.011856566577462388,0.0012287454270429631,0.00011654853414379833,0.03484287009897596,0.02824251303633089,0.010975116066269493
66.08040201005025,0.008297021460567674,0.013686432623416645,0.00808235946306713,0.0006356696722321394,0.0016321981014625554,0.0010705395160393394,0.008081778100044353,0.05980455637451041,0.0002687891163709279,0.12098315608561311,0.14139033581759913,0.06283203441800643,0.021280888895570244,0.0007344683906625636,0.0191664437592093,0.05164162563384442,0.12642745076445233,0.0056475407258551056,0.03025624599261647,0.08380349607115069,0.05127428331446574,0.10832246839393689,0.03751062391939361,0.024221449452125392,0.0011094562136711036,0.035501781542215456,0.037431677082347695,0.010121582376415653,0.0016107006031019224,0.11167434389444106,0.005630384413874153,0.0024292301839576283,0.014585601247268385,0.05968424325176547,0.0025938628879899964,0.035012013343896406,0.14522077520463988,0.043008798862839245,0.11833753761104186,0.11864299551731011,0.029698657485159614,0.02208419066274053,0.17111901365806,0.08224740443859116,0.11761932070292933,0.006608125547518288,0.03837397953297055,0.06355618928913402,0.015304004952411774,0.15814652249533828,0.07990074967775893,0.003162547520505406,0.03878111780870301,0.01126899438404025,0.008600241032874711,0.0056590972687065675,0.017342598461025625,0.015481433687792435,0.01583226127357445,0.00706563639225089,0.003618285323293474,0.02738127928074884,0.02193019554409849,0.08521736232171365,0.034391736577708956,0.022602235643096963,0.007710550209565871,0.0871035607380193,0.09964597263379914,0.006146863687606007,0.053281599386030915,0.0024210998395744823,0.07102856545023314,0.002804993743392069,0.02631247053669818,0.006310580698025675,0.13141892846505354,0.0664571858782582,0.06360146487623544,0.08748394611710018,0.11989708307028231,0.0076616904230570205,0.02092478207339359,0.08406039249597706,0.22346634725002568,0.051862662598925156,0.03941925838435856,0.006527839954030479,0.015282803571185229,0.10935003016172683,0.09147745925857569,0.031854985223586575,0.15814374328565697,0.09306823962459418,0.04954283152492548,0.012245611405056771,0.006210693835196391,0.002495383776162669,0.0017933984618098574,0.0877288760353323,0.003355869394819688,0.00014523739966093452,0.059470293826201025,0.013559370482362085,0.0831248871741712,0.17631880407686312,0.003930556382162615,0.11332027943934926,0.035973878114657735,0.04557422135853916,0.04346667978835189,0.030665785007730612,0.03714548536629316,0.16156284882560518,0.16351611077102307,0.04506686455950436,0.0020378508678100525,0.054544395504423415,0.05646878849819845,0.03125692553843902,0.0002451511147048794,0.14059226568666444,0.029020188985911615,0.01703537278254731,0.16226731187626872,0.009174534801796521,0.13485740624023107,0.01265678076395964,0.0015439384733941465,0.15531651210047406,0.06118659725632786,0.07307289854628604,0.20492477242422416,0.04651822493977746,0.02091011863621428,0.009125386756999917,0.00021252627307667818,0.007428030423333819,0.0010421326134204237,0.04680507996403837,0.010570790051656346,0.15496246883556286,0.10499063349054309,0.012434520134884101,0.15235227122866887,0.03655335541585526,0.1610750406040861,0.006306488828786685,0.10506962340164962,0.015971867391758206,0.020204177873894665,0.009403016872971964,0.005325873610356746,0.16721221044495677,0.048439448934619204,0.0014915319759360249,0.04813627329801232,0.030881312107106436,0.0065068979789444275,0.007307738111676004,0.06523543315222688,0.002510940460282987,0.02621364172664046,0.04487196502732017,0.00019364212379764008,0.00022568513061553723,0.04673840334241653,0.09590995458250609,0.005235148863753879,0.035188532772909314,0.012854148356457989,0.04929846045639145,0.04417588913117455,0.005842999502288935,0.022312175963604165,0.03447593553327601,0.016714760504058197,0.0387060713034969,0.06331279152237772,0.0021413859142342057,0.20029222671208263,0.001526936607172835,0.08359326793750498,0.032942728000907986,0.000442009897462018,0.09489060419816268,0.08371856647509525,0.0957789984580588,0.00800457022137994,0.16947390119952532,0.002638637661026054,0.13477184462202077,0.04076435903030142,0.07160342294250797,0.01597777138649335,0.001821553823267754,0.00020043093146587354,0.04213879371388128,0.03613340580214251,0.015225183401790687
66.33165829145729,0.01037768670853727,0.018023098732064664,0.01081724661262328,0.0008382331324160488,0.00218367911227033,0.001675603081732955,0.01116007242788314,0.07233138910527652,0.0004022070835671423,0.1382226966411383,0.142581910930495,0.06936769573176847,0.025380124138136836,0.0008782188183348274,0.024079883899124688,0.06789921887956639,0.1345052646863108,0.007566684835963557,0.03642212029000643,0.09904681074311256,0.05553945253756266,0.10779016579617674,0.04368163161257511,0.030545820137584834,0.0014426527401485512,0.04424732098903492,0.03928117801466746,0.012972367114761003,0.0024042019118921958,0.12253546995041217,0.006979635197023973,0.003477167555473192,0.018351312755311575,0.07104040137219594,0.003924855662260693,0.046187354502856874,0.14421718011647702,0.05565196573373296,0.11214119571454957,0.12220487110780114,0.034438138430535406,0.02598772744873728,0.1675400799829521,0.09388233509101039,0.1263415254021224,0.008209730617019769,0.04489771872864809,0.07790791684579927,0.02117721678044939,0.16266669421665578,0.08497771946963589,0.004387644381259001,0.04524623789618981,0.015087392403586477,0.010813622142400801,0.006742950395496942,0.0199570267686778,0.019962880372858424,0.018613535335066544,0.00828227106638492,0.004540611912369361,0.03320109778225146,0.027284179016707846,0.07782426158088722,0.042043483782811496,0.03092345801124061,0.009130177520444899,0.10214922114545685,0.11191124608667123,0.008623583430555583,0.060816953246332774,0.003174901203044159,0.07571879232068308,0.0036442167969727773,0.03266621951796007,0.008423957958523833,0.147970400222588,0.07769772954016478,0.07605311697864486,0.09744826861127372,0.1305379962429927,0.010999899569410736,0.02696137962103033,0.08751177320247316,0.23054372316355518,0.0603246087665701,0.045061273757628355,0.00817603948029551,0.02040101877296292,0.12074053909519367,0.10693640195239089,0.03944844026216643,0.1635684964292377,0.10035172748168515,0.05671215957766213,0.01599486364968184,0.007766518572052158,0.0037783397056651304,0.0026450123791316358,0.10402032301154406,0.004494130982609378,0.00019853619074292864,0.06573157590787933,0.01855751961562492,0.09871494972393091,0.19727258008762466,0.005364586326267445,0.12204883205699844,0.04146920754414754,0.05444511263054557,0.05170055286251512,0.03438999193085997,0.044040417594157756,0.15947253983251564,0.16516706785538218,0.05857587763473641,0.0026460063538445155,0.06648736799008267,0.0708592082736106,0.037585700279757994,0.00037667249119466723,0.15616435784581004,0.035944068520025525,0.02130438673312006,0.1720898283295501,0.013311927677098333,0.14659999714841743,0.014415860989921227,0.002076329961235661,0.15673508169682718,0.07180467715422001,0.08591573486612225,0.19286746100182414,0.055308351914222086,0.022876275752301795,0.010880027029999836,0.0002930198784462855,0.00954215490782265,0.0015028574072540263,0.0541375552396748,0.013245915351762609,0.17167254981086047,0.1164235527257208,0.016602368071983623,0.16317942146639497,0.049149825765267365,0.17083271879833706,0.00831570173936979,0.12375867812166344,0.017734293265330353,0.026237609654300557,0.012493897579976234,0.006998526442160834,0.15743969660383236,0.05480506317071394,0.001945201606811975,0.06174796889104273,0.036444599536722945,0.00883050497874741,0.009136694714217098,0.07830621250369965,0.003630698521048022,0.032966722294402215,0.053334005122447965,0.0003070042157226154,0.0002958749361614083,0.05773718188474056,0.09808915843479057,0.006674004277834522,0.0431847232818338,0.017575558142819827,0.06067639585659176,0.05433688861832963,0.007675048738890706,0.028286571268814346,0.04278844708930818,0.02074756977653339,0.04840776466807459,0.07518160291301398,0.0031461160498808018,0.1966197924449179,0.0019434997020912805,0.0909859403315562,0.03851112293376895,0.000654055175736444,0.10209385314594215,0.10151986422639507,0.1113868568345525,0.010412486715757093,0.17311304529067842,0.0036826897614038495,0.13403208904474906,0.04623138923333516,0.08077402060683844,0.021199114686320575,0.0026589203301974275,0.00033838240102359674,0.05039809505688751,0.04552204451289553,0.02078610067173157
66.58291457286433,0.012899067287028209,0.023373282100308174,0.014309450724268053,0.001103505529662178,0.002894480445593997,0.002570547346877686,0.015180867130009594,0.0860692730334099,0.0005961134635791875,0.15520536908529017,0.142510154260607,0.07602197234219102,0.030029960089366606,0.0010466902608726274,0.02989212456775497,0.08715889376177968,0.14174917438945336,0.010037653309897698,0.043402763305795164,0.11501289409747398,0.059857384366270035,0.10678431478543411,0.05040015034234383,0.03801046180419539,0.0018662093133693324,0.05429830326640423,0.04119352715562454,0.016452141134703193,0.003529964856386515,0.13259557394932403,0.008601776388801084,0.004925009657109676,0.02283659694290669,0.0834278662674679,0.00585396234529775,0.059634025210907896,0.14192932794067853,0.07051947110531993,0.10535536752487937,0.12507360328345563,0.03971190621651067,0.03036792094451771,0.16212234345927706,0.10613973263815166,0.13429525383986263,0.010108536856347433,0.05212885013436115,0.09380726638418589,0.028732929887425505,0.16544644374707462,0.08991377181814134,0.006031360596473503,0.052358471012507735,0.01986154862569222,0.013490252888734955,0.008011805895792342,0.022815632325829317,0.02536553396016108,0.021784128555776192,0.00966762183018374,0.005647561224557587,0.03981508077055519,0.033484120111943905,0.07063248095282694,0.05080693600427125,0.041371834567980915,0.010737269338562241,0.11801696883262262,0.12406500875090455,0.0119371924203227,0.06877339473775823,0.004132654201324127,0.08030372964935927,0.004702011569320588,0.040056386258883116,0.011137061347196902,0.1638206234546306,0.08969246848911426,0.08965889958754901,0.10743001188022133,0.14053918212286445,0.01549645776012355,0.03425029073015871,0.09076067734181541,0.23269530637068636,0.0694305616577642,0.0510655922768164,0.01016693799110374,0.026795179255117405,0.13187686369821677,0.1228966702922649,0.048153544889043005,0.16731403271281894,0.10742877012639299,0.06437312722680372,0.020624084866855515,0.009626255572597353,0.005618706910817199,0.003848716208526877,0.12143213915749593,0.005957940550017653,0.0002695545100352184,0.07218943848652101,0.02494090395755544,0.11516181514949371,0.21552764855277026,0.0072415452120213894,0.13018453555565934,0.04745943100529724,0.06422120808649798,0.06080334314890541,0.03836176946315437,0.05180495924771816,0.15567596657789978,0.16506407279743684,0.07449227428967203,0.003410465948862521,0.07994253601777956,0.08712725751965093,0.04471163213976918,0.0005706910657367943,0.17073835811565927,0.043908050844486096,0.026384383023617956,0.17987990250535943,0.018904345448580932,0.15728912449794566,0.01639844088413427,0.002770301130423768,0.15667321865918143,0.08306771195650905,0.09948027220249092,0.17797963701012073,0.06505366689880746,0.024893052108204562,0.012896134585086328,0.0004027567360751999,0.01212932203376646,0.0021422607688984284,0.06196741199994815,0.01646574572693533,0.18665119097360106,0.1275205833763237,0.021854371156687903,0.1724285551089425,0.06444740319086022,0.17872614060201503,0.01086814011326479,0.14311056674590597,0.019705895934179006,0.033578657771588805,0.0163735575721575,0.009089567404891872,0.14616957535772176,0.0615163680280188,0.0025177890367861907,0.07752309407598766,0.042759502978654024,0.011830336304890617,0.011319149319892245,0.0925726861093262,0.005181769191865932,0.040956138365265,0.06248385343443303,0.00048102337702568814,0.00038585597655842527,0.07020349166779603,0.09997451581925748,0.008452248506658749,0.052343680629703106,0.023623247859011588,0.07354845443995707,0.06588905547492727,0.009976571046424024,0.03531134524491976,0.05231378731736236,0.025559854160898572,0.05958805784033432,0.0880631300280966,0.004548170751629127,0.18993557890756385,0.0024658395426414353,0.09827170482787315,0.044836235465967926,0.0009574676321753212,0.10906784641353126,0.12059070547995035,0.12726428708713966,0.013387945609478586,0.17475439074682392,0.005073658693482734,0.13233973950267655,0.05191852559407995,0.09005702879596349,0.027687902957105968,0.0038210382037324386,0.0005607748649694464,0.05959883620227026,0.05646912742847828,0.027912328133360097
66.83417085427135,0.01593085915944002,0.029852173285850898,0.01870183228930309,0.001449382349887335,0.0038005645223166866,0.0038651452569958998,0.020334445546419732,0.10076050726054482,0.0008748071602054934,0.1712277546120892,0.14119042092091993,0.08271127131219679,0.0352458072010044,0.0012437899045492165,0.03665930867865386,0.10918497275057726,0.14792593495270057,0.013178119905591309,0.051188775185945536,0.1312110600237636,0.06420111897174066,0.10533017250431641,0.05760907987935931,0.04666398093075115,0.0024017716935228195,0.06560317913996,0.04317903650536015,0.020644138431724728,0.005097733972397109,0.1415409988698174,0.010534189349858983,0.006899576091310099,0.02810298205050394,0.09662842630604185,0.008596700398269031,0.07534194291926576,0.13841264204787082,0.08748791436314612,0.09812750864876055,0.12715018641843864,0.04554008488084737,0.03523795089695458,0.15516892002301985,0.118779724877737,0.14126666570627203,0.012335200338445177,0.06004707142212943,0.11092605122083284,0.038214149403501964,0.16639870023252493,0.09464603142291425,0.00821034519499899,0.06008206525653055,0.025710634225809888,0.01669313915351787,0.00949111009697124,0.02592321625649112,0.03176402168573888,0.025379107292380573,0.011235733444369808,0.006964731758865332,0.04721740737651707,0.04053461421155683,0.06372984843473373,0.06067437135310673,0.05411428646488135,0.012543830340204105,0.1342467834340568,0.13575354750087942,0.01629311722489907,0.07704317005753133,0.005338536348902258,0.08475171969175642,0.006022270719988597,0.04851712692851445,0.014576789898627457,0.17827824692201313,0.10220921602333836,0.10417115844010673,0.11720289846663795,0.14959362137382232,0.021417607412041365,0.04287882635166088,0.0937745954521255,0.22981962670957115,0.07905839072589829,0.057368697048341105,0.01254736967265432,0.034618567003854385,0.14244053572430213,0.13883860067132864,0.05794708238692132,0.16924245157566903,0.11416088681877523,0.07244036371542571,0.026243986547186002,0.011825948828688251,0.008202636978109416,0.005522261191009716,0.1394706194944938,0.00781822998703308,0.0003635161153355858,0.07877673228326992,0.03291336679141393,0.13195634952672755,0.22991778328388948,0.009665234807551321,0.13752809221480344,0.05392945164873356,0.07479207046871052,0.07070839683023769,0.04256331544110164,0.06044407666132148,0.15036639035536048,0.1632485178048834,0.09266894283030265,0.004362927807885107,0.09475697239626357,0.10495746211219056,0.052628493988086916,0.000852515345332901,0.18367464432797506,0.052897488388317045,0.03234860946103811,0.18531952938266402,0.02626461405056474,0.166536271148657,0.018631597239354352,0.0036660016929543696,0.155095752060761,0.09473207626566525,0.11343987858136405,0.16104427510554667,0.07567260531771448,0.0269505513111874,0.015196937743307737,0.0005518464484747611,0.0152562594205572,0.0030176050989602398,0.0701791297865207,0.020303464073227348,0.19915832002166461,0.13796186438469257,0.028345047989100296,0.1797327854940579,0.08240027901321485,0.1844302563448719,0.014073149007861857,0.16238855186075574,0.021906776386823264,0.042334489046396244,0.021161405953654934,0.011666985091561896,0.13382505400946143,0.06849319432680341,0.003234386995207982,0.09524853555542805,0.049851425044259996,0.015640905976067782,0.013894440052469257,0.10777329800979872,0.007296125038695628,0.05024457371374919,0.07216392270699089,0.0007444123423506308,0.0005005216759204387,0.08399078308822744,0.10154912650837572,0.0106294749752029,0.06264607444885148,0.03120066657975543,0.087770287912827,0.07873754676099834,0.012831572001085942,0.04340627001265313,0.0629986782763277,0.031234449147452232,0.07218580674250294,0.10172858502866193,0.006468886212062622,0.1805649466186189,0.0031176015753745113,0.10532238020187755,0.051947471306065106,0.0013860816671934747,0.11567508919198502,0.1403090900607078,0.1428720144630904,0.017011718551640388,0.17435218687742104,0.006900122221254784,0.12973362283560164,0.0577478270339206,0.09926026009130946,0.03559255998346347,0.005405151831165199,0.0009121208723502605,0.06967618887626557,0.06896658465747164,0.03684641708498523
67.08542713567839,0.01954643035787675,0.0375511869826113,0.024139759301090184,0.0018980997744482769,0.004942635217906753,0.005696404757527418,0.026811271436132156,0.11605082758131083,0.0012707398198608848,0.18555152753931672,0.13867505196536795,0.08934410343790126,0.04102964740425491,0.0014740181728143266,0.044409580376524566,0.13342716467345167,0.15282144325342592,0.01711509230472181,0.05973778343229219,0.14706726185755176,0.06854259040403068,0.10345620825837863,0.06522708021353188,0.05650933676879745,0.0030753135875497186,0.07803471351817028,0.04524882121983981,0.02562565322080007,0.007240303404743501,0.1490942270235396,0.012813762544478127,0.009555737232476198,0.03419569770834315,0.11034098674369697,0.01241653383594886,0.09312654695879083,0.13375828130874653,0.10624811973199638,0.09060906711687029,0.128350411742934,0.0519333128333532,0.04060095416035489,0.14700722238305447,0.1314955349766703,0.14706340105689109,0.014917736447212155,0.06860581492409311,0.1287927346539883,0.04980682637262245,0.16549805224094247,0.09911083400463441,0.011061780317680252,0.06835461557446515,0.03273091098095468,0.02048382582718527,0.011207812643659512,0.029283540723444725,0.03920732724776201,0.02943199007965636,0.01300020570525758,0.00851929378111636,0.055371471988765214,0.04840561541973226,0.05718566578202824,0.07158590516630375,0.0691888765778239,0.014560954976768799,0.1502729746615097,0.1466068845983487,0.021913429682217694,0.08549456569656874,0.006842533896159667,0.08903314612877886,0.0076529468969962385,0.05804586009172919,0.018880441917778594,0.19065404547409445,0.1149550515429567,0.1192445581186687,0.12652426964554606,0.1574011090937168,0.029034426262892484,0.05288368357662932,0.09652069703891715,0.2221430662619243,0.08904763706655372,0.06389246626762332,0.015363567597111893,0.04398593268487354,0.1520971112955247,0.15417052754341198,0.06875292765634546,0.16927493195294133,0.12040973855238478,0.08080380290180508,0.032948499534142354,0.014400640043921317,0.01175105026912082,0.007809386620440513,0.15749805165926886,0.01015406907886909,0.0004869598248949939,0.0854171297202087,0.04264329721084094,0.14848651448192654,0.23947214040728232,0.01275138693763189,0.14389141774492056,0.06085034181868928,0.08599711478403878,0.08130908419720724,0.04696986115249375,0.06992987594282309,0.14377743654597205,0.1598095408296891,0.1127450761514251,0.005538944972934926,0.11065862897793177,0.12385800250110351,0.06130470293093131,0.001255528517277208,0.1943506462068635,0.06284826665641419,0.03925298957115399,0.1881857591933653,0.035687544027900836,0.17398440926640593,0.021145045206233334,0.004810241609848355,0.15201071646620873,0.10650316659727599,0.12740470277729862,0.14289548988470788,0.08702945522264789,0.029039510194000973,0.017804633369332024,0.0007536463237354391,0.018988479829028754,0.004199193356499663,0.07862887291814674,0.024831191695303016,0.20854176907284344,0.14742550605644517,0.03620429102581901,0.18478371436860194,0.10272234774275206,0.18769526885310003,0.01804809798354287,0.18072948486378587,0.024356181286171088,0.05256130826321828,0.02696804778113457,0.014798489253554214,0.12083945104527012,0.07563837656601437,0.004123564053082814,0.11451771862238808,0.05772179385063614,0.020400116924828043,0.016898920450517524,0.12354789971900564,0.01013047433003956,0.06084433757351511,0.08217337885190205,0.0011372029405185807,0.0006457610959723228,0.09884254209277747,0.10279644449951252,0.013268770479219951,0.07401426214805025,0.04047860751183248,0.10308651826810976,0.09269550552506708,0.016327697304470368,0.05254258395568897,0.07471917934948924,0.037840097878409584,0.08604771644732323,0.11586977578607079,0.00905145370192818,0.16894504971369206,0.003926452638888107,0.1120058700900611,0.05985061857006463,0.0019835532658178077,0.12177494415544086,0.159899723727773,0.15762547797936866,0.0213596196403479,0.17192701425105145,0.009263729199041755,0.1262712647065802,0.06363387081783271,0.10818384955013455,0.04502475033844535,0.00752542270221719,0.0014559203572235828,0.08051720744955114,0.08291977777355942,0.04779064265946489
67.33668341708542,0.023820376241857906,0.04652594823916251,0.030761497854474722,0.002476954467546696,0.006365695713341951,0.008229031579322955,0.03478581339738657,0.13149805078587526,0.0018264746755480646,0.1974593569445601,0.13504953124304833,0.09582261282629315,0.04736757512783679,0.0017425386135238021,0.05313473887704969,0.15899588973724005,0.15625271124471202,0.021979437653776086,0.06897019925352373,0.16195735275599812,0.07285249847985485,0.10119368175903429,0.07314913344872602,0.06749260718006522,0.003917723061935733,0.09138362125063759,0.047414142540758576,0.03146196290865841,0.010112877141612141,0.15503001473310524,0.01547499868523409,0.013076967512405049,0.041137342263881466,0.12418809414007764,0.017620308373967105,0.11260100140557805,0.12808874403524517,0.1262903317173041,0.08294960704569647,0.12860939553043707,0.05888942929677827,0.04644779188658761,0.13796750553917825,0.14391958413324285,0.15152374983566913,0.01788006842572747,0.07772908396202165,0.14680341537160596,0.0636011075062112,0.16278228709821788,0.10324472085082596,0.014741743174394605,0.07708484724098984,0.040983287661973206,0.024918998735361925,0.01318985621320616,0.0328991886434664,0.04771056149458684,0.03397312101112215,0.014974011601419384,0.010339787105868794,0.06420614934863172,0.05702880579262253,0.05105107615491497,0.08342112266843454,0.08646119525170369,0.016798585575834805,0.16545214858318336,0.1562587060408352,0.0290234119490038,0.0939746363816318,0.008699948226502184,0.09311999591162433,0.009644781325648367,0.06859470462346634,0.024190169477021902,0.20031577219764185,0.12758507896398458,0.13444243683877333,0.13514501155043843,0.16368485051529186,0.038597771445963644,0.06423492144704375,0.09896644902006699,0.21019079028559895,0.09920225256589733,0.07054612995394918,0.01865905763325271,0.054952631806685984,0.16051280993340145,0.16826462141927484,0.08043600834913743,0.1673961757369865,0.1260418648812711,0.08933017950024512,0.04080421008627735,0.01738317155833186,0.016513706706436225,0.01087961083958173,0.17475863867489508,0.013051249663346915,0.0006480002127654917,0.09202638679241548,0.05423674286141732,0.16407227573839783,0.24352553418667047,0.016624467484627425,0.14910537002479757,0.06817712804157741,0.09762688536790452,0.09245670413298991,0.05154935885181857,0.08019405586554726,0.13616699695726636,0.1548774179875734,0.1341287704683071,0.006977655795359158,0.12724858785049095,0.1431707799795874,0.07067951873516228,0.0018227876709936424,0.20220962914098775,0.07364131599368264,0.04712845316125839,0.1883658942666391,0.047409806783244406,0.17933129777147222,0.02397093246864552,0.006256434789630753,0.14747209002905162,0.1180476824357588,0.14093908359215593,0.12434921291130006,0.09893138368151591,0.03115144058735607,0.020739618887415164,0.0010256769926493686,0.023387025252503326,0.005771168129502281,0.08714906418337805,0.03011599534668087,0.21429439264937247,0.15560474276044445,0.045518748965534525,0.18735292715580956,0.12485577324498875,0.18836467554852393,0.022913520245096075,0.19720108492051047,0.027071696665808782,0.06424546307756507,0.03388526165773446,0.018547736918115062,0.10763054165570056,0.08283979376778337,0.00521731789560874,0.13472593107533543,0.06634147100764202,0.026240032291988232,0.020363838724314628,0.13944312247121288,0.013864138633454532,0.07270273300276167,0.09227574494333254,0.0017139436941684696,0.0008285987729568617,0.11438974273576938,0.10370041781135839,0.01643454964667433,0.08630416444427598,0.0515683764623396,0.11912576632388362,0.10747768949673121,0.02055268035748968,0.06263484189951705,0.08727544014541644,0.04542296779024429,0.10091949631869605,0.13010539747347838,0.012458985754081102,0.15559106903310063,0.004924325298783155,0.11819027489046165,0.06852082662961893,0.002804997126868987,0.1272286475042232,0.17847853925044332,0.17093276007604166,0.02649669758403145,0.16756501338378557,0.012277932193403205,0.12202753584985264,0.06948691182874202,0.11662925595134008,0.05603937692155448,0.01031109472367253,0.0022802153370471093,0.09195785257208472,0.09813264071226742,0.060872368147942696
67.58793969849246,0.02882511552563259,0.05678405572907158,0.03868580514617085,0.003219006449241772,0.008118203245998615,0.011652953121662686,0.04439611266563739,0.14658980797673382,0.002596759283922285,0.20631535411951718,0.13042700954717842,0.10204444212995316,0.05422766379989378,0.002055243542202231,0.06278266132457422,0.18468096871169135,0.15807881249906006,0.027897911451521522,0.07876668871206949,0.1752490311042818,0.07710013284122176,0.09857631305244738,0.08124860620154624,0.0794937971385125,0.004965366422618884,0.10535813532884472,0.04968562733935187,0.03819941697971076,0.013889787827707662,0.15918767451853744,0.018547775737744774,0.01767287342880452,0.04892165566475914,0.13773058408284072,0.024544649992194266,0.1331670737863399,0.12155189229715345,0.14691047023808992,0.07529134470310525,0.1278853815831757,0.0663897640264007,0.05275487540726811,0.12836498326610205,0.15563635898656603,0.15452446692020785,0.02124055755210154,0.0873092950811,0.16424876801949173,0.0795514918546353,0.15835021002762997,0.10698547579550069,0.019420834329604286,0.08615166971188075,0.05048102494742841,0.030046428236342244,0.015465505758854033,0.036771271690109845,0.05724745148217307,0.039027687093276836,0.017169357282872787,0.012455836824188117,0.07361364751323192,0.0662962896558865,0.045360132092279196,0.09599355389340007,0.10559108530793122,0.019265235275957696,0.1791042769772201,0.16436773195192786,0.03783197156411632,0.10231350878871044,0.01097039464323582,0.09698524775645899,0.012049440534830183,0.080062992555995,0.03064481952848321,0.20674266443906672,0.13971656570352745,0.14925300611063658,0.1428208444851855,0.1682082956088012,0.05030545385599112,0.0768222734510087,0.10108030919473628,0.19472703425181753,0.10929609706442973,0.0772290135415507,0.022472219277872855,0.06749375757372741,0.1673732568385047,0.1805006017217997,0.09279932780840955,0.16365514884685592,0.13093308629731196,0.09786597725339809,0.049839402055070196,0.02080291949858608,0.022756729764841752,0.014925048651299934,0.19042339242431114,0.016599942767478663,0.0008566189551069606,0.09851394046032794,0.06770857881509947,0.1780126178992086,0.2417965643434327,0.021412534258274392,0.15302696523366685,0.0758467425167761,0.10942760906792164,0.10396025159747321,0.05626242852452959,0.0911212403515824,0.1278014231563465,0.14861592099474605,0.15600515054248784,0.008721259641777886,0.1440050746119415,0.1621027083830862,0.08065956090999449,0.0026085275205782067,0.20680856800375338,0.08510037164324125,0.05597302369220474,0.18586453766943759,0.061562544924234616,0.1823504278029054,0.02714340329647923,0.008064079454733452,0.14158007065961734,0.1290103488490867,0.15358435818260355,0.10614286108887519,0.11112927144486975,0.033278654885889776,0.02401961663372961,0.0013907300236611173,0.028504630876137995,0.007831428068835725,0.0955550322406048,0.03621485171353699,0.2161002862718838,0.16222542397620288,0.05631205337852032,0.18730931119407374,0.1479702882218177,0.18638767123737188,0.028786103361428665,0.21087722177308454,0.03006835286853861,0.07728637942550216,0.041974682814362466,0.02296985395637906,0.09457869397803327,0.08997339227670138,0.00655084704264283,0.155088708341255,0.07564463177852905,0.03327493332811963,0.024313045192683284,0.15492689712941013,0.018693461240036038,0.08568939113868737,0.10221007038842139,0.002547148007992038,0.001057336080037545,0.1301593132723597,0.1042457471027948,0.02018964128744723,0.0993007181666467,0.06449292571199143,0.1354062541222472,0.12270195061188198,0.025589715460999193,0.07353598239161172,0.10039226107944761,0.05399745288020275,0.11644452386631221,0.14399442767071205,0.016869913081966496,0.1410584918158273,0.00614752570320125,0.1237482535490062,0.07789587697711976,0.003918373114674753,0.13190470351281475,0.19511622821702473,0.18223586201579126,0.03247066436062879,0.16141393541014143,0.01606539394538332,0.11709258013057039,0.07521616320166796,0.124408041743297,0.06861417840271054,0.013902482216395352,0.003503423533268125,0.10378296120540358,0.11429815348129184,0.07610586213970874
67.8391959798995,0.03462645984598264,0.06827361156275681,0.04799709647359906,0.004163699512917744,0.010250757271754419,0.016176955964071506,0.05572021481071264,0.16076987003970983,0.00365053984163584,0.2116229286299855,0.12494171672253992,0.10790494369348769,0.061558331418583224,0.0024188098910610193,0.07325136416275256,0.20902203191344548,0.15820990852505135,0.03498261146498881,0.0889678899609838,0.18634847155347564,0.08125318254498151,0.09564000114018019,0.08938082010208816,0.09232108176635459,0.006260580388361233,0.11959058963782425,0.052072395618153876,0.04585809019255931,0.01875780997039353,0.16147851562019794,0.022054854163440808,0.02357236575994729,0.05750795099929621,0.15049003842935857,0.03353084725875281,0.1540305036012771,0.11431384752663618,0.1672409006517077,0.06776440882759296,0.12616254779388872,0.07439520296514732,0.0594822129664761,0.11848631966303699,0.16620212132531376,0.15598669727725922,0.025010603187934317,0.09720646872523953,0.18035645810522205,0.09744164536922426,0.1523558825881478,0.1102732320999828,0.02527633489742566,0.09540482955782015,0.06117884032220009,0.035900374959144596,0.018062514509130774,0.04089897511780659,0.06774424049607117,0.044613385101083605,0.01959758956404444,0.014897759285090982,0.08344938039953168,0.07606193641005245,0.04013139669778869,0.1090491877810345,0.12601790312179528,0.021967670442405978,0.1905636599544761,0.17063873353199857,0.04850609487606892,0.11033015958750549,0.013716195286607679,0.10060215329976652,0.014917047935303577,0.09229177885607451,0.03836899083329926,0.20957295884094637,0.15094786031803487,0.16311534535710473,0.1493242613881576,0.1707907592420644,0.06426341185507567,0.09044591570074727,0.10283246440402537,0.17667421283379384,0.11908111054553884,0.08383390840132204,0.026833591413358587,0.08148581742485489,0.17240292917979905,0.1903130689320228,0.10558493564814005,0.15816225045668852,0.1349723688967426,0.10624179136278622,0.06003365648308241,0.024684493618750556,0.030742493615229925,0.020153271282246737,0.2036517297967227,0.020891282707116,0.001124983707322106,0.10478476134872299,0.08295500277640212,0.18964025691195563,0.2344206054430968,0.027239929618601867,0.1555456740073656,0.08377638010627654,0.12110904619619466,0.1155884102920406,0.0610626124205109,0.10254415401150074,0.11894126773544159,0.1412141878517839,0.17737463037726783,0.010814195943477356,0.16030177167928625,0.17977747999537982,0.09111596628208918,0.0036793616631609696,0.20785943409868454,0.09699371933728071,0.06574427652745511,0.18080194227333676,0.07812200582890974,0.18290754360037254,0.030697864191199565,0.01029765188452752,0.13447854968726025,0.13903389906546004,0.16488530714380942,0.08889004303713391,0.12332304170164735,0.03541417647830346,0.02765869904610209,0.0018781735031320411,0.034381395288503896,0.01049028838349246,0.10365331694947075,0.043168630118704365,0.21386415678062673,0.1670623989006368,0.0685261091347015,0.18463037219153608,0.17100020464903706,0.18182455437142647,0.03576945640732865,0.22092341749082853,0.03335766405301269,0.09148392423806957,0.05125598699840846,0.028106457738447017,0.08201026565922506,0.0969070871110572,0.008162099785979161,0.17468525937184218,0.08552383379547703,0.04158713896440505,0.028760640033836462,0.16941252657182213,0.024821881387548712,0.0995875176820084,0.11170485276900377,0.0037306567210235717,0.0013416878560846579,0.1455946555137335,0.10441826169199096,0.024591648020550638,0.11271814021170196,0.07915936205999048,0.15135363866025414,0.13790001365647808,0.03151179610974897,0.08503671165800616,0.11372641978472404,0.0635369781652318,0.1321716713418106,0.15705645494599713,0.022470156278875098,0.12590526630868545,0.007636650663927782,0.12856143170372733,0.08787048854004198,0.00540534905460497,0.13568434849660108,0.2089149374135826,0.19105103906522178,0.03930496376993528,0.15367611813705545,0.020753786233047935,0.11156905293590413,0.08073294688935387,0.13134972702714048,0.08263125243733394,0.018444415032910253,0.00527968379708651,0.1157297119986473,0.13099656026248319,0.09335498438010882
68.09045226130652,0.041278169121537846,0.08087364787606821,0.058729011304930495,0.0053573116794926766,0.012814278915070651,0.02201769452599918,0.06875147184420077,0.17347145152718427,0.005072659243572455,0.21307255040567372,0.11874183171228127,0.11329973122221362,0.0692873768844213,0.00284073838227537,0.08438559235547603,0.23043046920653448,0.15661357082709162,0.04331810470818132,0.09937677882811698,0.19474664933811905,0.0852775708964854,0.0924225453255964,0.09738799936907265,0.10570978181117831,0.00785202519556533,0.13365141245203033,0.0545811334471041,0.05442455395188716,0.024905465471014143,0.16188799538988713,0.026009272279792814,0.031011151458136973,0.06681681191308654,0.1619776473580384,0.04488688298480757,0.17424360850132706,0.10655127915934984,0.18630570091386792,0.06048306414257603,0.12345260852806077,0.08284230280235907,0.06657187008921421,0.10858067696225657,0.17517064646392236,0.15587960392534944,0.029193405347769874,0.10724906964296936,0.19434618029113981,0.1168606310244503,0.14499974022360027,0.11305167863623092,0.032480339267003354,0.10466741910421738,0.07296471051450365,0.042496663238310146,0.02100713004746545,0.04527894552918472,0.07907566126463066,0.05073777109334844,0.022269149077898915,0.017696025818384507,0.09353417103545672,0.08614542524887843,0.03536990750159772,0.12227003688132015,0.1469711670780384,0.024910553490231645,0.19923453689934315,0.17484131686151658,0.06114062103929339,0.11783942398217528,0.017000090274584774,0.10394348698770635,0.018293159228879318,0.10506131346043787,0.04745942266827955,0.20863826096171179,0.16088086340457708,0.17545378470693143,0.15445628008661744,0.1713203207934705,0.08044444305249115,0.10481367102893216,0.10419558910696848,0.15702272518638585,0.12829780569248303,0.09025085205917605,0.03176303238804919,0.09669380638203988,0.17538365375684248,0.197237256518914,0.11847952081018759,0.15108331832437627,0.1380650407468576,0.11427795337709294,0.07130907092747311,0.02904643421300691,0.040701679264141005,0.026775381720121623,0.2136642539808387,0.026012775319126324,0.0014677883982753535,0.11074137169457815,0.09973147169351776,0.19837793113880112,0.2219321801180877,0.034217764988003746,0.15658843117917104,0.09186254425653718,0.13235541228226969,0.12707406757736023,0.06589697070687948,0.11424168579365931,0.10982948973806929,0.13287855130609974,0.19712148715948113,0.01330199289187071,0.17544128602692322,0.19530358461533306,0.10188264248821789,0.005114918057458576,0.2052585701148434,0.10904034145796763,0.07635290343707196,0.17340403070216676,0.09686572734629859,0.1809710036816316,0.034669878178375406,0.013024803766242848,0.12634970855542094,0.14778065574248694,0.17441796802220733,0.07305353632747151,0.13517178416510964,0.03755154679923852,0.03166623070576505,0.0025254411251759428,0.04104009985587842,0.013867512947515023,0.11125101344255021,0.05099529538986349,0.20771996982705912,0.16995334221970151,0.08200613239043837,0.17940618237043252,0.19272013858020015,0.1748444075186102,0.04394284290575526,0.22668180941652294,0.03694663215773452,0.1065328063045058,0.06169564355430111,0.033980486579870524,0.07018700228349624,0.10350536214345939,0.010091062448179044,0.19252502228793586,0.09582705929904606,0.05121154826738173,0.03370869964784717,0.18229159220948024,0.03244509160331927,0.11409098219627246,0.12049351574797533,0.005382391808301685,0.0016929061435755697,0.1600876595440931,0.10420540576880478,0.02968868079980818,0.1262059435276749,0.09533707719335217,0.166331294910823,0.15253804582846994,0.0383751599940429,0.09686997078661487,0.12688099955871293,0.07396573263028813,0.14757306704670603,0.16879793660363596,0.029441683389472253,0.11065737109453576,0.00943625441712038,0.13252464054510313,0.09829250283243877,0.007361306320235763,0.13846674713577226,0.21908945547885886,0.19700392037872924,0.04699202661010475,0.1445986992853539,0.026469739130744404,0.10556876850644317,0.08595350433652213,0.13730815667909005,0.09786323618206695,0.024076985396219306,0.007802551780743534,0.12749489922195,0.14770342377696982,0.1123026070881274
68.34170854271356,0.048815612641032,0.09438765178690704,0.07084769750272381,0.006853126291830101,0.015857671892491897,0.02938373567502803,0.08337556288406704,0.1841548378841735,0.006964889032058239,0.21057281666073355,0.1119823653029771,0.118127540302296,0.07732184428245144,0.003329367890268162,0.09597673872002262,0.24735209916591744,0.15331780969384048,0.052946894543508434,0.10976388669540194,0.2000600811295268,0.08913735968172884,0.08896332711695233,0.10510532734050396,0.1193270776991582,0.00979481037630741,0.14707008437313365,0.057215153078550435,0.06384544483569765,0.03250805414464879,0.16047269969677594,0.030411816736793426,0.04021251280577045,0.07672765701647895,0.17172704357514357,0.058837379092794,0.19277362236736348,0.09844362651643691,0.20309636208071613,0.05354304763077292,0.11979508373826085,0.09163983336695973,0.07394705398897396,0.09885501204312651,0.18212322385729732,0.15422145518327998,0.033782977974772664,0.11723672313737338,0.20549218265784952,0.1371972297503902,0.1365173206418316,0.1152693857652,0.04118368366794312,0.11374038236838123,0.08565555644142113,0.0498277168832472,0.02432295026639206,0.04990454420327837,0.09106355216903972,0.05739536119506562,0.025193557899350197,0.02088054906402,0.10365892436011855,0.09633876295010987,0.031069341394038236,0.1352834004996958,0.16751029987053886,0.028096054669692283,0.20464471638505122,0.17682473239162683,0.07572591725563302,0.12465985477372166,0.02088222973895192,0.10698084723964282,0.022215304341282778,0.1180923750509408,0.05796922372800605,0.20398014298328002,0.16914528730145678,0.18571791096722787,0.1580571285642139,0.16976263750603265,0.09864985539627721,0.11954615679213235,0.10514560629213128,0.1367435258593687,0.13668746257065628,0.09637106601668396,0.037266873299665104,0.11276644706442733,0.17617042411942163,0.20094780573425783,0.13112495194918117,0.14263105728039585,0.1401353379892818,0.12179115755428545,0.08352415751416734,0.03389992688654857,0.05279863238107387,0.03498885359181989,0.21981836349005016,0.032042499401291606,0.0019026049544322572,0.11628594239557602,0.11764054404034188,0.20378932616770287,0.2051999307475671,0.042432405044997984,0.1561230586672738,0.09998108518534803,0.1428388967856848,0.13812154137424965,0.0707070308979049,0.12594083339777534,0.10068265177704999,0.1238246553308086,0.21410756558079086,0.016229765047443834,0.1887023471933345,0.2078511990545253,0.11275619155060748,0.007007602370223368,0.19910004992719477,0.12092046219814115,0.08765818603082197,0.16398528937824697,0.11734310859702045,0.17661482469915255,0.03909361645862051,0.01631378412693382,0.1174059726855416,0.15495375235722883,0.18181632420203914,0.058936822044404584,0.1463084798039015,0.03968455030804474,0.03604575213175749,0.003379658338411246,0.04848138488845053,0.01808740197237962,0.1181653983308239,0.05968270404344129,0.19801773912912793,0.17080873232203364,0.09649223045167736,0.1718352613737386,0.21185318882709772,0.16571506849739867,0.05334840737446118,0.22774350572720897,0.04083675120266646,0.12202619662384753,0.07319750155190814,0.04059122849761326,0.05930146666099428,0.10963432344723163,0.012378756560108662,0.20763123298612457,0.10635749676755872,0.06212035864611543,0.03914523868452158,0.1929737034432598,0.04173121454364734,0.12880886381612264,0.12833000629922517,0.007645781169512443,0.00212388085542378,0.17301988813678804,0.10359682116944893,0.03551466010007443,0.1393611640628335,0.11264602716646092,0.17968147788100708,0.16604629535865845,0.0462120999625609,0.10872075832485123,0.13942608601212073,0.08515239553834025,0.162071406857978,0.17874255628565475,0.037947340683106574,0.09578063288456046,0.01159420337632975,0.1355497723503821,0.10896181106937933,0.009894116409912609,0.1401735851952644,0.2250425980147599,0.19985576812758274,0.055487368296227385,0.1344615957500368,0.0333307811665126,0.0992089204866025,0.09080132437557334,0.14216602677897686,0.11396695185154974,0.030923748794468735,0.01130549280028869,0.13874601548875373,0.1638088896149666,0.13243341537397146
68.5929648241206,0.057248788021455686,0.10854137200071012,0.08423659693466067,0.00871119557857222,0.019424997978351892,0.03845490756861757,0.09935269391334196,0.1923458862811847,0.009445859529377487,0.2042603238390615,0.10481853981281525,0.12229333052346432,0.08554884362631494,0.003893855840391034,0.10776669066035627,0.2584493033261045,0.14841048417469807,0.06385436494848173,0.11987532228161152,0.2020612232741244,0.09279476872762263,0.0853029200893267,0.1123677256271742,0.13278298249618384,0.012150282578834583,0.15936172862751088,0.05997348455224057,0.07402257845648987,0.041708661630745124,0.1573527812066209,0.03524878843283623,0.05136102025619433,0.0870786946072471,0.17932790073791183,0.07546517800228011,0.20859056298488413,0.09016576162143482,0.21666001201058485,0.04702007181457653,0.11525619526693165,0.10066622233062468,0.08151203046445785,0.08947298806590384,0.18670029402561514,0.15107811323055143,0.038763487160474994,0.12694492689345663,0.21318638782651766,0.1576575540815267,0.1271665239523666,0.11688125106180265,0.05149606702801738,0.12240900583100511,0.09899772784974306,0.05785793509967835,0.02802964595209644,0.05476500184299012,0.10347853821724295,0.06456459554956101,0.028379420168669324,0.024479757363796373,0.11359169816183244,0.10641479514814682,0.02721423729902035,0.14767694694336572,0.1865925725426185,0.03152344883804412,0.20649023469398034,0.17652732193455267,0.09211733361043187,0.13062193939165806,0.025416465154389105,0.10968409424202569,0.02670929575929797,0.13105216827489619,0.06989092712854404,0.19584668028532373,0.17542257639706596,0.19342431856328324,0.16001502432379847,0.1661646409138297,0.11848080045055003,0.13419059995178234,0.1056624365580752,0.11671371369048675,0.14400518684668281,0.1020907907493196,0.043335229024870366,0.12924181814862687,0.1747029320512813,0.20128581499611894,0.1431336154624548,0.13305455822333095,0.14112832608100084,0.12860173480481632,0.09647135169068152,0.03924754518432406,0.06709278595660098,0.044955301123618494,0.2216766079954594,0.03904217507529289,0.00245023163105488,0.12132239926464897,0.13613371491516874,0.20561800335614067,0.1853253416592129,0.05193247371069421,0.15415988809398048,0.10798851746822834,0.15223507422250931,0.14841655221353503,0.07543007903861124,0.13732330035810644,0.09168525907387602,0.11427008581912369,0.22728070372796094,0.01964035699145024,0.19939679988407896,0.21672841669549867,0.12349813930262292,0.00946116596296085,0.18967086163784944,0.13229002602712348,0.09946617170432112,0.15292637897260705,0.13886894564809502,0.17001399879810886,0.043999807394118774,0.020230056785402562,0.10787986173340146,0.1603159788258074,0.18679546672177846,0.04669192706273599,0.1563585819273432,0.04180688643006999,0.04079384015565773,0.0044993130619201144,0.05667906050746035,0.023271744757636926,0.12423303290521852,0.06918155091347114,0.18529025961757678,0.16961702195428796,0.11161996253605484,0.16221249783168473,0.2271983526689778,0.1547861804395558,0.06397780348564819,0.2239971385139422,0.04502305287200264,0.13746985871534628,0.08559654081079279,0.04791000066551364,0.04947792347259193,0.11516691207534765,0.015065926820074292,0.2191317404896602,0.11687669836847164,0.07420981728472696,0.0450425728534064,0.20092986513040256,0.052796692706180884,0.14327843296741213,0.13500302368058978,0.010688965101826299,0.0026492051607152445,0.18380898521657862,0.10258500585221603,0.04208446534522602,0.15174662100252775,0.13055918254177298,0.1907739371715585,0.17785577154472235,0.05502352571659606,0.12024097821512081,0.15092430862747383,0.09690694679995766,0.17507514934644994,0.18646316148417055,0.04811223753782419,0.08166063991634644,0.014160659553590848,0.1375690542251742,0.11963278741541178,0.013121317684832039,0.14075275397236178,0.22642455235715694,0.19951835944315907,0.0647052352529644,0.12356397654144603,0.04143524867945594,0.09260809071986056,0.09520892308424588,0.14583745026430087,0.13048696514435754,0.039077915270696977,0.0160573270156031,0.14913577765544636,0.178648414289977,0.15303641538282337
68.84422110552764,0.06655509827125948,0.12298595847368508,0.09868485901620919,0.010997556843739991,0.023552251680048635,0.04935797407841342,0.11630862483055107,0.1976715511812044,0.012649390956927516,0.19448680771127438,0.09740003975790337,0.1257115208194424,0.09383741312468367,0.004544114918322769,0.11945588428335545,0.26277394919209307,0.14203507303910867,0.07595479002060486,0.12944326843323448,0.2006950274683368,0.09621035493194126,0.08148260888803983,0.11901688623493586,0.14564745274498606,0.014985343308384113,0.17005720670249475,0.06285004422286848,0.08481034758975563,0.052596080321661964,0.1527008763853744,0.040490298397838485,0.06456994262081436,0.09766963882765325,0.1844567271337146,0.09465168906361579,0.2207642724030364,0.08188152456044508,0.2261894235103335,0.040969458356896506,0.10992644327237455,0.1097684405080256,0.08915305502802665,0.08055670018672526,0.18863149566968482,0.14655905695396673,0.04410896574246148,0.13613174699882952,0.2169944120552753,0.1773082682008525,0.11721441047151404,0.11785003566739803,0.06346350978831707,0.1304511989973145,0.11267280923771865,0.06651985129338416,0.03214157447489796,0.05984451928542465,0.11604500628898051,0.07220482734238592,0.031834403906280666,0.02851942743697345,0.12308687339313054,0.11613704871716211,0.02378215763155607,0.15901909082933155,0.20316311523117103,0.0351887188902359,0.2046648965430562,0.1739797408889895,0.11001132536620702,0.13557610957742033,0.030646030055437888,0.11202100853516825,0.03178557314517614,0.14356515001579884,0.08313987235094333,0.18466938144878206,0.17946724225174185,0.19819559024386785,0.16027233862590387,0.16065258173196179,0.13932656757507525,0.1482430328289152,0.10573072121497541,0.09766215523942288,0.1500328483146658,0.10731477586911511,0.04993965126097425,0.14556458294849586,0.17101154387588854,0.19827084329854217,0.1541078464544381,0.12262757970241839,0.1410112765187858,0.13454115346274143,0.10987882269886945,0.04508202218068845,0.08350058770120769,0.05677419530962876,0.21905766509586713,0.04704931095984121,0.0031350173050354573,0.12575849323488844,0.15453010115980928,0.20380917813135568,0.16352182657085432,0.0627152555418123,0.15075147224539354,0.11572484307518809,0.16023930287626528,0.15763876601644505,0.08000075417973153,0.14803711825005478,0.082987070856785,0.10442766133413528,0.23578359120801337,0.023572152725327172,0.20693021775566295,0.2214466963967252,0.13384006589131298,0.012587777915211883,0.17742811298471436,0.14279819094332186,0.11153124337323178,0.1406486839205778,0.16054632700697374,0.1614324940289338,0.049413147102945545,0.024832153358374628,0.09801252824406088,0.1637044385898507,0.18916921085735128,0.03633957644112731,0.16496118204771298,0.04391182288950723,0.04589899011189189,0.005955817071120416,0.06557590033616476,0.029530647809551485,0.12931758765296936,0.07939919329673681,0.17020421220261142,0.16644450191449744,0.1269314666311192,0.1509100640145622,0.23775903858201355,0.1424668070684443,0.07575950141832571,0.21564552385156133,0.04949323811832073,0.15230680780518807,0.09865702097633805,0.05587694843740849,0.04077766815268727,0.11998795819925272,0.018191419031955886,0.22634507767052833,0.12711150116350942,0.08729107692438974,0.05135624236861788,0.2057352659297007,0.06567952586859463,0.1569866401191936,0.1403475436104173,0.014700805352659144,0.0032851915083720695,0.19195522039554352,0.10116601931242937,0.049389290852744856,0.16291430909836496,0.14842178766560835,0.19905698696948163,0.18743875201833557,0.06477178386559217,0.13106835304306425,0.1609589451653946,0.1089815330798222,0.18601871591145314,0.19161232412232093,0.06000247543609033,0.06859149879885439,0.017186641643354796,0.13853757028127514,0.13002076376938215,0.017165378554677663,0.14018088076865481,0.22316779940235804,0.1960563974662041,0.07451647809985233,0.11221010789709966,0.05085034613791175,0.0858822891618132,0.09911908281443063,0.14826866351641418,0.14687066342026284,0.048587484719695866,0.02235071929608741,0.15831934762559635,0.19154376395997164,0.17323179101245284
69.09547738693468,0.07667243709018445,0.13730721557814365,0.11388163156622923,0.01378276155197383,0.028263875567451777,0.06214047123231081,0.13373777410783408,0.19988867831180882,0.016720713996163632,0.1817852940977151,0.08986637637110503,0.1283092087198883,0.10204145058219984,0.00529069648684001,0.13071544086681022,0.25990049117394104,0.13438310078026322,0.08908033639096626,0.1381983500069256,0.19607994852038288,0.09934338869195229,0.07754381458903437,0.1249080506712726,0.15747279163858177,0.018371147642724524,0.1787340190106463,0.06583292556197594,0.09601604098934702,0.06518136016517388,0.14672875586679968,0.046089317369511364,0.07984463048431624,0.10826733988178516,0.18690143397221698,0.11602622275131962,0.22855765054751562,0.073738455208516,0.23110292052745188,0.035426787520206296,0.10391700376990066,0.11876287426470994,0.09674044605118051,0.07219037957741718,0.18776069909595497,0.1408112510580633,0.04978342602246011,0.14454634033489314,0.21669717588943194,0.1951437589095127,0.10692451720088092,0.11814792790848513,0.07704513509198566,0.1376471757300539,0.12630879075328957,0.07571155049725552,0.036666317878067026,0.06512136268472168,0.1284493820771595,0.08025355255808163,0.03556516292742572,0.033021255343361186,0.13189590646146052,0.12527014987024548,0.020745696971915768,0.16888345496585738,0.2162561000351384,0.039084189939952,0.19927052277802895,0.1693017237745738,0.1289335296742332,0.13939995797857177,0.0365987840601316,0.11395724860609428,0.037435904927135485,0.1552286919854816,0.09753989046862001,0.17102362535767435,0.1811235315212789,0.19979199375410217,0.15882864288307866,0.15342448054495292,0.16037630330944716,0.1611774871556546,0.10534050097823033,0.08013830109103835,0.15459087177950295,0.11195922505725424,0.05703131914567562,0.16111465365317923,0.16521696601308503,0.19209652488643905,0.16366218467958946,0.11163622877426424,0.13977457879185665,0.13945929232123364,0.12341694885520248,0.051385048496253624,0.10176373010901713,0.07045454550759572,0.21206168238255022,0.05606880921400602,0.003985134344378042,0.12950781650871812,0.17205279417701896,0.198511593122767,0.1409927396356627,0.0747137116668885,0.14599038593016542,0.12301799662721363,0.1665830521905134,0.16547648133932621,0.08435288216067706,0.15771311180235154,0.07470298032899968,0.09449947823567001,0.23904727514411503,0.02805659720774136,0.21085854039058996,0.22176660231297604,0.14349205433606088,0.016503373872166566,0.1629608442446815,0.1521065383108243,0.12356157147946169,0.12758812522868407,0.18132122272603426,0.1512051210761384,0.055349176185298374,0.030166887197875192,0.08804193543276355,0.16503964552341394,0.18886075690498658,0.027796855877501872,0.17179106609145461,0.045991867530234334,0.051340575176896476,0.007834728332507005,0.07508032701647673,0.03695151884041282,0.1333157731205398,0.09019520148130303,0.15350193619572466,0.16142989372831562,0.14189745816593347,0.13835304004970503,0.24285300215705038,0.12919963144368005,0.0885483426402237,0.20318717802455685,0.05422694174851432,0.16595104442334324,0.11207597798268625,0.0643993992341916,0.03320754711794598,0.12399876131200703,0.021790269419552314,0.22884962540054832,0.13676474340369546,0.10108715616347964,0.058024635771951036,0.2071067933594629,0.08031249797049131,0.16939910287096727,0.14425263048129777,0.019882768664815163,0.004049822711068486,0.19708268069391846,0.09934019810602202,0.05739261656008525,0.17243230650469282,0.16548790109034908,0.20410510170616497,0.19434905556353355,0.07537435089164453,0.1408478799190538,0.16916182060924506,0.12107608347100147,0.19440388489463728,0.19394847530129428,0.07360261695338684,0.056773137328173316,0.02072212837782617,0.1384349023885216,0.13981272498185593,0.022146859919640372,0.1384645404414496,0.21549263134878593,0.18967783165098523,0.08474921099918467,0.10069552486936427,0.06159881266819614,0.07914126862877435,0.10248561174168262,0.14943715241127667,0.16249518236148225,0.05944066836435496,0.030482116190060624,0.16597314487114445,0.2018514819918141,0.19202367303953133
69.3467336683417,0.08749326491324465,0.15104131938235263,0.12941829114473366,0.01713959435614449,0.03356921446517545,0.07674529928764076,0.15102059198739773,0.19890291544877062,0.021810125768614744,0.1668199716397621,0.08234347537352177,0.13002919045300756,0.11000367262324892,0.006144612199219898,0.14120281088196754,0.24999348951927342,0.12568380093391182,0.10297511338224162,0.145883036089378,0.18849371960090755,0.1021524544508514,0.07352743979103253,0.1299160468130221,0.16781978951570517,0.02238102818577329,0.1850450606228585,0.06890385643127987,0.10740352064644468,0.07937547295531161,0.13967302705010134,0.05198166389704864,0.09704587736384626,0.11861421556702602,0.1865769181005021,0.13893632545157977,0.23150273808286037,0.06586392002603572,0.2311031662560282,0.030409390622799393,0.09735516522473071,0.1274386622981792,0.10413184777395183,0.06442530161692847,0.184062892831593,0.13401132389959458,0.05574135895915875,0.15193899483649803,0.2123124284937251,0.2101712320052326,0.09654554946331606,0.11775803786965053,0.09209204603344362,0.14378996455078769,0.13949614246630201,0.08529580924780396,0.04160318885253022,0.07056700191760783,0.14035147983959662,0.08862414835592854,0.03957715075603457,0.038001161176273814,0.1397789635527784,0.13359006318073144,0.018074274094570762,0.17687557513155736,0.2250930969077411,0.04319821675895449,0.19060648938945285,0.16269281155684617,0.14824359048224567,0.14200411432267648,0.04328228325160961,0.1154566739389744,0.04363078794941094,0.1656329476817962,0.11281360326911546,0.15557782295979347,0.1803357803813798,0.19813207063254434,0.15574039621494473,0.14473764385328555,0.18065822022058906,0.17247979444332576,0.10448782417099338,0.06450366275231265,0.15754791896303738,0.11595405371885974,0.06453996299512478,0.17524556905618052,0.1575234758409566,0.18311063494417354,0.1714467066178636,0.10036663556525918,0.13743223613217917,0.14323103408614465,0.13670944368241458,0.05812609887157902,0.1214301109516979,0.08588759119706321,0.20106531303529357,0.06606459176375339,0.005032765222018729,0.1324917700326663,0.18788109565684571,0.19005960370958147,0.1188251627198179,0.08778561152419187,0.14000522995814277,0.12968987668588564,0.17104901023570881,0.17164275663542672,0.08842146288578338,0.16598537602893845,0.06691492031209523,0.08467177947064923,0.2368549815424729,0.033115506138717055,0.21093295054601632,0.2177177112640015,0.15215454581477067,0.021321184790578863,0.14694103707874767,0.159908449452404,0.13522863911835872,0.11417040457172029,0.20006573723633436,0.13971506873526165,0.061810684896203366,0.036264149125830356,0.07819166333670965,0.16432830559474756,0.18590571445056972,0.020907671399198198,0.17657972136116298,0.04803849539109198,0.05708794698951643,0.01023631906812892,0.08506443735242725,0.04558680599949414,0.1361609726986713,0.1013795215890083,0.13594098917686204,0.15477424467792628,0.1559488815384088,0.12499203337365311,0.24218645080959542,0.11543405264212021,0.10211904778083335,0.18736506336097944,0.05919517732496345,0.17782748234157772,0.12549255837762618,0.07335211842802028,0.02673036067471994,0.12712091148159493,0.025891552903609696,0.22652579093614963,0.14552937593858192,0.11523759098779253,0.06496941890404173,0.20493071683842923,0.09649992548613771,0.17999448554365854,0.14666498321019839,0.026436006771900396,0.004962621650219094,0.1989700893996465,0.09711283726943386,0.06602721314236733,0.1799129835327142,0.18097204042308387,0.20565707438281725,0.19825769277304872,0.08669908897579058,0.14925390398048674,0.17523812086960397,0.13284894272831588,0.1998380972560447,0.1933548614404294,0.08879394801978825,0.046316001445283216,0.024813692669543252,0.1372658079637765,0.1486819459340193,0.028175490852706632,0.13564007721521035,0.20388261963886026,0.18071376613050505,0.09519260866754062,0.08929446615770019,0.07364498648010902,0.07248533224962528,0.10527371360040227,0.14934958667567436,0.1767049382918791,0.07155322550480757,0.04072233943536426,0.17181386826610445,0.20901450004605068,0.20837625273436167
69.59798994974875,0.09886044976902564,0.1636967593257538,0.14480012145833918,0.02113989685142293,0.039459156905662755,0.09298922762565506,0.1674557228689774,0.19477564068794512,0.028063778926061437,0.1503265985349108,0.07494147742285662,0.13083257917457927,0.11756048446383063,0.007117087622726992,0.1505799130848418,0.2337949413220372,0.11619182882084331,0.11729615256651639,0.15226508303584108,0.17834611184027774,0.10459628585765669,0.06947316105479887,0.1339401630986606,0.1762854611617779,0.02708749854133631,0.18874240835835485,0.07203786473837638,0.11870041232851662,0.0949711745896924,0.1317811173936474,0.058087049630027955,0.11585887965919318,0.12843908817677663,0.18352997673607213,0.16245062906930838,0.22944843902497036,0.0583627048939676,0.22620662226729799,0.025918476810165524,0.09037908235921911,0.13556381319642158,0.11117663069909674,0.05728524454637455,0.17765057300753614,0.12635662451927906,0.061928575168037014,0.15807223555775932,0.20409314920581495,0.22150384290760153,0.0863021034126649,0.1166757013585462,0.10833163244106017,0.14869602992170286,0.15180785281303513,0.09510135490057953,0.04694175972147316,0.07614533937070177,0.15139846111036295,0.09720443074527178,0.04387427496390889,0.04346734435619692,0.146516615555016,0.14089347827491583,0.015735669381163477,0.18265953371596264,0.22916403868714924,0.04751494151410908,0.17914016244718686,0.15441804364821954,0.16715998783993516,0.14333633004506388,0.050679024728069545,0.11648208128253733,0.05031786790093296,0.17438373601093513,0.12857972643749152,0.13903772284921317,0.17715146209694238,0.1932995905271464,0.1511173208243521,0.1348924275690101,0.1991064554197173,0.18168284805536916,0.10317524942671726,0.0509425074221139,0.1588276740715296,0.11924438422661356,0.07237370220817335,0.1873293705394316,0.14820626055720162,0.1717824473806993,0.17716937781162762,0.08909318614648659,0.13402194330673958,0.1457617663886043,0.14934873330923873,0.06526130442300546,0.14185349822456644,0.10282440217510194,0.18668643505099108,0.07695199168736816,0.006314160285615929,0.13464150129685304,0.20121411769707137,0.17893838545923407,0.09791170752907025,0.10170643528761539,0.13295505936612645,0.13556374391959777,0.1734838167721502,0.1758919985333738,0.0921447096177063,0.17251428600679033,0.05967520168706152,0.0751107098182349,0.22936620461823468,0.038758271279530125,0.20712644176070497,0.20959044613557115,0.15953323420455254,0.027143533825287593,0.1300696902931917,0.1659470145135351,0.14618065904411243,0.1007894852288793,0.21568136273468008,0.12736929115049472,0.06878378365014258,0.0431316021439051,0.06866124558015463,0.16165972883511517,0.1804475532232658,0.01547205706749047,0.17913333697553904,0.05004196433751494,0.06309974806057375,0.013275089175695486,0.09536381670377019,0.05544142231593938,0.13782442127856767,0.1127140570319804,0.11823831837858748,0.14672716228046614,0.1685154865080316,0.11127536489160163,0.23588100945358903,0.10160051952553312,0.11616530145555831,0.1690901694466218,0.06436000801663302,0.18741408256247552,0.13850308987624843,0.08257967572162721,0.021275937773883632,0.12929912170083688,0.03051606643760215,0.21956513722247134,0.15310511663668844,0.12931160919635673,0.07209682566043414,0.19927680736978695,0.11390201005534786,0.18830123078979236,0.1475881618702317,0.03454344241252642,0.006044423231168662,0.1975675241069297,0.09449478784048758,0.07519356610458115,0.185039922267967,0.19411109343126698,0.20363973459432366,0.1989798043820875,0.09856178158225308,0.15601071546817566,0.17898554252521098,0.1439322547217006,0.202065495385814,0.18984923696003464,0.10533621384256081,0.03725141887994469,0.029501687643385954,0.1350599065601259,0.1563057843518454,0.0353394402907321,0.13177206366729213,0.1890338261350487,0.1695905906991335,0.10560391123499795,0.07824939305533642,0.08688143381790427,0.06600280333059579,0.10746005921405825,0.14803898778979035,0.18885689046514162,0.08475945876650591,0.05327840689190865,0.17561618597422618,0.2126114257163376,0.22130617397050714
69.84924623115577,0.1105656729831479,0.17478154427511547,0.15946802844000071,0.02585047226639919,0.045903248498908866,0.1105487097752606,0.18230539214863217,0.18771816593468624,0.03561156148828181,0.13305113011437825,0.06775364538022037,0.13070081859613508,0.12454756618447123,0.008219245433551172,0.1585323933631508,0.21253194219277874,0.10617398210135826,0.13162267547152948,0.1571499692801051,0.16614236908188548,0.10663482554717407,0.065418706907431,0.13690755216680092,0.18252987823324676,0.03255822496520432,0.18969380883469603,0.07520319069901445,0.12960862421658564,0.11163241594775888,0.12329855676733358,0.06431121218391306,0.1357744724187877,0.1374697648373014,0.17793319196904517,0.18540230896997545,0.22257296711703586,0.05131602774873486,0.2167397156219222,0.02194167241618795,0.08313216462098408,0.1428941671663278,0.11772126592161677,0.050771991355904836,0.16876847077342838,0.1180557852867524,0.06828331479478975,0.16273241863616306,0.1925029965264421,0.22844952862655374,0.07638782972990142,0.11490945994256513,0.1253607820864531,0.15221520137429276,0.16282209034180933,0.10492651525207028,0.05266048231856919,0.08181207513970815,0.16124072000928494,0.10585636542098209,0.04845834167310011,0.049418133695277346,0.1519207301815287,0.14700580934607987,0.013697292219727219,0.18598198611624975,0.22827852258038905,0.05201413053805454,0.16546252518644125,0.14479006221924315,0.18480560275167385,0.14338346535687993,0.05874228161768321,0.11699637548724595,0.05742164284952771,0.1811267611627999,0.14435948921311953,0.12209242542983373,0.17171671340034375,0.18553604717121244,0.1451157925767168,0.12421379596138615,0.2146508413638004,0.1883998222476762,0.10141220051802646,0.03948653666849037,0.1584122076118544,0.12179127068232791,0.08041994654444248,0.1968035957930718,0.13759401718182676,0.15866170550371492,0.18061530803075077,0.07806786085896784,0.12960469032657643,0.14699144903808614,0.16091482667514864,0.07273241341910579,0.16221614733757928,0.12086273749638704,0.16972334807670847,0.08859180155342437,0.007869516667919981,0.13589983112906917,0.21133890366900415,0.16573736103145864,0.07890637568721516,0.1161676649011582,0.12502255131352472,0.14047257635665433,0.1738073628160705,0.17803580141211695,0.09546603115236182,0.17701002444296063,0.053010714273243206,0.0659590215534982,0.21709733428045563,0.044979099154174314,0.19963803020343995,0.1979017800602639,0.16535610957173394,0.03405221733970526,0.11302419577620791,0.17002993775006756,0.156059289593227,0.08779061561358055,0.22720894108984158,0.11457402777688418,0.07623386303514906,0.050749677437896615,0.05961874262978998,0.15719649855024223,0.17272620789553947,0.011271530983522224,0.17934606595791025,0.0519912459984497,0.06932350926801474,0.017077756265604406,0.10577954262914298,0.06646107733420979,0.13831402349821728,0.12391825951787987,0.10102459290939224,0.1375707504197064,0.1790673962930391,0.09762335147555416,0.22445039741771064,0.08808819750993463,0.13030569569212072,0.14935127757329028,0.06967448509185943,0.1942816417869519,0.15068113163562452,0.09190095351981035,0.01675187692632205,0.1305029156974751,0.035673951854921275,0.20844556561896216,0.15921639019056713,0.14282963566663873,0.07929980931252793,0.19039661857803677,0.13203086665632022,0.19393300327266125,0.1470779139242445,0.04434739536838943,0.007317033522920971,0.1929972033355118,0.09150291809906175,0.08476002069764231,0.18759088487382283,0.20422952728844412,0.19817406187841125,0.1964897110902698,0.11072662740029736,0.16090967807747475,0.18030587509681775,0.15395124775976765,0.20098721475636483,0.1835831709502968,0.12285598196805769,0.02954563607627965,0.034817046410232214,0.13187040150642326,0.16238535571720783,0.0436933815820963,0.1269505154428779,0.17178523928888154,0.15679749526325645,0.11571838221150862,0.06776320966954802,0.10111767602959436,0.059768264284608075,0.10903263273801451,0.1455615243972743,0.19836924751490775,0.09880849835591982,0.06824900686197354,0.1772275476756644,0.21239756878386964,0.22998020967236515
70.10050251256281,0.12235113748762527,0.18383393529454062,0.17282966706297695,0.03132813249113708,0.05284757689711821,0.12895622088533296,0.19485027745619554,0.17807393753745795,0.044552392405584694,0.11569382337807142,0.0608562078004699,0.12963691197880473,0.1308059114213573,0.009461720969925815,0.16478839853384178,0.18776066775242473,0.0958959356326671,0.1454741476854876,0.16039133027861227,0.15244184544487346,0.10823047638971776,0.06139916540933632,0.1387749981128132,0.18629953034109628,0.0388509206660385,0.18789032851712278,0.07836147839463614,0.1398176513375536,0.12889443267019343,0.1144582934777584,0.0705490649144144,0.15608933113242354,0.1454464863452328,0.17006876645106928,0.2064749576395092,0.2113596968538544,0.04478182821703312,0.203302650072776,0.018455758570134005,0.07575743247506728,0.14918493764883373,0.12361540121852405,0.044870515402093115,0.1577768706983492,0.10931941647887827,0.0747375338763676,0.1657411365857126,0.17817216705962305,0.23058287676238232,0.06696119283691358,0.11248158934579824,0.14265104241197502,0.15423910225876294,0.1721458595990876,0.11454534748910829,0.05872547969160224,0.0875142560438053,0.1695488254946556,0.11441725780011046,0.0533282472320558,0.05583970882532962,0.15584374413458515,0.1517874394378386,0.011927181362023101,0.18669113237171597,0.22257993891289993,0.05667108951931506,0.15023515137615978,0.13414933172945634,0.2002715430149127,0.1421712510021328,0.06739298419157348,0.11696416216701955,0.06484461288536088,0.18557114064144126,0.15959358513059813,0.10536782012981225,0.1642649191278471,0.17521969790412523,0.13792981626406203,0.11303238404981486,0.2263198792871556,0.19235194803262035,0.09921512805876363,0.030047696600072022,0.1563417108825941,0.12357170492942338,0.0885474589738122,0.20321539864067814,0.1260484368352282,0.14433426215677184,0.1816610087953309,0.06751120312726115,0.12426379309476636,0.14689700375209275,0.1709966132129115,0.08046591809039151,0.18157569186896463,0.1394473394355705,0.15107718360701233,0.10078695008971734,0.009742622137787982,0.13622317227893332,0.21769483512545876,0.15109815959458248,0.06221424091764121,0.1307818085058892,0.1164063024180268,0.14426780210037107,0.17201780440078307,0.17795668719717903,0.09833584900058093,0.1792542992507949,0.04692749295875954,0.05733379236914216,0.2008621404957063,0.05175444835280241,0.18887388021745016,0.18334043040663262,0.16939126453789458,0.042098033198404945,0.09641266703154677,0.17204017620086937,0.1645186516577719,0.07545863757489044,0.23392960351636893,0.10171255465699015,0.08410175948944822,0.05906733447710338,0.051195985400471385,0.15116059084843247,0.16306108496130067,0.008088946593771719,0.17720726280220783,0.053874089413496355,0.07569560385597066,0.0217792250074239,0.11608266622829799,0.07852293350210422,0.13767112235327733,0.13467897101952983,0.08481230209003084,0.1276027539964988,0.18715508204595616,0.08440685501470116,0.20873219850717942,0.07522759491515064,0.14409720954685085,0.12912377451998372,0.07508288944407968,0.198126794826181,0.16160111981733513,0.10111563239608981,0.013053210242574931,0.13072710153065173,0.04136238775946618,0.19387691364409632,0.16363000636808495,0.1552917861281921,0.08646099050989893,0.17870555153888365,0.1502615593165566,0.19661907098384598,0.14523439353037274,0.055924186826485,0.00880276384682102,0.18553867135902477,0.08816038763125271,0.09456482526421447,0.18745443809185197,0.21079981914104445,0.18956293650496542,0.19092230635091903,0.12291025345487726,0.16382126177606815,0.17920805280254679,0.16254602791466888,0.19666865439187994,0.17483097393872912,0.14084494535610526,0.023115557092871237,0.04077780467296897,0.12777191471352323,0.1666654284379999,0.05324626805337455,0.12128705747234622,0.1530401832072781,0.14285262076856914,0.12526163670697596,0.057994535198180416,0.11607283766542663,0.05384160224593751,0.10999039596097565,0.14199324690978005,0.20476842509151133,0.11336714384765194,0.08557818093397697,0.17657873997218954,0.2083321771923903,0.23380484635863552
70.35175879396985,0.13391515005358068,0.19045424663801558,0.18429799689267515,0.03761405422176274,0.06021371561911163,0.14760966562880182,0.20444826040930655,0.1662908098474799,0.05493771084894106,0.09886453488029187,0.05430893462439543,0.12766573158881256,0.13618799912148336,0.010854219477166508,0.16913520755596262,0.16117460973103623,0.0856099448619048,0.15833650614495362,0.16189856803472177,0.13781649692010473,0.10934948759041531,0.057446365723870726,0.13952903492337726,0.18744490799528957,0.04600721924002095,0.18344460029611298,0.08146827139208149,0.14901979671674573,0.14617684408446235,0.10547246914124657,0.07668869134428948,0.17593042006642964,0.15213524030527334,0.16030444195179286,0.22432447071766287,0.1965408419912246,0.0387961218215938,0.18670643709753987,0.015429416328247732,0.068392165967897,0.15420420299349769,0.1287182745277275,0.039553623007104015,0.1451251993056653,0.10035150522441941,0.08121826722005777,0.16696569554613477,0.16183962288822473,0.22778939076505528,0.058143744399546865,0.10942807256496898,0.15956771466998654,0.15470735425039422,0.17943787274303358,0.12371611076772236,0.065089602479676,0.09319006084270441,0.17603050948374574,0.12270269882568292,0.058478888336526265,0.06270380555728075,0.15818562960525512,0.15513801049858025,0.010394755042158334,0.18474860000857826,0.21252114457948873,0.06145664824346173,0.13413540202893273,0.12284422299491514,0.21269340484919147,0.13976188790354352,0.07651810081680532,0.11635370892524831,0.0724699103157104,0.18751007975699974,0.17366995702247892,0.08939155714271162,0.1550996319041733,0.16283379314548943,0.12978033251599605,0.10166671226344381,0.23334332122228868,0.19338800881392898,0.09660743673407657,0.0224536453869341,0.1527107274633257,0.1245780026007507,0.0966096083038894,0.20625788605567394,0.11394246321773524,0.12937937424077425,0.18028223202837815,0.05760539201687307,0.11810323366148193,0.1454928976256285,0.17921428265598485,0.08837246447638109,0.19893387804455978,0.1578868759850484,0.13166853381502067,0.11328275353301906,0.011980203950306627,0.13558341255521975,0.21992600738612025,0.13566352628721043,0.048009623877574556,0.14509497862720638,0.10731269385881476,0.14682771080287882,0.16819175345253165,0.17561838536403424,0.10071315176579229,0.17911791437300006,0.04141525340169559,0.04932520343749199,0.18168174139614954,0.059040851889713475,0.17540807653219542,0.16669966074172513,0.17146371730008,0.05129025380227672,0.08073950113496874,0.17194146236104782,0.1712453034408141,0.06401176264509151,0.23544146061993115,0.08912684860312514,0.09230052733950285,0.0679990705907564,0.04348661933898286,0.14381651658546354,0.1518300672091065,0.005722401672260621,0.17280201802265244,0.05567722326812444,0.0821416219531728,0.027516077632430365,0.1260212835222902,0.09143004852775544,0.13596568734018025,0.1446643016160636,0.0699790107302536,0.11712037203047401,0.19244320741495208,0.07193165429948332,0.18978716017895927,0.06327915239310539,0.1570560840254611,0.10928948648065107,0.08052130284041555,0.1987945734627665,0.17086371737802622,0.11001229630043825,0.010070522733008784,0.12999105019361046,0.047563498361784584,0.17672561998466435,0.1661709149027544,0.16621092038431257,0.09345627651586125,0.16475038034476233,0.16785996009115642,0.1962262373880577,0.1421923010753055,0.06925812341438975,0.010523832161223568,0.1756007452619294,0.08449668960217585,0.10442009826985157,0.18463843773112218,0.21349024955927645,0.17826230362423823,0.18256070637289076,0.13478960236430826,0.16470093079727188,0.17580276085560845,0.16939406232363535,0.18933298870430787,0.16396938798295776,0.158671151958938,0.017844462377310175,0.04738550597572127,0.12285755849834816,0.168952662917086,0.06395001552524952,0.11491029429724493,0.13368895130834843,0.12827081831407997,0.13396347074620926,0.04905608557066704,0.13137416230114846,0.048267832831014774,0.11034278428850287,0.13742696224042095,0.20772887071069102,0.12802993996370943,0.10501378544670778,0.1736891376964841,0.20058770446882934,0.2324943174767424
70.60301507537687,0.14492187365203274,0.19433473326393672,0.19333399143230123,0.04472772870448632,0.067898970185826,0.16579626748822637,0.21059029756220865,0.15288651325097494,0.06675442973922079,0.08305268274468505,0.048156235582374474,0.12483333753237086,0.14056374591660167,0.012405031826083816,0.17143220603378384,0.13441048729022825,0.07554432961459445,0.16969474151741484,0.1616410645200956,0.12281334782784874,0.10996339807784683,0.053588373429565406,0.139184549120248,0.18593056108059527,0.05404572212635737,0.1765801153260738,0.08447382639788412,0.1569261910398048,0.16281071721922832,0.09652678450953076,0.08261592325666434,0.19430601313284288,0.15733990916506368,0.1490644181463866,0.23772215631013346,0.17901810688861042,0.033375165921270974,0.16789227312562202,0.012825823302607106,0.06116313787286727,0.1577473679518979,0.13290503823090621,0.03478593544457702,0.13131876447778768,0.09134199174218674,0.08764897362132719,0.16632790671214678,0.14428919367284923,0.22027559214254142,0.0500206384640761,0.10579795457232818,0.17540322321070784,0.15361100441661893,0.18442886264833824,0.1321917011667086,0.07169185161964862,0.09876888226927519,0.18044660859589876,0.13051144464745731,0.06389978387284712,0.06996555470370906,0.15889807142225995,0.1569987123048024,0.009071337063973771,0.18023290349078774,0.1988067193993129,0.0663372008823724,0.11780627237122025,0.11121256049935598,0.22133132293867405,0.1362497293509154,0.08597092022851097,0.11513917776759677,0.0801653022548958,0.18683665286202775,0.18596129072316248,0.07457166595554925,0.1445736131168613,0.1489278429243653,0.1209036993751714,0.0904079471276134,0.2352390842021403,0.19149365690994163,0.09361914846494482,0.016481466310796302,0.14766131670651508,0.1248166991248752,0.10444875386754653,0.20579455924788856,0.10163924818684227,0.1143328527023599,0.1765546452523983,0.048489788840192054,0.11124520692557448,0.14282991442742948,0.18524139664510855,0.09634670019447338,0.2133207806573033,0.17538895579879038,0.1123594947520263,0.12577152855901416,0.014630922913632478,0.13396969538048642,0.21791459525535933,0.1200326953661353,0.03627429112809188,0.15860709518947125,0.09794778106276364,0.14806480242568867,0.16247951178161354,0.17107144758100482,0.10256670666009426,0.17657218371790512,0.036451612055582026,0.0419963953501756,0.16067798401417469,0.06677332294917109,0.15992868899560922,0.14880676826552355,0.1714693778129521,0.061587025278760255,0.066384580817333,0.16977836353177683,0.17597759551299377,0.0536005016110662,0.23170033156257283,0.07710427223026176,0.10071327957991368,0.07742363924436269,0.036546788977593524,0.13545321308492783,0.1394462844878825,0.003993612049671237,0.1663049975542628,0.05738668982302333,0.0885772161996059,0.03441726308737579,0.1353300769137998,0.10491091512648139,0.13329047698152527,0.1535408175562832,0.05676507406663314,0.10640598120799147,0.19473456526945573,0.060429430950674906,0.16878265502190734,0.05242811245105609,0.16868501472217087,0.09057656885005176,0.08591852452365259,0.19628818465383235,0.17812067369558382,0.11837763582123169,0.0076963118138221225,0.12833688156205675,0.054242635598237804,0.15792962986838596,0.166734468862529,0.1751470039859008,0.1001589719674634,0.14916579309040298,0.18402706640884037,0.1927698154144266,0.13811004758832787,0.08421810611980159,0.012501630543312556,0.16368414942589943,0.08054742789194665,0.11411758248437887,0.1792694294127253,0.21219377741054962,0.1648397199012412,0.17181175706609156,0.1460137556973457,0.16358853975787827,0.1702896640170682,0.17423130694104405,0.17934181323302956,0.15145016795175503,0.17560519411692607,0.013596379425325605,0.05462169924654803,0.11723540495007291,0.1691303314587355,0.07569046527241098,0.10796067048421036,0.11454170973600053,0.11353543396298578,0.1415721201101482,0.041015940645847,0.14656320796396688,0.043077617597755476,0.11010902696605993,0.13196933389822174,0.2071009888930669,0.14233640355001012,0.1260786842602835,0.16866607141714193,0.18953909315496428,0.22610613001896449
70.85427135678393,0.15501517339324303,0.1952843960240197,0.19948923908804575,0.05266090738050641,0.07577809412439199,0.18273081516077336,0.21294649290137826,0.1384110334920439,0.07990908590318069,0.0686128862328863,0.04242858821769738,0.12120531063480058,0.14382588137559144,0.014120533129549967,0.17161901959978385,0.10888317654427326,0.06589533847965932,0.17906892479827546,0.15964873964910142,0.10792403557070754,0.11005044412393347,0.04984913031371425,0.13778211975947033,0.18183667481963772,0.06295458307009584,0.16761292279917744,0.08732424498264198,0.1632823597555491,0.17807873261085258,0.08777734264503777,0.08821917789064646,0.21018137584369018,0.1609123088149972,0.13679851575373267,0.24569788620979657,0.15977227772371846,0.0285181720737238,0.14784427535089287,0.01060498617692234,0.05418267107349325,0.15965134087861524,0.13607254573877656,0.030527175531791722,0.11688230745080583,0.08246086361350313,0.09395078802728453,0.16381046890202444,0.12628733630081793,0.20854374977625031,0.04264298234383139,0.10165206756271448,0.18942308805434874,0.1509928620960889,0.18693772442858897,0.13973143064162827,0.0784572723500819,0.10417177583791709,0.18262485945748305,0.13763225968860276,0.06957343181708145,0.0775616381972551,0.15798561942817,0.15735264790270426,0.007930490479361094,0.17333404209228587,0.1823119031682425,0.07127478728323564,0.10181590312022022,0.09956592245043881,0.225643530434717,0.13175544170144837,0.09557352993089342,0.1133029879744682,0.08778831925481989,0.18355303270981743,0.19586953521353012,0.06118892005752804,0.1330660461253487,0.1340763551692414,0.11154020048326695,0.07950820366485437,0.23187046058247016,0.18678982158500804,0.09028629093613641,0.011886609868662369,0.14137383143036122,0.12430709999277399,0.11190160904062345,0.20186914502422676,0.08947353244965292,0.09965898990277759,0.17064737159518162,0.040259166130931806,0.10382681897608295,0.13899222844337206,0.18882505950027587,0.10426774310174745,0.22388481763724427,0.19111216116482774,0.09389051915176301,0.13790204542042514,0.01774395858010652,0.13138998753021844,0.21179079594178551,0.10472712040680783,0.026846209473411473,0.1707988827428721,0.08850965108351459,0.1479313805941799,0.15509566566802274,0.16445331870720695,0.1038758716193607,0.17169281042730536,0.0320058100176847,0.035384373886399735,0.138965708420257,0.07486454166579802,0.1431765839913077,0.13045774376739275,0.16938444771577957,0.07288777108320853,0.053596503816668445,0.1656710574318016,0.17852274809746796,0.044311037547906204,0.22301866017116775,0.06586975142320142,0.10919258160551863,0.08718485513373486,0.030398064840716887,0.12636634632453106,0.12633443599368202,0.0027516820217851055,0.15796826621692572,0.058988290851021,0.09490944959939082,0.04259191729949621,0.14374193907855484,0.11862505015459245,0.1297547424205401,0.1609928222656419,0.04528346871805502,0.09571566966801322,0.19398166020583113,0.05005536701971879,0.14687768394363152,0.042785329459399245,0.1785046633607857,0.0735243117610277,0.09119733553308605,0.19076529410287424,0.18309695346985716,0.12600611278815924,0.005829579794691789,0.12582672974555606,0.06134718695546397,0.13841510705486926,0.16529393154685176,0.18173913829967217,0.10644416021175329,0.13262488582960186,0.19795685482932093,0.18641238317424294,0.1331589822654618,0.10054062516855153,0.014755865854528266,0.15033961784717728,0.07635381154754795,0.12343589921010341,0.17158301450700067,0.20703438590733136,0.14992571888392767,0.15917241457078574,0.15621938897735835,0.16060161140069648,0.16293908956408593,0.17686995217158677,0.1671652896530388,0.13776837794326532,0.19086175943007735,0.010228231079139359,0.06244478170331652,0.11102453884162325,0.1671679178431083,0.08828202580999928,0.10058511683145002,0.09627819786703923,0.09907582412226042,0.14786779031161018,0.03390124037446828,0.16111106370990316,0.03828835008822501,0.10931727661871872,0.12573819252751814,0.20292376529412054,0.15579449165505105,0.14806282439579893,0.16169828336765005,0.17573371439418323,0.2150379049820457
71.10552763819095,0.1638360379720745,0.1932457839474856,0.2024437098663207,0.061372047883530415,0.0837065377940551,0.19760635149501507,0.21139641371620005,0.12340970079366269,0.09421526269748544,0.055765089589336236,0.037144133324710185,0.11686418292280562,0.1458944136491396,0.016004695567037694,0.16971809880708677,0.08567236835201823,0.05682174111304387,0.1860500000992411,0.1560090229149943,0.09356326003548242,0.10959683057683105,0.0462482574139426,0.13538443062470318,0.17535211119497976,0.07268417510090867,0.15692779718644007,0.08996290644429841,0.16788209244964147,0.1912655772174147,0.0793496752622159,0.09339420028823844,0.22257236052703488,0.16275935952104487,0.12395269029965805,0.24765967101714464,0.13977424063346344,0.024210310917534585,0.1275065934632127,0.008725734780997385,0.04754569135093869,0.1598070335064376,0.1381441755205956,0.026734781760840612,0.10232427022086261,0.07385395980896559,0.10004363472948492,0.1594603153057337,0.10852938447199019,0.1933355508928867,0.036031546417482116,0.09706117250845232,0.20092075590422334,0.14694471491144281,0.1868821825280609,0.14611333567083662,0.08529741978231571,0.10931235210542775,0.18247052300617983,0.14385256124004503,0.07547346220153152,0.08540897329434702,0.15550384492035757,0.15622344729844362,0.006948192546994136,0.16433976623926638,0.1639911275008326,0.07622720537142108,0.08662977577923896,0.08817757153106541,0.22534319188103014,0.1264191446158952,0.10512162734546275,0.11083813170676492,0.09519214844965672,0.17777211187797104,0.20287334374847069,0.049401348230233705,0.12095997745516655,0.11883940716400171,0.10192335911240424,0.06917291425990259,0.22346379689663276,0.17952070406727305,0.0866500249827614,0.008425466221664285,0.1340561518243216,0.12307962832260509,0.11880533467931517,0.19469988774646552,0.07773679674819495,0.08573268962213666,0.16281017520227098,0.03296461701280946,0.0959959597623455,0.1340930044946219,0.18980264785849144,0.11200046318592591,0.22997693594708854,0.20423121169558858,0.07683821400349304,0.1492938519573937,0.021367144342288053,0.12787228567895703,0.2019182615735586,0.09016850804669509,0.019470210879896956,0.18116389130178204,0.07918164542422888,0.14642283872907055,0.14630580354366177,0.15598246708180027,0.10463097832359362,0.16465570235401134,0.028041849926943318,0.02950188118084746,0.11755805733356746,0.08320500445210256,0.1258848634223742,0.11236375614492458,0.16526899950105656,0.08502865875405116,0.04249840989882565,0.1598054902962344,0.1787700909680869,0.036172064416650336,0.21002371598037253,0.055583309972666466,0.11756184828172497,0.09709472852678183,0.02503205410358445,0.11684243152228962,0.11290833380638088,0.0018734307175475758,0.14810434287982135,0.06046811447085624,0.10103865174535112,0.05211462914649058,0.15100102058654877,0.13217503353917784,0.12547798693239318,0.1667421218217505,0.035538375725217994,0.08527107653988317,0.1902851469739711,0.040891647415290236,0.12512435112904202,0.03439313516188832,0.18608673351837357,0.05847328715895646,0.0962760979286578,0.1825217478788039,0.18560812011717318,0.13270939850603658,0.004378804264555439,0.12253931053069725,0.06880604411474957,0.11902492093428613,0.1619024402674699,0.1857317572649694,0.11219311051299685,0.11578919781073131,0.2089022481892952,0.17745049484952632,0.12751354407506435,0.11782289317168819,0.01730359054694567,0.1361263163572324,0.07196186820446553,0.13214889485371278,0.1619062207965659,0.19835055155171974,0.13416395470325865,0.14519094849043518,0.16504914325135567,0.155923502939571,0.15407044051884575,0.17721103827096413,0.15334525428018345,0.12342954619595471,0.20365473090564984,0.007599326968498663,0.07078747089095401,0.10435089317823334,0.16312448572041688,0.10146722741340639,0.09293176639269136,0.07941754242031437,0.08525154319183924,0.15267434346438583,0.027703694951035442,0.17444308935783678,0.03390566213829242,0.10800353972330723,0.11885997214224561,0.19542059612003546,0.16790862447559207,0.1700429229493716,0.15304401377699506,0.15984529503951272,0.19998550989032837
71.35678391959799,0.17104259452564738,0.18830158292338295,0.20203416875573793,0.07078183363654113,0.09152516737944336,0.20965355074684203,0.20603965941807048,0.10839037909055242,0.10938649289575968,0.044606355221922134,0.03231031359563314,0.11190612189563874,0.1467199080140345,0.018058651751771574,0.16583161002759056,0.06547117428470306,0.04844223274145525,0.19033139747504624,0.15086061345414342,0.08005666197803965,0.10859776708744993,0.042801026730861134,0.13207212580170286,0.16675975990802477,0.08314055822782086,0.1449513369061885,0.0923321655045882,0.17057851553731926,0.20171382942175056,0.07133954766716055,0.09804836580561958,0.2306457466496841,0.16284689477993192,0.1109434749341567,0.2434686521553609,0.11990826649632264,0.02042578518188717,0.10771419925422526,0.00714734163335785,0.04132786855050419,0.1581688282222721,0.13907333601205465,0.023365909033019695,0.08810536285416706,0.06564052685535396,0.1058471918522249,0.15338846039432122,0.0915992257571369,0.1755536074741004,0.03018134274770835,0.09210361664929886,0.20927579174002336,0.141601681314386,0.18428311881648873,0.15114607762089427,0.09211148134405911,0.11409818831175655,0.17997297640111073,0.1489684866650092,0.08156269095674767,0.09340414982396517,0.1515547787784696,0.15367236685565921,0.006102884119155716,0.15361494273289228,0.14478925223664432,0.08114815431235026,0.07259647731724987,0.07727444371120983,0.2204301415445079,0.12039308119992789,0.11439160141188139,0.10775024005778193,0.10223185316291729,0.1697112103591258,0.2065733290913247,0.039258123754618776,0.10862181177867947,0.10372875035575206,0.09227069796844159,0.05955731799828737,0.21058325759099447,0.17003295966418053,0.08275554991498936,0.0058711863741391385,0.12593227782806105,0.12117409842620873,0.12500402920477643,0.18465925634408983,0.0666670240371503,0.07283178391490924,0.15335569579630803,0.02661691208409193,0.08790646845292194,0.12826883655457688,0.18811368310469478,0.11939775244703542,0.23121731208075932,0.21400868397628658,0.061596302622996514,0.15955594907722828,0.0255446327254368,0.12346528865538536,0.18885738886097359,0.07666921493174628,0.013843952119970995,0.18924293298209452,0.07012677252198911,0.14357830448708866,0.13641049592460314,0.1459467630913973,0.10483328399711953,0.15572512708637018,0.024521025334533694,0.024340089086607168,0.09729537262808119,0.09166428369742542,0.10872590415430253,0.09511354201880934,0.159264161197611,0.09778203726495802,0.03310363213676385,0.15241997292709442,0.1766991864412867,0.02916398050369721,0.19358271737017735,0.046342324107626676,0.1256190940471111,0.10693898912498673,0.020416063634168036,0.10714580058400779,0.09955111390388743,0.0012614294790840302,0.13706613248664884,0.061813103082838036,0.10686076022618063,0.06300895922913889,0.15687630737878203,0.1451247073882911,0.12058419862344624,0.1705664502909105,0.02744879764745831,0.07525463106741319,0.18388001572155055,0.03295563602793726,0.10439602777327003,0.02723499830068626,0.19108540348224745,0.04557747280350706,0.10107065946340363,0.17196507286105353,0.18557142877271077,0.13832491685228984,0.0032635268841547573,0.11856604195498692,0.07652983752938154,0.10046583546135683,0.15668922862351636,0.1869921508049608,0.11729746273391464,0.09926369017049307,0.21624182825573154,0.1662909194250403,0.12134295455097545,0.13552920345653793,0.02015815154163403,0.1215748029539048,0.0674213990384676,0.14003459472416951,0.15063376265125916,0.1866587176951168,0.11816565147620507,0.1304272453699175,0.1721717877475213,0.14978792925415746,0.144029702215413,0.17525070176368315,0.13845533506225172,0.108918738079324,0.21326150883354794,0.005578136440034111,0.07955520118566498,0.09734306696058431,0.15714536304454152,0.11492205919952724,0.08514499518223193,0.06430826900412896,0.07234342033374487,0.1558681989859164,0.022386222188171503,0.1859725078364934,0.029925196015384015,0.10621041679963279,0.11146715548918655,0.18497896433142727,0.1782099694269333,0.1909332887148685,0.1430147750264731,0.1426173919598996,0.18186873272108633
71.60804020100502,0.17633130806174102,0.18066988491427707,0.19826962674230728,0.08077035863433284,0.09906625648050077,0.21820339559788582,0.19718534963969414,0.09379734817558322,0.12503668929558143,0.03513063254505642,0.027925469973416456,0.10643708254897986,0.14628538100810043,0.020280347050119725,0.16013305777590825,0.04859399908385747,0.04083549158363722,0.19173283942718855,0.14438465193354563,0.06763752451612814,0.10705818268270366,0.03951849394479145,0.1279394707597259,0.1564158065120496,0.09418059726289936,0.1321245446061365,0.09437525793943999,0.17129153580088305,0.20887926179009333,0.06381509237606725,0.10210424365483592,0.23381227605007324,0.16119992168467717,0.09813814344765162,0.23345593136911788,0.10091516658997668,0.01713078757575759,0.08914369223359755,0.005830763329298029,0.03558485824650032,0.15475988778678598,0.1388454006296299,0.020378894100484747,0.07461421861638422,0.05791243486566388,0.11128173512733286,0.14576611223322614,0.07594494095248928,0.15617245837413596,0.025066616136383654,0.08686265033257905,0.21400886015004844,0.13513421392620073,0.17926222800117034,0.15467946925527865,0.09878811464585618,0.11843282214165012,0.17520765833526958,0.15279578756714876,0.08779122640121924,0.10142384115893291,0.14628011436759217,0.14979415344334965,0.005375424197865076,0.14157615280027827,0.12556645836924013,0.08598742124545153,0.05994603850479911,0.06703319270055992,0.21119261536370787,0.11383436028718917,0.12314960123882611,0.10405919073735856,0.10877045299043896,0.15967836326818768,0.20672969902118557,0.030719505873059536,0.09638427847707702,0.08918206678271229,0.08277640044530984,0.050766716851761505,0.194066599261369,0.15874850634038765,0.07865084881974103,0.004023265866753558,0.1172311452444141,0.11863802016826945,0.1303552208815775,0.17224171055391557,0.056443364189507475,0.06113835021154719,0.14263854983063662,0.02119185678894954,0.07971280856024407,0.12167339950178632,0.1838056845119244,0.1263039072757176,0.2275349539634741,0.21986474893499944,0.048378249095338596,0.1683087116395338,0.030314102289903954,0.11823835848944284,0.17331177762927855,0.0644335423757173,0.009655085013831844,0.19465773718470544,0.0614835387314546,0.1394785721581222,0.12572792784318634,0.13468691120662174,0.10449451571545708,0.1452354776463241,0.021403871893377658,0.019871919749438787,0.07880326224328733,0.10009349358189742,0.09227105373558925,0.07915303973142679,0.15158312231717733,0.11086047211360181,0.02533767506321036,0.14378952086232427,0.17238199485110994,0.02322932103934908,0.17470728965298585,0.03818751094398154,0.1331432150476946,0.11648484699961771,0.01649919426761239,0.09750900813645225,0.08659925072339385,0.0008407515790763586,0.1252255681386874,0.06301161780401647,0.11227009204002157,0.07523057229887338,0.1611746749287547,0.1570225025630101,0.11519685155854639,0.17231474094048657,0.020873719824957632,0.06580794114134379,0.17511183584574164,0.026211200799777654,0.08534672571850327,0.021247536679119657,0.1932638587562484,0.03483245793234444,0.10549651680231424,0.15958107272228822,0.18300973237869275,0.14272290867079088,0.0024148462789516534,0.1140069745865434,0.08441200182517354,0.08327761662794544,0.14985052263193852,0.18551755491791339,0.12166295780705469,0.08356109916780845,0.21953899566076468,0.15341913424780218,0.11480480380496318,0.15301225983894012,0.023328096457399933,0.10715760304684278,0.06278471834540758,0.14688425001451433,0.13820065704750684,0.1726022587720441,0.1024726756865613,0.11541620887592685,0.17730269429788395,0.14246154943454353,0.1331681676825863,0.17107948725754,0.12306213534681895,0.09467415673248356,0.21908986532313102,0.004046558130517433,0.08862572686350302,0.09012831335233595,0.14945242341228246,0.12826741805352943,0.07736100053788271,0.0511359088091371,0.06055112036065085,0.15738378055052427,0.017890037700168657,0.19514079767290735,0.026334496449911544,0.10398568326731725,0.10369561872687764,0.1721166100937304,0.18628634706005032,0.2095665693470477,0.13195626589717968,0.12480331475827124,0.1617358060592179
71.85929648241206,0.17945763299156803,0.1706883752230096,0.19133173137743859,0.09117652338545312,0.10616042312152395,0.2227466144068985,0.18532207645974455,0.07999343800414396,0.14068964949307902,0.027252657253797066,0.023980344776611248,0.10056867758479256,0.14460671038419814,0.022664317510572733,0.15285456766584735,0.035030786586079374,0.03404253017158214,0.19021359955866868,0.1367940954784962,0.05645086319293011,0.10499305306485669,0.036407773058719395,0.12309013294796231,0.14472505947699893,0.10560963382306714,0.1188772295652168,0.09603833714819338,0.17001117102838365,0.21237898345166917,0.056819829223639214,0.10550219830889908,0.23179790991682803,0.15789946027558882,0.08584149195041081,0.218378304928059,0.08335893087166003,0.014286206830968587,0.07228690226350838,0.004739525337098166,0.030352579729176415,0.14967258550310877,0.13747795306237334,0.01773427032817928,0.062151811093026414,0.05073485279635488,0.11626892254659933,0.13681710082462573,0.061870508440081684,0.1361512661231118,0.020645857888668434,0.08142357489148819,0.21482679164357846,0.12773846110627723,0.17203324077999604,0.1566127417911436,0.10520802045576569,0.12221836082739425,0.16833307147372942,0.15518077088180088,0.09409482560136272,0.10932638177137356,0.13985280026320868,0.14471197390405388,0.004748976814879325,0.1286640686345375,0.10704400357753364,0.09069113926025774,0.0487984905343936,0.057579926538671014,0.19817849710425425,0.10689825312872653,0.13116208974983865,0.09980006406463521,0.1146844217091224,0.14805242688060144,0.20328733770087548,0.023679521652198006,0.0845337764037083,0.07554671084041113,0.07360612447211798,0.042859844098023785,0.17493240809757146,0.14613387993980625,0.07438535230295687,0.0027119489370768008,0.10817641168272078,0.11552500934737309,0.1347359399973042,0.15802341799581157,0.04718547641438757,0.050747066618629676,0.1310332805722542,0.016637041597522828,0.07156455489552026,0.11447071979164837,0.17703323398288315,0.13255916344158608,0.219174415905911,0.22143567301406145,0.037237196664204476,0.1752074115369643,0.035703558449018055,0.11228061556375907,0.15606510047045777,0.0535674709432061,0.006607984218267432,0.19714040677450956,0.05336331806636286,0.1342415251589037,0.11457665954128708,0.12257629797866548,0.10363605307796371,0.13356858959231774,0.01865160117675412,0.016055762124348807,0.062480255642906414,0.10832898819383417,0.0769656030108795,0.06478118906430821,0.1424969328785943,0.12392561833437528,0.019062929478635894,0.13420933704218332,0.16597879288504272,0.01828341713286481,0.15445182192801907,0.031111487524701168,0.13990274935140623,0.12549061728805735,0.013218322152965076,0.08812684017188177,0.07433113578952988,0.0005552095522180152,0.11295276918911738,0.06405395456939425,0.11716245738733996,0.0886518755113076,0.16375231557658684,0.1674281688963227,0.10943484447205729,0.17191768268970276,0.01563597046117588,0.05703283164419116,0.16440632357445265,0.020581605833842154,0.06840078988841529,0.016333451397142408,0.1925130543246772,0.02611279765428635,0.1094711729887484,0.1458972837489014,0.17804803980118095,0.1458115729942149,0.001775105706805585,0.10896677273504853,0.0923306903546647,0.06782368735457746,0.14163607700271913,0.181431363002655,0.12521251747995182,0.0690785367995436,0.2185856625730313,0.13936354641876267,0.10804063406596652,0.16954933272627218,0.026816087237138464,0.09326908773298895,0.05810523883336175,0.1525109804041384,0.12505390701193228,0.15689296961443852,0.08753186715233209,0.10063746346648893,0.18022290776706534,0.13422632808728138,0.12182402941469007,0.1648749011022917,0.1076910356447186,0.08106715497413935,0.22073899252141757,0.0029020748164655967,0.09785017179760636,0.08282886473011998,0.14032894687110067,0.1410863390501226,0.06970408033853244,0.03994381896112059,0.04999630537390234,0.15721518393947853,0.014141605215123382,0.20146145164865395,0.023114896006214573,0.10138076301841976,0.09568180515268707,0.15743839497862477,0.19180908753520035,0.22479767154304076,0.12022810279207012,0.10710960718092569,0.1406609024996816
72.1105527638191,0.18025422548038622,0.1587890390164079,0.18155988411152568,0.10180007157155135,0.11264407651127874,0.22298293392128482,0.171072452492414,0.06725087859695043,0.1557983421742314,0.02083256457392662,0.020459468063709636,0.09441402794520136,0.14173156590050087,0.02520162401590191,0.1442711320519901,0.024529134448399933,0.028070841978339468,0.18587378575577482,0.12832216306042663,0.046562996218185104,0.10242730294413432,0.03347242521542667,0.11763332005625284,0.13211472621813508,0.11718256221898152,0.10560612802509689,0.09727254716760829,0.166796666326745,0.21202635408317166,0.05037617540230508,0.1082019008817034,0.22468128754571534,0.1530763721424551,0.07428928507848823,0.19932129067065987,0.06761656595130199,0.011849991706800478,0.05744660397488411,0.0038402892433020454,0.025648400986557126,0.14306385793962198,0.13501936348133306,0.0153954144662903,0.0509250805488949,0.04414810738020113,0.12073260553338787,0.12680699236117773,0.04954162771154622,0.1163588223280598,0.016866537599985243,0.07587090305534806,0.2116519284939173,0.11962580137162934,0.16288751294495796,0.15689985058648812,0.11124722077122245,0.12535869139212932,0.15958291127509938,0.1560103877982505,0.10039373529461833,0.11695464941271028,0.1324677162077232,0.13857171489783354,0.004208853205555648,0.11531622906271927,0.0897737118508698,0.09520215838375663,0.03917955836736865,0.04899301125234586,0.18214016161410257,0.099732426595333,0.13820719188350122,0.09502329280781688,0.11986823018132634,0.13525883464517988,0.19638472558141334,0.01798853068878857,0.0733024675917203,0.0630730037848199,0.06489401926200873,0.035854516187563135,0.15427354009666175,0.13266914767619098,0.07000860617939822,0.001798740955377006,0.098977781263833,0.11189334808563704,0.13804796058981617,0.14261846104641518,0.03895690365086452,0.04167829376629445,0.11891305947326185,0.012879296548919061,0.06360105018266926,0.10682846984248026,0.16805000520416735,0.13800530955055743,0.20666875016228953,0.21861268274149692,0.02809728000955431,0.17996530509089395,0.041727830161571555,0.10569906309381707,0.13791628238990702,0.044093952976043876,0.004440309576630977,0.19655547806006604,0.0458492692176949,0.12801549204303073,0.10325989786170031,0.1099990294249719,0.1022878121165082,0.12112892971855915,0.016227094166572788,0.012839338223684427,0.04851109664257156,0.11619723416794782,0.06311922017302311,0.052159054041757975,0.1323166571473259,0.1366017177953546,0.014102967105786965,0.12397877188738102,0.15772815327746703,0.014224449464322159,0.1338196243259786,0.025068721348010473,0.1456667859961563,0.13371663256771427,0.010503543919920361,0.0791537234890618,0.06296056557810721,0.0003636170544501249,0.10059730318398026,0.06493277152738829,0.12143849781554696,0.1030504517246209,0.16452351306127028,0.17594065358831562,0.10340943241221306,0.1693924715037358,0.011542797492797113,0.04899439340169198,0.15223588813641786,0.015962534760404944,0.05376784969600374,0.012374124721976524,0.18886062567654088,0.019211909468690194,0.11291660856778993,0.13144697838901026,0.17090328700858243,0.14754001495840063,0.0012970426648179487,0.10355095547183275,0.10015150891656376,0.0543001159742892,0.132332729841889,0.17496933927825362,0.12788852648832755,0.05608736561363911,0.21342431053550331,0.12465916455673641,0.10117342158270956,0.18439092016172917,0.030617880293788438,0.08021496744184824,0.05343597715572083,0.15675756667903792,0.1116258575656788,0.14025242396362822,0.07368146218745704,0.08649344764261907,0.18079503260138766,0.12536318209702801,0.11030788018636475,0.1568880884545627,0.092799263243636,0.0683896647986372,0.21804599610117092,0.002058261636686211,0.1070556936357089,0.07555873124379543,0.13010060946130608,0.15294598353925073,0.06228372296755452,0.03066207856323309,0.04073019774989969,0.15541410363048228,0.011058982834901178,0.20456255583234834,0.020243293245660345,0.09844916194375253,0.08755971944189442,0.1415889302366477,0.19455444896888877,0.23561884531428437,0.10818407449441704,0.09014926641091722,0.11964880517959667
72.36180904522612,0.1786448773008156,0.14546613859374602,0.16942282135701922,0.11240651202766355,0.11836686529511148,0.21885373749175582,0.15513823583745331,0.05575033255948019,0.16977357067744894,0.01569859345946873,0.01734242266152059,0.08808384264231192,0.13773696707511704,0.027879963043770963,0.13468332105780115,0.016685132276365835,0.022899772374383637,0.17894374079182754,0.11921070552866712,0.03797455209908428,0.09939527747461717,0.030712928594731036,0.11168042459070567,0.11900898083077222,0.12860897346891,0.09265804254054431,0.0980360249726198,0.1617716604307556,0.20784811183853558,0.0444891170054146,0.11018272431516522,0.2128904208431509,0.14690281000083263,0.063647712398796,0.17756709230323134,0.05388773538202695,0.00977912522360808,0.04475085338392667,0.0031031516929540914,0.021473052518821666,0.13514585066012302,0.1315458498626011,0.013328901148737162,0.041049080039968336,0.038170411011645325,0.12459976232628794,0.11602957838237692,0.03900232279298564,0.09751831410451688,0.013669338693288487,0.07028570454981807,0.20463177883302033,0.11101237783795438,0.1521752575479686,0.15555138515956002,0.11678095454361442,0.12776321430339094,0.14925377212275603,0.1552205455211525,0.10659227365201306,0.12414030738290897,0.12433212104869343,0.13153594777166455,0.0037423279231534787,0.10194258411605875,0.07413009312505123,0.09946058196305725,0.03104028496464204,0.041308166680403206,0.16396080490636608,0.09247237011869923,0.1440860157602612,0.08979391169942537,0.1242376666343705,0.12174320666197051,0.18634507763948974,0.013473535658032831,0.06286499928885776,0.05191608273523131,0.05674181841256846,0.029734689719930565,0.1331526947402301,0.11881912272969482,0.06556902509803157,0.001174306640745287,0.08982423031620951,0.10780470995627622,0.14022185432248974,0.12663607390768908,0.031771548155948647,0.03389359952027058,0.10663075701310268,0.009832170566109784,0.0559466043363299,0.09891165934950778,0.1571941240059046,0.14249217135852357,0.19078287443542835,0.21155521678833045,0.02079007715697114,0.18237407657728047,0.048384920368700075,0.09861571107078192,0.11962028839827431,0.03597095061692163,0.0029309350125086165,0.19291205132734346,0.03899670368707678,0.12097115643525697,0.09205240601238956,0.09732812739143305,0.10048690446237067,0.10831903109215306,0.014095536173776334,0.010163481432255584,0.03689881900986486,0.12352070704780994,0.05091001643643268,0.04132845283885092,0.12137377461774447,0.14849303826451946,0.010264038764945008,0.11338689997084404,0.14793186560925628,0.010942291270261412,0.11368777580451887,0.01998580839628552,0.15021740717332155,0.1409367085949205,0.008282802814394242,0.07070406356183874,0.05263506139564484,0.00023640017506493396,0.08847277778604819,0.0656433959978601,0.12500710497618156,0.118103716746646,0.16346594343477222,0.18222459035774186,0.09722211568804928,0.16484128919326638,0.008402077502508572,0.04172536863360915,0.13908665760301367,0.012234099410904972,0.04147554250049557,0.009240905496171304,0.18246895212341332,0.013879213339675654,0.11576177180391858,0.11673689034859075,0.16186849889456786,0.14789891812838982,0.0009426268977873448,0.09786256213627895,0.10773099293451663,0.04275797577282981,0.1222465763791145,0.16645783952319507,0.12965422910439273,0.04473557438917285,0.20434511869203795,0.10981419515444593,0.09430671235093269,0.19681749920479602,0.034721438498274304,0.06821055950124263,0.048828061595321645,0.15950302162268784,0.09831141236295482,0.12335969841021546,0.061148835279649365,0.07329674273322508,0.1789743007409623,0.11613807331799883,0.09889254889189748,0.14742608547414388,0.07875775806248674,0.056849157019966956,0.2111102545745027,0.0014441206740028543,0.1160498298730163,0.06842107412337518,0.1191145030351536,0.1634227338262823,0.05519256471103042,0.0231394874784482,0.0327441920131197,0.1520843938372375,0.008557251148548503,0.20422307747847973,0.017693751709003013,0.09524493519088216,0.0794578043011888,0.12520613901067124,0.19441775898398084,0.2412702105469929,0.09615446572508012,0.07440903651217326,0.09955848339842585
72.61306532663316,0.17465261427866904,0.13124095326274018,0.15548008087725912,0.12273492980016393,0.12319859374674902,0.2105532621004158,0.13824284089276684,0.045586803323645154,0.18202035506840133,0.011666193758377463,0.014604994008758357,0.08168294184970418,0.13272566130106983,0.030683960756732437,0.12439997697588066,0.011027133949682896,0.01848653571236111,0.16976311968300753,0.10969926481301079,0.03063501238567807,0.09593980894876837,0.02812719441036072,0.10534223468882406,0.1058063576244924,0.1395627106411117,0.08031864966936184,0.09829571914078628,0.1551159727463833,0.20008144951558882,0.039149790808619654,0.11144309164206712,0.19715835120905698,0.13958206048810315,0.05401771885522269,0.15445022454517715,0.04221886319788107,0.008031197114153961,0.034180673709616555,0.002501728225459241,0.017813062461094244,0.12617275283979898,0.1271572905050433,0.011504631397342903,0.03255606863497488,0.03280113830956624,0.12780164248053585,0.10479170575599042,0.030198347804676118,0.08017537478722297,0.010991769049898471,0.0647432844558985,0.19412750104453105,0.10210938343245339,0.1402840411989647,0.1526329677565596,0.12168804329790778,0.12935094882614506,0.13768924282194747,0.15280180059124562,0.11257940636810657,0.13070935498744055,0.11565649363431856,0.1237778299074129,0.003338443410918206,0.08890566280008257,0.06032104983529262,0.10340452518826249,0.02427772555495784,0.034525036849055606,0.14457248944744358,0.08523814072021989,0.14863307304792017,0.08418988880622442,0.12773179209626215,0.10794512929014856,0.17365041262650904,0.00995491361585554,0.053339337930133866,0.04214455862736867,0.04921974437735843,0.024458100629892645,0.11251411139457854,0.1050090709542227,0.06111280073434246,0.0007548666305020714,0.08087928797411464,0.1033230403709788,0.14121958854129865,0.11064286950673674,0.02560218305298074,0.02731174987092174,0.09450357744148401,0.007402846270795777,0.04870657899310218,0.09087703905693642,0.14486786835867138,0.14588462307984704,0.17243576324252305,0.20067622425599482,0.015090735679654653,0.18231953635858075,0.0556524259741069,0.09116376251023423,0.1018402142308552,0.029109829531892145,0.001901370188189878,0.18636449437363278,0.032834720376641,0.11329273345209788,0.08119080796226286,0.08490580121271987,0.09827615097467206,0.09551730269273066,0.012224771756632734,0.00796561950397007,0.027507558076640275,0.13012456606784206,0.04039907553709714,0.032236058294335554,0.11000075871774255,0.15920414412286785,0.007352324489774815,0.10270056311110004,0.1369361504642857,0.008325772764573273,0.09475711284550388,0.015771218324415935,0.15336278933163022,0.1469493378949205,0.006485551109485384,0.06285487602517853,0.043438553560020056,0.00015271655021438112,0.07684554371626265,0.0661839909951806,0.1277887577587685,0.1333920038151613,0.16062199341724834,0.18603288526087228,0.09096338687347483,0.15844372529305684,0.00603386197034681,0.035231248334687534,0.12542890137489585,0.009271051114453279,0.03141186639086872,0.006804442092121211,0.17362259951273717,0.009851018655584628,0.11794498307830863,0.10222102075033057,0.15129296101968753,0.1469190390542015,0.0006817650174324374,0.09199935658332124,0.11492071255344545,0.03313351569248135,0.11168537710748129,0.15628680488952754,0.13049421386826754,0.03506042256229198,0.19185837653112775,0.09528237084091165,0.087525081983871,0.20619834192209605,0.0391062425424623,0.05738618441830466,0.04432932429211085,0.16066764976679715,0.08545065877385728,0.1068102480423982,0.05005759364820232,0.06126632491606368,0.17481354875121485,0.10679127864901787,0.08780716340772728,0.1368314606835878,0.06584220758021019,0.04657045524241266,0.20029081683967856,0.0010026685737447745,0.12462647026077463,0.061506216805952495,0.10771818301659247,0.17212827989866647,0.04850522102697162,0.017174534089159126,0.025982158885822646,0.14737391277485834,0.00655285779325128,0.20039794536567057,0.015438875509568158,0.0918212594029323,0.07149582648171478,0.10888030461461173,0.1914191745372715,0.24132892769315456,0.08443167372300824,0.06023275902328944,0.08105301247713415
72.8643216080402,0.1684009012262218,0.11662698883333691,0.1403379153840053,0.1325084159391467,0.12703510028381956,0.19851591305866714,0.12107778203458879,0.03678063008340776,0.19197915711613261,0.008552740669960713,0.01222021477472428,0.0753073858608376,0.1268215811922686,0.03359564138763826,0.11372225491501435,0.007082275688926198,0.014772348726130891,0.15875237353185515,0.10001544102445067,0.024457212793411474,0.09211093387980769,0.025711095305891954,0.0987266955457534,0.09286150244909673,0.1496957409493444,0.0688070027648393,0.09802891464647387,0.14705480011841074,0.1891514608276773,0.03433880083922946,0.11199892514913998,0.17844439806089327,0.1313376048166488,0.04544282775295384,0.13122353313771365,0.03253567134304981,0.006565590144134819,0.025605163725162996,0.0020130742549600102,0.014643496441742244,0.11642511876300349,0.12197213303699175,0.009895791357366778,0.025409446540032205,0.028024353595095315,0.13027518702681767,0.09339760515326047,0.023003475501440086,0.06468909116082629,0.008771092068039466,0.059311304876707036,0.1806824930451033,0.09311470024784639,0.12761633471997452,0.148260352974506,0.12585552194956798,0.13005478321861697,0.12526150652737816,0.1488017862731592,0.11823053576112268,0.1364888094183829,0.10664627328035263,0.11547518080903842,0.0029878138308164852,0.07650653505447491,0.04841153079131216,0.10697114809312719,0.018754485517886915,0.02861446427054041,0.12487662777363598,0.07813242514958413,0.15172496400921617,0.07829960506399057,0.13031351778360872,0.09427427547959172,0.15890154435094084,0.007259002887606433,0.04479092728278079,0.03375385276996587,0.04236886703791363,0.019963792987216653,0.09312103780741227,0.09160637266739155,0.05668301243457729,0.00047796375602965336,0.07227833901606301,0.09851356578163496,0.14103551667262423,0.09513300255237252,0.02038994146514247,0.021823657770238564,0.08280196223581948,0.005498050265902842,0.041964626368798545,0.08286845557108895,0.1315133016626925,0.14806966306909006,0.152612500316129,0.18660134605183762,0.010749744573695055,0.17979086501856,0.06348429708236765,0.08348302424643052,0.08511417704672133,0.023392332930015133,0.0012128689220267288,0.17720149092657675,0.027368856569359976,0.10516912743310083,0.07086761815820783,0.07302741563047846,0.09570252865301222,0.08305986529681458,0.010585450170201372,0.00618280183211488,0.02010841997934466,0.13584377525390454,0.031551688060412864,0.024759305594816806,0.09851353519979805,0.16836155478187909,0.00518637199980523,0.09215539323265964,0.12511083437767115,0.006268219741704025,0.0775290289309352,0.012323893742257416,0.15494989979033363,0.1515877762485599,0.0050454237606928215,0.055650017547426586,0.03539764349670426,9.812361429468884e-05,0.06592782380305726,0.06655557465812985,0.1297186064497927,0.14841162631967647,0.1560959669735914,0.1872232229713972,0.08471219983994163,0.15044399959581975,0.004277564951116711,0.02949556257292526,0.11169291813552684,0.0069507822769640125,0.023369804807066404,0.004941758644449583,0.16270655276978235,0.006873500698685173,0.1194161430948759,0.08828192556612305,0.13956024982156173,0.14466777634692563,0.0004910014944940916,0.08605163317854204,0.12157185780558188,0.025280958320747626,0.10094263870707422,0.14488060887309515,0.13041401932171906,0.027008202293283202,0.1766458998623726,0.08144287094914977,0.08089555862420447,0.21204558365958304,0.043742866530136766,0.04779763262424406,0.03998305395073101,0.1602163875542517,0.0733176981448182,0.0910885650079047,0.04044138331655076,0.05053150728455455,0.16846138509999678,0.09753013189094903,0.07723494081155456,0.12546127791873132,0.05423259833667688,0.03760313554146279,0.18617595013852817,0.0006891288661842321,0.1325732638114607,0.054890318731455515,0.09624058372163596,0.17873436073990775,0.04227795298917941,0.0125424044016183,0.020353203859294334,0.14146448008006593,0.004966842872044559,0.1932280471623817,0.013450941849159454,0.0882291710383035,0.06378194630897484,0.09312199486871578,0.18570077039707888,0.23576236737282336,0.07325991354672466,0.047820371173347746,0.06457823955371207
73.11557788944724,0.16010756084378264,0.10209904281959171,0.1246046408219364,0.14144656872061478,0.12980267295475592,0.18338032233488466,0.10425838992174499,0.029291602613372072,0.19916809808545605,0.006187788725811203,0.01015931306826103,0.06904231175466179,0.12016467900851864,0.036595044818368956,0.10293008514546823,0.004421539437041912,0.011688239761279393,0.14638007127690775,0.09036700768616467,0.019330643476984266,0.08796433859262265,0.023458976302237516,0.09193715206108913,0.0804722050702197,0.15865573929649227,0.05827523170331415,0.09722436544033884,0.13784623040955624,0.17563198942174887,0.03002916181984248,0.11188139888229966,0.1578332214390411,0.12240219095973578,0.037919044164378884,0.10895278366487195,0.024678502795487334,0.0053443153637695645,0.018818459060890767,0.0016174910195816275,0.0119307954299249,0.1061931951933397,0.11612178580794599,0.008478688007266129,0.019520266764969464,0.023812334436178032,0.1319647485215173,0.08213394713190204,0.017245336106192003,0.051242551190254906,0.006946582229123123,0.05404841689608253,0.16497492587149845,0.08420630429432459,0.11456788645760152,0.14259173669574926,0.12918328351595715,0.12982557842116713,0.11235177133030061,0.14332401297986408,0.12341064977791621,0.14131421154699672,0.09749486519765667,0.10680493170471085,0.002682435758074618,0.06497699987821356,0.03835419154318528,0.11009800035289165,0.01431562100543778,0.02352580925163918,0.10567631194998832,0.07123981280018975,0.15328662381065364,0.07221863011621207,0.131968908573983,0.08109066415497075,0.14276880869804626,0.0052265936688494115,0.03723924293771532,0.026682037494695166,0.03620451410316994,0.016179016558366052,0.07552310969355491,0.07890881429480123,0.05231896368699522,0.0002982137008363745,0.06412776767391118,0.09344189663365905,0.13969573840707242,0.08050796762121024,0.01605384541713036,0.01730530139393968,0.07174298097904261,0.0040286967287877515,0.0357812445967181,0.07501330793739854,0.1175858731592444,0.1489630108543266,0.1322778569682276,0.17010771489138574,0.007517999508925186,0.17488233422219143,0.07180824750168587,0.07571479701119875,0.06983815721645545,0.01868502088442791,0.0007611425697039529,0.1658245272920445,0.022584466844500467,0.09678570799464564,0.06122891430890361,0.06193028707490293,0.09281562450283519,0.07122745617227835,0.00915102142922182,0.004754167156112358,0.01442222975154196,0.1405302696186124,0.024261603892630726,0.018731194005619487,0.08719710043217682,0.1756351480869461,0.00360488238838407,0.08194999115400368,0.11282827476980642,0.004671302065350016,0.0623066009617926,0.00954034141904375,0.15487564221081837,0.15472826366065412,0.0039019898298034953,0.04910534757912005,0.028490443770420558,6.276471953244647e-05,0.05587515225157544,0.0667618992122224,0.13074913440277827,0.16259840480042748,0.1500474480110942,0.1857669297153239,0.07853601082030967,0.1411343514716683,0.002995475442990229,0.02448497664859844,0.09825152172459757,0.00515903157319144,0.017088567667014554,0.0035410626926491513,0.1501776221555294,0.004717652904505698,0.12013863507729299,0.07521992535879678,0.12706598302120461,0.1412441829633313,0.0003523020882828739,0.08010064005827985,0.12754013118488391,0.019003774713872018,0.09028448078270786,0.1326697101386598,0.12943894467156952,0.020457658523672612,0.1594980216723057,0.06858863510672238,0.07446965857327176,0.21405697290208692,0.04859287454067212,0.03943958760305599,0.035826972322150326,0.1581602906981948,0.062115733109981364,0.07655508267704787,0.03226159375028502,0.04114174435503431,0.16015350986252885,0.0885251455139275,0.06731397703726875,0.11366719254284938,0.04401985466566245,0.029932894188352054,0.16952833451181185,0.000468995529454215,0.13968013162711188,0.04863470081741837,0.08497627129272962,0.18299388165542818,0.036549091846069914,0.00901638770276461,0.015743851800682603,0.13456085469892998,0.003727010098132017,0.1830330658272717,0.011702790609540615,0.08451651662866935,0.05641016551396361,0.07834079040860531,0.17751546196141596,0.2249358684374182,0.06282933532198122,0.03724013819633171,0.05036791086496041
73.36683417085428,0.15007176597706454,0.08806874505604881,0.1088500882934278,0.14927927342130481,0.1314607010990512,0.1659339556744875,0.08829229523373454,0.023034319800016082,0.2032217789166292,0.004419305409740644,0.008392569134720085,0.06296051675523036,0.11290544747053201,0.039660953816013714,0.09227176538874989,0.0026841086144546566,0.009160206645513648,0.13312965145719943,0.08093602699812504,0.015132818873540422,0.0835596265033325,0.021364124108790593,0.08507097522961429,0.06887201025882028,0.16610625965190415,0.04881255822147092,0.0958829572909757,0.12776800183046774,0.16019499205011015,0.026188817071365222,0.1111342247036017,0.13642700934157379,0.11300761121056192,0.03140556253087039,0.0884504677489377,0.018435897841592993,0.0043325431497073345,0.013574065778536332,0.00129825777510782,0.00963553018544675,0.09576078881463951,0.10974487903896474,0.007232500324217455,0.014764225167328497,0.02012889133434579,0.13282408303417456,0.07125678729840712,0.01272836707167512,0.03986759061263531,0.0054611517960726184,0.04900342522810429,0.14776002797855076,0.07553763932346175,0.10150848395389848,0.1358180093794857,0.13158845689039594,0.1286357925282043,0.09933095167576786,0.13652302619312442,0.1279788686977624,0.1450375265649234,0.08837812770840187,0.09793810582032371,0.0024155107305071344,0.054477743454682065,0.030021817400073002,0.11272468891661906,0.010802134956110019,0.019193804391777567,0.08762717758513827,0.06462709577879741,0.15329463707424562,0.06604601176692931,0.1327054104544958,0.06869031797538257,0.1259393932440252,0.0037177938423653798,0.030665795371421604,0.020826233245174776,0.0307203289945915,0.01302515472089837,0.06005242935855719,0.0671394427916025,0.04805574355245081,0.0001834226376312844,0.056505658649558144,0.08817318866748922,0.13725593447834117,0.06706645568275718,0.012499632853371072,0.013628108552121402,0.06148800122365096,0.002913178122673009,0.030193686582086373,0.06742016675922437,0.10352823979414423,0.1485146579824947,0.11230172571409287,0.1520509528368376,0.005164366768900036,0.16778723619167488,0.0805241505825571,0.06799657121317909,0.05626384184738565,0.014850658118654377,0.0004701532815560229,0.15271809045864346,0.018450530766505133,0.08831720457178067,0.05237522817312451,0.051787838279414945,0.08966616111516146,0.06023780570986819,0.007897631937355036,0.0036228063140567256,0.010155060304352287,0.14405972327592467,0.018375172175656738,0.01396198093793458,0.07629506156747817,0.18075762686931587,0.0024704937696095434,0.07224313900668596,0.10044374411893454,0.003447361624186291,0.049214676013485094,0.0073200773752106485,0.15309535168202426,0.15629577655423862,0.0030017083987560304,0.043214238666529466,0.022656906711682002,4.000407923365722e-05,0.04678765477811607,0.06680920774395366,0.13085224127424794,0.17536077252774435,0.1426814483720438,0.18174943299503976,0.0724912445883989,0.1308362718283825,0.0020734525632758087,0.02015393904230878,0.08540938250787272,0.0037934552326124773,0.012287860523883429,0.002504494232243748,0.13653204015498488,0.0031871751916078685,0.1200908184970884,0.06324983554763587,0.11419697501195462,0.13677286249100065,0.00025196957501944205,0.07421759484346435,0.13269075641864692,0.01408162550938562,0.079939988617585,0.12006557388899342,0.12761218886299305,0.015243854718641836,0.1412444243524037,0.05692286146851804,0.06828572407582838,0.21214201280285602,0.0536090813256263,0.032260109951625045,0.03189248035035047,0.15455610613427706,0.05197782505843299,0.06344596131366097,0.025426385116449568,0.03308022281646411,0.15019786928223175,0.079909124359629,0.05814023110460256,0.10177817400871374,0.035217667384125996,0.023495165079515556,0.15121330486155724,0.00031615241424489847,0.14574843308623942,0.04278578019586098,0.07417399559270296,0.18475646716138483,0.03134011428674905,0.0063831721096439375,0.012028891556573775,0.12687961755235797,0.002769175963469222,0.17028736303592085,0.010168485796983916,0.08072714326712312,0.04945833849696137,0.06483524303399595,0.1672089582590415,0.20957305609457508,0.05327442401703749,0.028450385006889463,0.03846949543813778
73.6180904522613,0.1386552028039294,0.07486814670697153,0.09357287564626736,0.15576078670396948,0.13200241697305296,0.14704482479258008,0.07356207985269538,0.017893205942853752,0.20392234461980882,0.0031166113349878695,0.006890080769890983,0.05712176899494006,0.10519942267512626,0.04277168039963379,0.08195700111056398,0.001584930857434431,0.007113516607112165,0.119468849225367,0.07187503833807285,0.011738371695989472,0.07895850654727614,0.01941917726256487,0.07821847151100168,0.05822814149786787,0.17174792294824417,0.040452522375183556,0.09401785176709924,0.11710437838573967,0.1435547350741444,0.02278272071830091,0.10981070407723897,0.11524612985850553,0.10337573097238473,0.025835244680942313,0.07025110459684193,0.013573358096157229,0.0034988822465472228,0.009613556693178022,0.0010413239847585642,0.007714927187886386,0.08539102887564587,0.1029817498353164,0.006138977573323283,0.010997434126083259,0.01693234264773613,0.13281852825471682,0.060981358424849745,0.009252417718392936,0.030477719351247268,0.004262422588554353,0.04421496721128298,0.12980899629262457,0.06723496755230787,0.08876632136167988,0.1281518219039587,0.1330092298689195,0.12648228588739088,0.08654198403960096,0.1285962659892251,0.13179428682765162,0.1475349149114259,0.0794504187796325,0.0890354464898317,0.0021812825763799855,0.04510165770265356,0.023237550626348663,0.11479484303461208,0.008060890159431735,0.015544595558736737,0.07121002343169434,0.05834436666496478,0.151777393199404,0.059880343906024945,0.13254926275965287,0.05729694901452616,0.10906726108295983,0.0026139749380127493,0.02502271029734587,0.016058017950781798,0.025892604496557697,0.010422513356609923,0.04684300671492756,0.05644730319045498,0.043923991836813135,0.00011126788957776792,0.04946371585015058,0.08277133390086665,0.13379789204796844,0.05500356691643522,0.009627372418628417,0.010666700694881494,0.05214409741571797,0.0020793662788735016,0.025217133966424502,0.06017753284523471,0.08974652107986496,0.14671284683456187,0.09340387489366052,0.13329020021634858,0.003486158998402248,0.15878460173175116,0.08950374771423579,0.06045689387939069,0.04450893827793296,0.011756505802382031,0.0002859880446595118,0.13841471840218308,0.014923604777207614,0.07992205055764542,0.04436499467958343,0.042709021254643834,0.08630464718434727,0.05024330695850975,0.006803957970386979,0.002737028012976661,0.007024584573747805,0.14633746917644735,0.013713063892534383,0.010256662541309651,0.06600334130307345,0.18354049270935333,0.00167046854112479,0.06315369191050718,0.08827872110677235,0.0025204715726897943,0.0382321818405825,0.005569466394739177,0.14962772513891798,0.15626692366519684,0.002298246364956886,0.03795297373983229,0.017809587735680286,2.5428088529853737e-05,0.038714450212727416,0.06670589583190101,0.13002061702567463,0.18612008983263603,0.1342362489498766,0.17536244218953084,0.06662405294713494,0.11988133592288633,0.0014196744970993963,0.01644874315129436,0.07339877105254025,0.002765387767654498,0.008693568308263195,0.0017491668710663082,0.12227248773576903,0.0021208348804336546,0.11926702636280234,0.0525041669670399,0.10131316190275538,0.13139721772417676,0.00017971389459360904,0.06846323689105169,0.13690339842502022,0.010291499660831595,0.07009531766776657,0.10744059931416737,0.12499246756406017,0.011179926943656255,0.1226873625330701,0.04656265458475468,0.06237130903136631,0.20642833197860216,0.058736201759169604,0.02617467598544987,0.028204199599476423,0.14950393666765566,0.04297227072148346,0.05188312837963759,0.019808968319794756,0.026279220124670773,0.13895498432898296,0.07177869499905287,0.04977193920844199,0.09008689835090182,0.027777459419568978,0.018189383848200458,0.1321201102124885,0.00021116253352755816,0.1506002370204597,0.037375546276316576,0.06402994092180474,0.18397708035741847,0.02665723955383367,0.0044523862162528125,0.009080393954255663,0.11863873599339267,0.002037665383974901,0.15558149162566576,0.008823773192535325,0.07690034011639113,0.0429868940247741,0.05279317408757134,0.15519646636423795,0.19067468743178725,0.0446761733778459,0.021326468986797336,0.028783109872167926
73.86934673366834,0.12625912346989993,0.06274180147969702,0.07917784300213092,0.16068306187117282,0.13145374733123566,0.12758865230004784,0.06032152888702131,0.013736005353230902,0.20121909030595594,0.0021708545644031386,0.005622433846540595,0.051572777923625246,0.09720193129228805,0.045905854635627595,0.07215335022054273,0.0009107188796583324,0.0054760553666012715,0.10582430919410535,0.06330523856866427,0.009025831139630238,0.0742229999632042,0.017616466447609575,0.07146199108255728,0.048644026971751415,0.17533875105724966,0.03318224720182704,0.09165409588128795,0.10613389499353072,0.12641332580507467,0.01977450365959649,0.10797075811173616,0.09515076655852696,0.09371114162273078,0.021124124617304067,0.05462307273590886,0.00985571297189623,0.0028154593351068903,0.00668813970129872,0.0008349876502526493,0.006125062920723636,0.07531504969202717,0.09596944517244925,0.005182110935353622,0.008069813783449164,0.0141780603989304,0.13192722612881425,0.0514753538552594,0.006626453321535852,0.022903602841362808,0.0033033310509482275,0.03971165452525348,0.1118514445145737,0.05939654217115826,0.07661674878240449,0.11981636213406321,0.13340784842837847,0.1233879998335477,0.07428499357239585,0.11977329749912027,0.1347228474534928,0.1487137956537907,0.07084216132733509,0.08024377441957786,0.0019748908838428166,0.03688114164804071,0.01780043812071067,0.11625830773238802,0.005951183550980895,0.012500773340356042,0.05672491754890471,0.052426669137774155,0.1488121433216995,0.05381589758804582,0.13154238575387772,0.04705966284148863,0.09273088282370312,0.0018175760347750567,0.020241157991558723,0.012236787364543786,0.021684577439463885,0.008293941269422572,0.03586590649825288,0.04691294770256677,0.03994983289052964,6.660272424557502e-05,0.04303004520749899,0.07729816434269624,0.12942502047839127,0.04441782718052004,0.007337585988648259,0.008304174606323923,0.04376844041097062,0.0014654949630597887,0.020846939282424908,0.053353641456386436,0.07659089070857816,0.14358605984145856,0.07612179520022476,0.11462051378973118,0.0023137003595478218,0.1482200574209841,0.09859195406062317,0.053210771224543214,0.03457649000455136,0.009279796729561777,0.0001713963375151007,0.12345848067443191,0.011951668809121081,0.07173833378886206,0.0372197872806763,0.03474237265715995,0.08278019313790302,0.04133333567377559,0.005851005762815953,0.0020510786789554153,0.0047771037285005745,0.14730315235817468,0.01008816965338357,0.007427896803509228,0.05646784450160863,0.18388524827633598,0.0011152438662564012,0.05476264264997346,0.07660813763275708,0.0018265138584219244,0.02922994609189265,0.00420412175955925,0.1445555814160099,0.15466984841627898,0.0017523218172708216,0.03328570094437087,0.013843931611537236,1.6132296767573942e-05,0.031660316487189005,0.06646211017717134,0.12826831146218143,0.19435445604491733,0.12497000525298502,0.16688881732921107,0.06097125259017224,0.10859326060681398,0.0009622161190159557,0.013310954343726885,0.06238075449362499,0.002000192754953346,0.006054826675781056,0.001206914987708834,0.10787759663602951,0.0013909901758857842,0.11767799945800934,0.04304133066938258,0.08873325482275933,0.1252725071510292,0.00012787924799229249,0.06288783905397205,0.1400767796282017,0.007422714399243025,0.06089141868221354,0.09511397445845883,0.12165126975374899,0.00807503743036316,0.10454474058047024,0.03754822654356764,0.056745421155497563,0.1972477378360952,0.06391189127388539,0.021078722956462077,0.024779813518470892,0.1431430825219252,0.03511128797668736,0.04189132184845002,0.015263697493132382,0.020635498543658322,0.12681528927025298,0.06419759199819977,0.04223480765638617,0.07884035163294471,0.021604548757675743,0.013892569446758282,0.11308684100939255,0.000139785549586876,0.1540870942346318,0.032422491504777884,0.05468554479202633,0.18071706352724862,0.022493407458207975,0.0030612872908502746,0.006774681212450243,0.11004842005594978,0.0014852324398046568,0.1395739348974422,0.007646363727306257,0.07307052596250523,0.03703835444446189,0.0423004488529354,0.1419361972119508,0.16940885363609762,0.037067257031082795,0.015688950019123564,0.02110577504689067
74.12060301507537,0.11329942136994668,0.05184675771666644,0.06596447337675182,0.16388726860298827,0.12987045297448468,0.10838029724881723,0.048703372128697194,0.010425017604361153,0.19523412863366002,0.001493813062268575,0.004561272348269544,0.0463477212876871,0.08906329743311624,0.049043158518254124,0.06298573451753767,0.0005094769417562169,0.004180728988083605,0.09256294238251475,0.05531645109693444,0.0068822605552991715,0.06941375303036625,0.01594828084139694,0.06487518010099441,0.040165424671558925,0.1767116886381718,0.026952631559460892,0.08882771772757099,0.09511857393284587,0.1094132884073538,0.017127761442091764,0.10567811323966232,0.07679124451000717,0.08419563421151591,0.017179485387752085,0.041607211738772625,0.007062756680606781,0.0022578483845335645,0.004572916656169076,0.0006695788652497871,0.004822666137527145,0.06572419904259114,0.08883746029731683,0.004347800300733932,0.005835482703075866,0.011820551993091519,0.1301452031409957,0.04285596773784169,0.0046775121984278046,0.016926601526537847,0.0025423587853443635,0.03551260232641132,0.09452734250999409,0.052093329330282774,0.06527570661137083,0.11103467323423741,0.1327725681256102,0.11940227657791731,0.06280624721794821,0.11030332854008938,0.13664483096225383,0.14851862613696218,0.06265879662400495,0.07169312454357026,0.0017922408489487863,0.02979804005241213,0.013505173912502577,0.11707345150085344,0.0043484804258617695,0.009985329279916903,0.044303636103211544,0.046895967383634364,0.14451929534090469,0.047939089790957665,0.1297390327107212,0.03805609928207913,0.07740250672126853,0.0012504997901760045,0.01623908193447262,0.009220483619757308,0.018050440330682947,0.006567356040015084,0.026971978093048993,0.038557371708836066,0.03615493659074689,3.9359374868950816e-05,0.03721246654800164,0.07181266557658109,0.12425720677536739,0.03532394193638446,0.005535801085765838,0.0064352730383670466,0.03637480391085752,0.0010201564956662725,0.017061661342495583,0.046997164749454444,0.06434187796739435,0.13920276585456198,0.06080165643942389,0.09671995550307905,0.0015104992942902608,0.1364827555957254,0.10760996327017662,0.04635592882831381,0.026379433892298056,0.007310856165288049,0.00010125281015369305,0.10837042917729324,0.00947766740466143,0.06388135281413075,0.030930568454350972,0.02788366458973634,0.07913951853105852,0.033540265704209385,0.005021898847179025,0.0015253973635704233,0.0031963740731798013,0.14693377040486355,0.007319083828184999,0.0053045931807228835,0.04778555660807726,0.18178894839295157,0.0007357162259385126,0.047116782018805245,0.06565215464222682,0.0013125594406181685,0.022008356370964894,0.0031501042392484803,0.13802224327323837,0.15158125554393811,0.0013312253664356734,0.029168742407731832,0.010647386446060931,1.0223013658464957e-05,0.02559373263903296,0.06608931757594239,0.12563044795502426,0.19964137678119928,0.11514722348082952,0.15668178606603222,0.055561351051697024,0.0972725012445991,0.0006460763392942747,0.010680214607761702,0.05245061871323249,0.0014366134339581678,0.004153522811617359,0.0008231602058787717,0.09377642897122915,0.0008998233020813129,0.11535071821661506,0.03485720002731045,0.0767246453766963,0.1185591197411143,9.081815487155476e-05,0.05753159046464174,0.1421327727494785,0.005286255539968046,0.052424937277815914,0.08334360410099548,0.11766991510981961,0.005747730461246653,0.0874083687147717,0.029855786985145235,0.051420490937474396,0.18510406043016053,0.06906815489862375,0.016858099129947762,0.021630193278258117,0.13564622831982262,0.02836164177949817,0.03341884405631075,0.011639163771926439,0.016024422198599026,0.11417558106804794,0.057201049321805225,0.03552747923505117,0.06823470372370377,0.0165738789001334,0.010471257784968237,0.09483838075784078,9.174147658537979e-05,0.15609770247706747,0.02793289865715878,0.04622932106776889,0.17513773028184218,0.01883049361630648,0.0020757457213157493,0.004997251255512657,0.101303681921628,0.0010725759080550494,0.12293894253532332,0.006616073754810255,0.0692671647491645,0.031637667834192994,0.03335580362809658,0.12790184734501692,0.1469896050035625,0.030439277445437226,0.011329677138782057,0.01517437499490193
74.37185929648241,0.10018201227470896,0.0422590986071976,0.05412570480411815,0.16527258744141946,0.12733386604297614,0.0901172716434108,0.038735446118646294,0.007825747055559497,0.18625326541918497,0.0010157049101398644,0.003679762512091144,0.04146920475968937,0.08092467144492667,0.05216495244502909,0.0545384765110388,0.0002776228639534391,0.003166995255399232,0.07998059453799024,0.047968595862356675,0.005206059138599389,0.06458852820081477,0.01440706197129459,0.05852235557473895,0.03278900826829571,0.17578751218668628,0.021688520614712478,0.08558436299522204,0.0842950473317809,0.09310135722198569,0.014807012085192556,0.10299777606088407,0.06058918370409342,0.0749845297229337,0.013906306843418047,0.03107054162019599,0.004998725841219718,0.001804893506686349,0.003074601783267483,0.0005371615301776179,0.0037665070430160674,0.056765941511807395,0.08170434702395962,0.0036235343372294326,0.004160013802070878,0.00981508231933976,0.12748509441241368,0.0351905684717496,0.0032555421770752106,0.01230734840022317,0.0019434771801508047,0.03162825703795312,0.07835266518559753,0.045370940016654315,0.05489770187980155,0.10202019958186333,0.1311184014402924,0.11459969757712304,0.052291462371607096,0.10044206763853049,0.13746240172393226,0.1469348848198406,0.05498093485247902,0.06349468626779739,0.0016298889710842095,0.023794888814503597,0.010155971355925927,0.11720943376802553,0.0031459183522730733,0.007924571634619447,0.033935406864424436,0.041763230445448114,0.13905451304524583,0.04232552615812765,0.12720246837325394,0.03029998404939826,0.063430819524309,0.0008517209613121835,0.0129278640607691,0.0068735233726602,0.0149389004283936,0.005177315452631882,0.019935058066542746,0.03135298643742214,0.03255666593024315,2.297642334923594e-05,0.03200206054034145,0.06637021113618888,0.11842537336600378,0.027669046041871554,0.004135612756400953,0.0049678734410147606,0.029941319861006063,0.0007016638202114924,0.01382657903220207,0.04113863111765576,0.0532030769570379,0.13366887071855568,0.047609253800030976,0.08011569404510413,0.0009705541886037278,0.12398062961606225,0.11636023050580922,0.03997017240843839,0.019766882393664482,0.00575439844019934,5.898850914573291e-05,0.0936190774824764,0.007442601732138144,0.05644265316908959,0.02546427323976206,0.022085896974095718,0.07542616477519044,0.026848067206907633,0.004301666705756459,0.00112650281479774,0.0021060416139450575,0.1452448617803748,0.005239234329002897,0.0037367559020754656,0.040008348049881154,0.17734369835226688,0.00047996170753617786,0.040233377283003836,0.05557255242281175,0.0009358065952026808,0.01633080127225205,0.0023441879522667834,0.1302237713326516,0.14712091027069707,0.001008149676233278,0.02555416122346111,0.008106901582102227,6.475324325684383e-06,0.02045546642334008,0.06559987517701191,0.12216207921243967,0.20169434315670312,0.10502612537771973,0.14514062949804377,0.05041559027289082,0.08618428580367106,0.000430105944686278,0.00849647215178674,0.04364620440030404,0.0010254943741977887,0.0028078259556121123,0.0005552649708522888,0.08032964501553679,0.0005745245282389459,0.11232762458434375,0.02789841071575386,0.06549767324639029,0.1114164097847775,6.439556809511846e-05,0.05242525890169509,0.143019752480642,0.003719418790656153,0.04475163311838103,0.07232361914639197,0.11313656240007121,0.00403465963633823,0.07172001650084185,0.02341226152568481,0.046403993931646764,0.17062714388630404,0.07413307767988604,0.013397196293986934,0.018759776041821108,0.12721223475433627,0.022655947814444934,0.02635913654152591,0.008788021279225955,0.012311948369204758,0.10141667891763638,0.050800717081974735,0.029626912653415764,0.05841410925165786,0.0125441089235499,0.007791209420534338,0.07794385607752298,5.971204448527684e-05,0.1565639041787255,0.023902381945303773,0.03870182985548059,0.16748736394627978,0.015641624261152315,0.0013886933768168905,0.003645831747738234,0.09257880704045626,0.0007675982603716304,0.10631662986940728,0.005714852496630214,0.0655148809742367,0.02679329640187581,0.025889150967980223,0.11355616204442902,0.12456184582486761,0.0247511534074187,0.008033571762510561,0.01070260739852395
74.62311557788945,0.08728067279846863,0.03398520364172109,0.043755436173342654,0.16480158288910218,0.12394562667319217,0.07334096219634866,0.0303618677043208,0.005812976769121129,0.17470301878227606,0.0006825362031812373,0.002952947924995786,0.0369495234181162,0.07291458948718829,0.05525475138594932,0.046859213006874,0.00014744233063639152,0.0023816493430295787,0.06829771542996468,0.04129432418505959,0.003908289703259661,0.05980092750119358,0.012985531050362794,0.052458011579031585,0.026472282607690682,0.17258172441453992,0.017298120563640322,0.08197755718563117,0.07386785340604353,0.07790571914930378,0.012778375300266832,0.09999388466371131,0.04674652682364142,0.06620476835695989,0.011212082021909823,0.02276412992538109,0.003496715348860174,0.001438462327787252,0.002034017796328237,0.0004312611234609467,0.0029183851543012787,0.04854323332822862,0.07467524642159376,0.0029980984802731674,0.0029247903129347506,0.008118869257046961,0.12397829518388145,0.028500536798615705,0.002234987101083305,0.008807828605262483,0.001475886304899504,0.02806143013972075,0.06370079018714865,0.03925241148033102,0.045577812466144035,0.09296905060358952,0.1284865898812053,0.10907745042126106,0.042863628581492196,0.09043898848426592,0.13710657287983025,0.143990867211562,0.047865479428779764,0.055739546859304746,0.0014849435789954565,0.018786295057844096,0.007575200094538189,0.11664824999098039,0.0022541951219644733,0.006250104130113771,0.025500200497731537,0.03703046994421685,0.1325993432775686,0.03703779339314956,0.12400188969989322,0.02375178858780932,0.051036933988992055,0.000574583824431898,0.010217737735433592,0.005072072570565006,0.012296187428209529,0.004065807914916258,0.014490438883663219,0.025235346846888055,0.029168277123632444,1.3257246880857727e-05,0.02737671034246556,0.06102183978135086,0.11206608099800082,0.02135032364493035,0.0030604410511751064,0.0038232303147221194,0.024418690837322177,0.0004770149691206699,0.011097367987709442,0.03579236561062096,0.04330024245696161,0.12712302912925047,0.036555737985297126,0.06517014551296794,0.000614109049718502,0.11111625130609021,0.12463325768827468,0.03410998729356411,0.014549237860478372,0.004529515034220583,3.390641738313055e-05,0.0795981420422554,0.005788086380038298,0.04949033178068736,0.020770186796466025,0.017270348665931457,0.07167991486701435,0.0212023579353429,0.0036770436397694007,0.0008266134699660125,0.00136767738152415,0.14228973588218238,0.003702158946301386,0.0025973481923351697,0.03314868397977519,0.17073020731213595,0.00030989749580079235,0.03410534519937099,0.04647338316986398,0.0006622885278207886,0.011950565200553404,0.0017334552494854146,0.1213976991500304,0.14144414016312373,0.0007614304459438165,0.022392575075753728,0.0061146135254826345,4.102176314142784e-06,0.01616700041078826,0.06500662768954123,0.11793623393057545,0.2003888244882494,0.09484773299050069,0.13268514363169212,0.04554895587134546,0.07555052765223452,0.00028412838079152513,0.006701698817243048,0.03595790838636216,0.0007281797927651522,0.001871489842489435,0.0003706700558122698,0.06781816778883311,0.00036231060789590724,0.10866526008372725,0.022075968792830396,0.05520400982228357,0.10399735085412617,4.560333276213658e-05,0.04759104517849888,0.14271500199288792,0.0025869048520984453,0.03789156640770599,0.06218653277681476,0.10814330035977703,0.002795209247401519,0.057765153597287,0.018110196695898754,0.041699700882113874,0.15451883561218607,0.07903280639389734,0.010584827454449188,0.016167150828598473,0.1180578843774248,0.017903613482985657,0.020570955771531608,0.0065736849517399,0.009364079277462812,0.08888413527812998,0.04498963433208842,0.024493439157092827,0.049472804794191375,0.009369309188506734,0.005724670016526576,0.06279632487857671,3.855572679617766e-05,0.15546455943964277,0.020317580982966894,0.0321027947908437,0.15808306164181446,0.01289346660744076,0.0009170687359557853,0.0026318502981840953,0.08402376048832183,0.0005445297296609785,0.09027080737841793,0.00492672439687471,0.061833739830166295,0.022498942268968404,0.01978097842069423,0.0993274454257826,0.10310770851062336,0.019937788862391368,0.005594998151576657,0.00740935915221598
74.87437185929647,0.0749191015886703,0.026975763671359888,0.03486234991382909,0.16250175440702472,0.11982186513080174,0.05841818084249388,0.023466003478135704,0.004274517265132705,0.16111638757014668,0.00045336438167821447,0.0023579961369347194,0.032792099408047864,0.06514632352722817,0.05829852085327766,0.039964018009113395,7.636456678894926e-05,0.0017790128743910665,0.05766105636142601,0.03530246730362878,0.0029128985997838117,0.05509938222494314,0.011676758963647426,0.04672648667166818,0.021143817051322882,0.16720462805813435,0.013681161741646644,0.0780667008741026,0.06400501689872898,0.06412696038204001,0.011010023460957854,0.09672798031640055,0.03527581735095,0.057954561606578615,0.009010138362842686,0.016376564571570874,0.0024193317920688244,0.0011431598757509376,0.0013248767282904087,0.0003466225009625625,0.0022437522594902955,0.04111684314439071,0.06784033055526231,0.002461321974631639,0.0020289313840668646,0.006691903701153287,0.11967534804145134,0.022767543227139832,0.0015140509449623096,0.006206676253739324,0.0011136170310987036,0.024808449416748382,0.05079945025269886,0.03374149498187155,0.037356940284550576,0.08405425758896322,0.12494282332792565,0.1029513730185745,0.034585089576965315,0.08052596032697525,0.13554292953228822,0.13975707738371973,0.04134749270476117,0.04849821458980748,0.0013549788992501374,0.01466953024220977,0.0056077865688353564,0.11538636349051974,0.0016003915051800612,0.004900010620969107,0.018804114872736272,0.03269261665544492,0.12535116681071726,0.032124102306850325,0.12020974779171686,0.01833109909225937,0.040322001294894834,0.0003841204508199473,0.00802190592123963,0.0037070218797908196,0.010068472198956199,0.003182442506506343,0.010365580474377209,0.020114570189829317,0.025999147932782546,7.565425470402354e-06,0.02330445533631871,0.05581360479059566,0.10531647290783357,0.016232202015019175,0.0022442281227863935,0.002935366335064259,0.019738199069248133,0.0003206608578993932,0.00882365804677062,0.030958758336805066,0.03468609121035811,0.11973016696832149,0.027532049221475882,0.05208524037072043,0.000382865394832417,0.09826531568519395,0.13221592915808195,0.028810398279869375,0.010520072056046293,0.003568805609228917,1.9237419837842242e-05,0.06661275589672874,0.004458337820016821,0.043070350583857775,0.016785740306448894,0.013337536300718818,0.06793641162156389,0.01652087276316513,0.003136282886123359,0.0006030948780000037,0.0008762350497698037,0.13815678537114104,0.002583670936871449,0.001781981324058029,0.027186459853028144,0.16220599464073418,0.00019820488905987038,0.028706484854004843,0.038405192246656554,0.0004655117729978572,0.008630382012466332,0.0012744546070969458,0.111809263271016,0.13473298690915816,0.0005737747461880008,0.019635264188415005,0.004571737567398394,2.6006250635262727e-06,0.012638251740243574,0.06432255004499011,0.11304125195187871,0.19577434376760985,0.08482725257245503,0.11973109495589204,0.04097111596823319,0.0655456292494121,0.00018641534720900766,0.0052411610041620356,0.029339265041819926,0.0005148185987954261,0.0012305256477615862,0.0002450333654409645,0.05643927295913985,0.0002258274864048157,0.10443237982861153,0.017278032390068077,0.04593863633416973,0.09644417984805413,3.226521370321095e-05,0.043043550823673275,0.14122599919053863,0.001779499693168482,0.031835301638132675,0.053008872291902376,0.10278342899348386,0.0019128488040720214,0.04568198575448912,0.013821566364626262,0.037308568746199595,0.13749736976835583,0.08369369365831646,0.008318098735375215,0.013845799268545681,0.10840900962871089,0.014000657962737965,0.01589569414321703,0.004874303779938914,0.007053719337101526,0.07687337605387477,0.039746913718675704,0.020075355835474675,0.04145970996224401,0.006907930247513776,0.004155251626495778,0.04961371591748076,2.470526139082849e-05,0.1528269841801494,0.017157913776680803,0.026399367040768208,0.1472892472273562,0.010548390298113094,0.0005980782070734725,0.0018806620365168802,0.07576240125183564,0.0003830105888889764,0.07525849682763791,0.00423767069404897,0.0582396528877042,0.018735747252288302,0.014880884259433303,0.08559050371326833,0.08338441016651212,0.01591832031158496,0.003828579230584023,0.0050378624835644105
75.12562814070351,0.06335839404510345,0.021140715999072406,0.027387441565391954,0.15846319757005942,0.11508727214316603,0.045542515372097615,0.017892591861208427,0.0031130229963434847,0.14609126379082996,0.0002977202510312524,0.001874341774738797,0.028992984379944943,0.05771603891036424,0.06128477757493107,0.03384311913178277,3.85967460506179e-05,0.0013206799286956314,0.048150020666707025,0.029981960114701587,0.0021561625706276984,0.050526423669663374,0.010474189992861059,0.04136183146213092,0.016712978677062448,0.1598544880472786,0.01073554148028323,0.07391491849690503,0.05483588250685487,0.05194128104643073,0.009472450795069996,0.09325770633988263,0.026043307164507246,0.05030434829027652,0.007221681738370695,0.011577680384809868,0.0016568451254540895,0.0009060262538916655,0.0008502713729405739,0.0002789988119313376,0.001712022909219842,0.034509905469319216,0.06127408279427733,0.0020038713388030797,0.0013893651099450982,0.005497454256849947,0.11464542564152268,0.01794139715993878,0.0010124928483647296,0.004308298209559841,0.0008350530658283943,0.021860349160470326,0.03974112328932283,0.02882615023018721,0.03022938890284652,0.07542209189515156,0.12057432174135324,0.09635095004202383,0.0274632709116254,0.0709079998685949,0.13277551150689965,0.13434320144147915,0.03544257940891554,0.04182087499084651,0.0012379612633758666,0.011333704858093877,0.0041224766079434455,0.11343574762661952,0.0011261811092613636,0.0038194037287865358,0.013612445150693877,0.028739167114124574,0.11751325237761676,0.02761780347322712,0.11589956899981338,0.013929367283171701,0.03128361035628581,0.0002545953003324294,0.006259433430064017,0.0026851229224339307,0.008203707724811903,0.0024842081486823784,0.0073020229248684735,0.015885656344106366,0.023055020527090943,4.272748013186116e-06,0.01974653006338661,0.05078602650540865,0.09830979172898462,0.012161777266648573,0.0016313359370517494,0.002249942023080714,0.01581901396689829,0.00021323103919666366,0.00695224741181956,0.02662668422540764,0.027349614053100466,0.11167371332268695,0.020346205909513644,0.04092079617687893,0.0002353301846617778,0.08575930978496536,0.13890096853940762,0.024085999122270177,0.007473572441799863,0.0028170159025719082,1.0778444106786195e-05,0.05487430789521077,0.0034016061011968523,0.03720858729543627,0.013441505366967643,0.010177174344530925,0.06422695784631939,0.012703490088726043,0.0026689882251706,0.0004378160853065456,0.0005543839975518726,0.13296506674867378,0.0017817324235322165,0.0012071704880925159,0.022076270524682994,0.15208927118954638,0.00012568181876167753,0.023996440630028457,0.03137189746288249,0.00032513868559186696,0.006155001035324714,0.0009321149951199491,0.10173634673965848,0.12718670116176678,0.00043152788755987143,0.017235657755918173,0.0033908426614194425,1.6506780787009164e-06,0.009774216989898419,0.06356044607101013,0.10757754828640417,0.18807102778375234,0.07514805932026074,0.10666856427883943,0.036687266440555706,0.05629583512399062,0.00012158186360337695,0.004064306120309555,0.023717241401769527,0.0003627334676777282,0.0007985442960373127,0.0001605119862302628,0.04630928753360286,0.00013921810405580315,0.09970763272374494,0.013381076070085372,0.03774471003607029,0.08888511589351164,2.2814292669311863e-05,0.0387907922518432,0.13859045490446104,0.0012113182611624483,0.026550457813193176,0.044819065533669857,0.09714901354887034,0.0012941631622929222,0.03548187004324958,0.010409611146882297,0.0332293145372667,0.1202461340564013,0.08804450263035292,0.006504622555566563,0.011784935589166805,0.09849148608598333,0.010837945269839475,0.012171113614035141,0.003584545854117109,0.005265142565663617,0.06562005850911463,0.035041914997436606,0.016312981950272025,0.034384696103600114,0.005029058319006826,0.002980706983538696,0.03845706164048996,1.571495682516601e-05,0.14872582291277814,0.01439730616721473,0.02153464468619297,0.135494831093435,0.00856641888534713,0.00038535976290071303,0.0013308825870322128,0.06789226861980113,0.0002671980871309363,0.06161310844636866,0.0036354707827297183,0.05474486876704471,0.015474780410635026,0.011023847397799163,0.07265302729647223,0.06589719628922823,0.012603432871124549,0.0025750255305784595,0.0033664162914464656
75.37688442211055,0.05279045005066642,0.016363592966756064,0.021222800822025576,0.15283263987079593,0.10986945467689861,0.03475224582574472,0.013467145734366777,0.0022463263243183863,0.130246096499649,0.0001933245016861859,0.0014837354806546046,0.02554233543788628,0.050701741678653316,0.06420449469347908,0.02846669096436227,1.9050385233410658e-05,0.0009749632277639034,0.03978614241094978,0.025305935679755146,0.0015856465575477868,0.0461182324458899,0.009371631099779294,0.03638791206881761,0.013078577127744984,0.15080442512332967,0.008362372939460632,0.0695868840598386,0.04645104756258832,0.041413349656250355,0.008138601877644938,0.08963591214372707,0.018816504338315283,0.04329876637787665,0.005776815988537396,0.008050286815755738,0.0011239142175424172,0.0007162353135145341,0.0005380583011922081,0.00022497063462986332,0.0012966328369760321,0.028713922263609377,0.05503530768538168,0.0016170936367202412,0.0009396327937359507,0.004502318644733947,0.10897484192412102,0.013948577557245746,0.000668657222190039,0.0029469518456573247,0.0006224174666027172,0.019204034551924386,0.03050340267342961,0.024482005272272997,0.02415181002654993,0.06719033704600548,0.1154859764512169,0.08941363323047678,0.02145916539209543,0.06175663295723686,0.12884839672121357,0.12789286087682572,0.03014958494659607,0.035738310320678195,0.0011321860421647004,0.008667178356310453,0.0030109825678496472,0.11082420023980108,0.0007857712404656593,0.0029604925886409445,0.009677467110925892,0.02515557123151984,0.10928559946661753,0.023537723458627608,0.11114431432567999,0.010421921310137002,0.02383759817995444,0.0001673817727359957,0.004857057116148453,0.0019287696637880199,0.0066529385436980655,0.0019349491289584822,0.005068953502535452,0.012437209835303904,0.020338254481052122,2.3898498403254643e-06,0.01666001113981574,0.04597367674557366,0.09117162727212606,0.008981623431346534,0.0011758922652393283,0.0017228600513774811,0.01257447008582552,0.00014032459388270952,0.005429820603930236,0.022775923578363,0.021228395226932033,0.1031471326488404,0.014758644335366533,0.03162191781874339,0.00014269320750189815,0.07387332400485404,0.144496930683211,0.019932966475094654,0.005217143002665805,0.002229454898833679,5.9662579159238985e-06,0.04450311868956944,0.0025710954695380792,0.03191336409140307,0.010665297120966713,0.007676530335394254,0.06057847609067585,0.009641171692827225,0.002265963427002198,0.0003164799888705852,0.0003467403273215563,0.1268584641651534,0.0012148103190282274,0.0008077806207947992,0.017754545750714563,0.14073983672950932,7.908128611942952e-05,0.019925171391746953,0.02533932980217625,0.00022578526485140854,0.004337831351276015,0.000678565626231936,0.09145443227762556,0.1190122513906084,0.00032400950136587497,0.015150300654514535,0.0024967864053512,1.0494214581032704e-06,0.007480342983000575,0.06273270604922665,0.10165397951957683,0.17765101903667896,0.06595831823013117,0.09384457930952554,0.03269887004883374,0.04788154267786606,7.890027805594378e-05,0.003125320829814161,0.01900161748922985,0.00025494882493320515,0.0005117158150637124,0.00010426575633518238,0.037471547849482194,8.494429253894399e-05,0.0945769229699991,0.010258988110536691,0.030620516679142572,0.08143216044292054,1.6126930786456497e-05,0.034835207992109346,0.13487504111741794,0.0008163762092539536,0.02198806302004632,0.03760645508081966,0.09132876779205826,0.0008664448478235351,0.027076540453076406,0.007738250665883248,0.029458733193730713,0.10337160941275567,0.09201856469843914,0.005063447965664546,0.009970391717479082,0.08852259413200779,0.00830762827227682,0.009241352573256721,0.0026157610399018087,0.0038964337929378165,0.055295814420927104,0.030837789522332116,0.013142148255078196,0.028225736679254265,0.003616219628772619,0.002113986537095155,0.02926030986194368,9.927006212802537e-06,0.14327941996616725,0.01200582924267589,0.0174357372805057,0.12309092654192036,0.006906915417138369,0.00024542109367028475,0.0009331458319431613,0.06048564031521842,0.00018494138626903614,0.04954120234831773,0.0031095202821834565,0.05135850938239031,0.012679626150154517,0.008043405336805363,0.060747880283045876,0.050904874009461615,0.00990143529850569,0.0017029614523944021,0.0022123034648954625
75.62814070351759,0.043337166228673965,0.012514205126736124,0.016229621180307924,0.14580441031368255,0.10429389737069032,0.025959788609379874,0.010011567820476075,0.0016067302991159794,0.11417746144596301,0.0001241559246389889,0.0011702115965778212,0.022425796144082705,0.044162969816831724,0.0670508249046284,0.02379033242126771,9.18912030288206e-06,0.0007161639086898715,0.03254422806735762,0.02123573474294467,0.0011588983240358576,0.04190444964875016,0.008363218309399586,0.031818771720237546,0.01013606490494281,0.14038433411664744,0.0064695162530125335,0.06514674016892003,0.03890413952713535,0.03251556613626597,0.006983894532353958,0.08591012031985702,0.01330920317711794,0.03695935084891262,0.004614790399647921,0.005510095478538078,0.0007557121379198837,0.0005648063496716768,0.00033600108252692805,0.00018179318109945962,0.0009749068944391626,0.023695458097185016,0.04916773918155072,0.0012929089096449839,0.0006279441820058359,0.003676880646518137,0.10276461155647666,0.010700638250654936,0.0004362660132797067,0.001987094725293299,0.00046125704270754027,0.016823370828918712,0.022975264669807153,0.02067560356720352,0.01905262908585466,0.05944827571715247,0.1097958114660834,0.08227891172412444,0.01649753242051653,0.0532060635618677,0.12384473215830985,0.120576537266098,0.025453433367966526,0.030263390269246918,0.0010362239580265708,0.006563105243747016,0.002185866511721767,0.10759485108951186,0.0005438166674375927,0.0022823099608233316,0.0067594440506098695,0.021924363107523756,0.10085710375552699,0.01988920847625352,0.10601526371991993,0.007678407488163751,0.017841929480425487,0.000109204762090005,0.003750099252049772,0.0013748752481218224,0.005371147111667997,0.0015046768396083563,0.0034697973516072352,0.009658329534795444,0.017848092008415,1.3247303962720728e-06,0.014000036424376996,0.041404917203900306,0.08401697997327628,0.006539599629305407,0.0008408000028371221,0.0013187895485654627,0.009917146842593351,9.143092155452092e-05,0.004205090200614698,0.019379464232997374,0.016222350121326393,0.09434537308626804,0.010512293497161223,0.024050302905870263,8.540697065481693e-05,0.06281933167480008,0.1488380291273783,0.016331806938308997,0.003579370898419824,0.0017703803452332218,3.264197966867404e-06,0.03553745322289749,0.00192544253690773,0.02717822495598001,0.008385392430562147,0.005726872433250099,0.05701360204706845,0.007223403909894544,0.0019190786900500575,0.00022797528378102152,0.00021461839834468213,0.11999885071600275,0.0008193729701405239,0.0005341433940743128,0.014146125481568655,0.1285385216179711,4.941977513510492e-05,0.016436797372387846,0.020244472501508105,0.00015597181534350387,0.003023049007522951,0.0004919673078149218,0.08122278788557638,0.11041543826509825,0.0002429337525255589,0.013339405689354359,0.00182662930049322,6.684898021340774e-07,0.00566657142960793,0.06185111947387757,0.0953840070079676,0.1650070661410888,0.05737005041259516,0.08155085488734208,0.029004285463215755,0.04034184124678859,5.099431713649683e-05,0.0023834121847372135,0.01509305270521054,0.0001789239345783439,0.00032396185398101833,6.721206365418118e-05,0.029907980742290622,5.133152814706922e-05,0.08913058513604728,0.007789951366764864,0.024527693070260606,0.07417991853212622,1.140014064883006e-05,0.0311746190012041,0.1301728285700066,0.0005450324591942897,0.018088321940142857,0.031330501326338155,0.0854062993176818,0.0005745829914115728,0.020307722779804457,0.005678959687809381,0.025991830829368703,0.08737356110858985,0.09555578451443665,0.003925064954058842,0.008385498604381389,0.07870323117440191,0.006307813638970715,0.006963490069222631,0.0018950455665234884,0.002860338049348237,0.04600898157367473,0.027094360663390032,0.010497116890631944,0.022936267853528623,0.002569145738980599,0.0014830098057842468,0.021865564659446318,6.2297913330401755e-06,0.13664394291412602,0.009951191871545112,0.014020878561068394,0.11045077521847887,0.0055299709144365225,0.00015455087709122941,0.0006485551361839358,0.053591537601994955,0.00012704913434104492,0.039131005295688824,0.00265063937893207,0.04808711568231366,0.010308903543340948,0.005781434587079809,0.0500312236750198,0.038450835141297164,0.007722966869421817,0.0011078831930869983,0.001430849394481927
75.87939698492463,0.035054690299676755,0.009459024270626342,0.012253996780179226,0.13760912862949826,0.09847975434388212,0.01898693728474279,0.007355623439318214,0.001139650087161677,0.09842360166452643,7.887589741329547e-05,0.0009199899332055991,0.01962573687667642,0.03814116042260699,0.06981866616173817,0.019759962796731177,4.335113136597548e-06,0.0005237637774513169,0.026363901639203716,0.017724631289382703,0.0008420485991958937,0.0379082224147682,0.007443370659179773,0.02765925264012508,0.007783145428295797,0.12895959719733768,0.004973769909434332,0.06065621123721082,0.03221510743630153,0.02515045734803946,0.005986166306688834,0.0821223027644809,0.009219248883505142,0.031287687002658236,0.0036837044157175263,0.0037156170562946725,0.0005040227879317042,0.0004443365911880763,0.00020723474449173745,0.00014726873037890217,0.0007277941748316859,0.01940287870717354,0.04370110816268898,0.0010237473605857013,0.0004149011408365857,0.002995025009391913,0.09612716694127152,0.008101841960546264,0.0002813287138397297,0.001321276406568268,0.00033994829766133744,0.01470016314204377,0.016985222955364223,0.01736731982184521,0.014841196737302952,0.05225807044725133,0.10363006381372794,0.07508256526752632,0.01247773956945976,0.04535207150349252,0.1178832067598174,0.11258321180638199,0.02132796038628832,0.025393022937434333,0.0009488755302552478,0.004923208889519601,0.001577807360308858,0.10380485523697175,0.0003734614827204274,0.001750217560687619,0.004640642876548061,0.019026058779040764,0.09239939449343605,0.016665719374693185,0.10058136862105141,0.00557116020048615,0.013119788165596658,7.07369803440458e-05,0.002882682809153345,0.0009732256873689664,0.004317716376552427,0.001168809537524019,0.0023435904744641685,0.007443651337288616,0.015580940612351287,7.282633782150243e-07,0.011721593367336617,0.037101804793989446,0.07694815843695822,0.004695655195887618,0.0005965827203232768,0.001009734445474094,0.007762716751298703,5.9011125709693524e-05,0.0032303477817308755,0.01640559906253834,0.012207413654802586,0.08545680965668168,0.007355639241783004,0.0180150718712712,5.049223433785928e-05,0.0527446827564938,0.15179304946379893,0.013250553196214059,0.002413994838781018,0.0014114725753860988,1.7659230226295792e-06,0.02794695163129607,0.0014288329622572941,0.022984771745929933,0.006532931299845882,0.004227970609121019,0.053550884194948495,0.005343946817950014,0.0016211525641575421,0.000163781428276956,0.00013160590652316626,0.1125587212440059,0.0005470369460819506,0.00034918593845964144,0.011169987678289334,0.11586674143531758,3.0699698613866184e-05,0.013472774730452594,0.016004562460948914,0.00010723899232275476,0.0020845717728038794,0.0003554244395139829,0.0712729009317306,0.10159308558614133,0.00018191736983945016,0.01176709044550331,0.0013288436540592216,4.268016164018759e-07,0.004250120919354561,0.0609267345206812,0.08888185818429942,0.15071215056532453,0.049460287401857164,0.07001687241752692,0.02559928915273219,0.033680514445305364,3.2856061893341437e-05,0.001802859009860651,0.011889641697662939,0.00012550262703007136,0.00020272426506413288,4.302823343708277e-05,0.023552624550326594,3.0742016190303314e-05,0.08346051299131672,0.005861194144942432,0.0193999562091669,0.06720532964073642,8.06176816776043e-06,0.02780311463465307,0.12459954283982964,0.0003606481377910167,0.014785554613126218,0.025929468197002422,0.07945872853754073,0.0003777918484397218,0.014975464129263113,0.004115265374114394,0.022821846449528546,0.0726286684864208,0.09860439619126574,0.003030792234778109,0.007011922758564916,0.06921139340492448,0.004745607888560607,0.005211204233759329,0.0013636506880185819,0.0020839554354139893,0.03780948797113901,0.023770364352013185,0.008312947487882496,0.0184522360531212,0.0018039742237524398,0.001029566471178157,0.01605828879646535,3.885617617009285e-06,0.1290056784871387,0.008200051459869998,0.011205301406909937,0.0979131412384284,0.004397487035655803,9.627502723150366e-05,0.00044703612200460026,0.04723836095598716,8.666007281490789e-05,0.030369658321709264,0.0022508820576683567,0.04493517192709207,0.0083185790249048,0.00409464259005965,0.04058590297474761,0.028410024732211214,0.005984357512189601,0.0007093308355293757,0.0009114836541009759
76.13065326633165,0.027941601778546758,0.0070690287517096205,0.00913967492262243,0.12850103842607805,0.09253659554388488,0.013600529762963767,0.005344461868655744,0.0008019190093940152,0.08343691674908615,4.958210860850138e-05,0.0007213280174200617,0.017122329435334423,0.03266060722680214,0.07250410283941218,0.01631598790106037,2.0018775332285367e-06,0.00038161360690188687,0.0211605794182971,0.01472113419726658,0.0006084343687889953,0.034146449141427886,0.006606740546267067,0.023905857884535964,0.005923809897378393,0.11690860702235549,0.003801956375876603,0.05617298978676816,0.026374646592222967,0.0191733249777671,0.005125568145157156,0.07830890678952339,0.006256658761266404,0.026268781501296835,0.0029398632600375458,0.0024705196934230217,0.00033365847526812203,0.00034875890973334677,0.00012635329904708015,0.00011964117004033879,0.0005395207264134624,0.01577263107460002,0.03865253374740521,0.0008025237641596183,0.00027119326876515724,0.0024339547041522295,0.08918242313793699,0.00605558048377888,0.00017937957543921138,0.0008666507763071824,0.0002492404265690491,0.012815006983354152,0.012327991062668178,0.014513877996325078,0.011416091421913944,0.04565718163820647,0.09711819305282574,0.06795149325408306,0.009284267566391915,0.038253330530661295,0.11111221656738457,0.10411135608257883,0.017738627410183293,0.02111044129157015,0.0008691325327741184,0.003660002407330695,0.0011327045788256467,0.09952334133868447,0.00025459620437533306,0.0013352847629932276,0.003133068166753517,0.01643985691492314,0.08406250174568854,0.013850799413338867,0.0949089836830241,0.003981310328955078,0.00947978436712586,4.551078916472404e-05,0.0022074399345471097,0.0006846079138824546,0.0034565897216148234,0.000907406108368298,0.0015628874715628294,0.005696689920693991,0.013530678158775289,3.973452730081332e-07,0.00978089758118866,0.03308016658715232,0.0700534748276693,0.0033259143482708233,0.0004201953315948729,0.0007737207343667362,0.006032632886042646,3.774593203055404e-05,0.0024624613201320003,0.013819763892859214,0.009047990419455535,0.07665617199710673,0.005058407113050121,0.01329994616562438,2.9503966186113706e-05,0.04373509724782315,0.15327262550095083,0.01064812592923805,0.0016007380560204881,0.0011304635450288384,9.451084212470381e-07,0.021648445594464702,0.0010508408544464293,0.019305411169954198,0.005043602746805035,0.0030908127519966655,0.05020506257629958,0.003904885391488566,0.001365847572916047,0.00011744427870017979,8.004136738691875e-05,0.10471378598857693,0.00036172251622204697,0.0002257877835569981,0.008743968603831002,0.10308762928242118,1.8973562304377688e-05,0.010974406763427636,0.012525405288773965,7.342487629618433e-05,0.0014231364720447585,0.0002560167227770712,0.06179987306240327,0.09272663554216659,0.00013607183135716736,0.010401385901664277,0.0009620968002473483,2.7318074110123553e-07,0.0031571504289798218,0.05996975300322317,0.08225887984176454,0.13537492025297956,0.042273855680030406,0.05940800768247133,0.022477498678945492,0.027872787785300678,2.1124189160479262e-05,0.0013528784715969458,0.009291928047184402,8.806894288825121e-05,0.0001254511495823807,2.737778439552086e-05,0.018305559051496716,1.825826511823001e-05,0.07765738041923735,0.004371859277052596,0.01515167879967664,0.06056816128010134,5.705160703913363e-06,0.024711847821448966,0.11828883656410591,0.00023665021033362807,0.01201219693018488,0.021328122377620936,0.07355567530296339,0.00024653375705522825,0.010862584116203533,0.0029451960865705925,0.01994022961443116,0.059387022706315885,0.10112239059428905,0.0023317983145081955,0.005830426402594816,0.060197246113208584,0.0035387943308796462,0.0038761684116694626,0.0009750794245389527,0.0015076762738448905,0.030696780109973676,0.020825111547691476,0.006527338178806495,0.014698465229367453,0.0012523531872092452,0.0007077085219409588,0.011598402687539986,2.409758987958453e-06,0.1205720481254876,0.006719121289366194,0.008905773447259634,0.08576996774508938,0.00347396319201364,5.9346976281466704e-05,0.00030573834402303495,0.0414368718993655,5.871692907827133e-05,0.02316563931478558,0.0019033542811952746,0.04190558392148066,0.006663973702921515,0.002858167124947057,0.03242913239668238,0.020542068771659566,0.004609769318897625,0.0004471802515596848,0.0005723452828206473
76.38190954773869,0.021949664396844003,0.005225085278349392,0.006737478259092413,0.11874495068026673,0.08656213787761428,0.009544318034848643,0.0038427330316220514,0.000559995176171913,0.06956700459961916,3.0848447002807544e-05,0.0005643399479325023,0.014894447889612313,0.027729909136686555,0.0751037604776951,0.013396683900837935,9.056346297040112e-07,0.0002771676238304332,0.016835208728306777,0.012171781394063406,0.0004373204382070875,0.03063018567676771,0.005848167345229915,0.020547812041744606,0.004470945630360623,0.10460110583016723,0.002891154057200961,0.051749449070110656,0.021349354055488063,0.014412939242783149,0.004384423938364892,0.07450107253351375,0.0041617726162051305,0.021874453605270894,0.0023469381192685796,0.0016210057441984852,0.00021937502705102196,0.00027312664746176953,7.622969924318425e-05,9.750952760147112e-05,0.00039720122871668575,0.012734726302132108,0.03402811459740824,0.0006226394301417311,0.0001754620290305729,0.0019739465049760886,0.0820534431515553,0.004469349451549386,0.00011313916067347827,0.0005609333595450563,0.00018184436281118224,0.011148000937311048,0.008787245734640311,0.012070446381325112,0.00867219066810969,0.03966147028608488,0.09038811432271195,0.06099943426998339,0.006796088882821794,0.03193467498367943,0.10370220213477313,0.09535993514658703,0.014645031313712127,0.01738769332295283,0.0007961454747300989,0.0026977447788030253,0.0008089056994792248,0.09482875321750761,0.0001723675656483541,0.0010136128252171545,0.0020811562677020834,0.014144182797352689,0.07597233611727376,0.011420233753226443,0.08906186783793746,0.0028027053215987988,0.006732037231827495,2.9095951488049573e-05,0.0016848836632801622,0.00047892557813354066,0.0027562048281606307,0.0007044378134915435,0.0010297079607200512,0.004331726677642462,0.011688982717355667,2.1531900283416684e-07,0.008136399105216855,0.029349836764697653,0.06340666128715193,0.0023244953928989254,0.0002938880858603316,0.0005936406940926174,0.00465579635627687,2.3939991801118483e-05,0.001863391676120101,0.01158608853838124,0.006607348767909225,0.06809882150348454,0.003420510426558245,0.009684937247400188,1.7051008737005775e-05,0.03582114088500685,0.15323426156089556,0.008477607486554042,0.001043926481129532,0.000909950034254378,5.006131267952847e-07,0.016522277065381487,0.0007660712719489525,0.016105905434272757,0.0038587280928155175,0.0022388236668229857,0.04698740130667909,0.0028191202986016417,0.001147577732962414,8.412928634493902e-05,4.833626077130645e-05,0.09663598575836582,0.00023704261309681848,0.00014448256350607422,0.0067884239526935794,0.09052997814639642,1.1676466726081128e-05,0.008884740846229502,0.009708468315106187,5.0088512313222314e-05,0.0009624527471820293,0.00018396716331700873,0.05295713471222693,0.08397732787314167,0.0001016717717338681,0.009214089424195063,0.0006938350762106228,1.7532870788027856e-07,0.002323495382257668,0.05898944898043079,0.0756202563504557,0.11959587310601125,0.03582729709348201,0.04982800964573502,0.019630710270946154,0.02287220727280601,1.3565505686360148e-05,0.0010073508244534389,0.007206467009183074,6.188558277487932e-05,7.680869248083518e-05,1.7327091979998645e-05,0.014046005304286154,1.076069624325126e-05,0.07180808137316183,0.0032343299106427736,0.011685787314503536,0.05431209931450719,4.0419193791823055e-06,0.021889732029423847,0.1113868520374095,0.00015407428050954184,0.009701858339246866,0.01744419013901442,0.06775859304213164,0.0001598323323665776,0.007753814486443496,0.002082099256686401,0.017336630108301172,0.04777953838491172,0.10307855485906747,0.0017879447215394767,0.004821529584825143,0.051779975201873864,0.002616428534114515,0.002867826407288575,0.0006931185564028494,0.0010836839230116458,0.024629587932374797,0.01821965416486442,0.005081980810794764,0.011594121348628427,0.0008598663162972568,0.0004819212594086315,0.008244891024549257,1.4867088923256024e-06,0.11156196600186376,0.005476066529133969,0.007043835022484242,0.07425861239681443,0.002727012987749772,3.621419484216646e-05,0.0002075789578901028,0.03618328303452888,3.953717980643809e-05,0.017372898687725225,0.0016020469758949896,0.03900009365759002,0.005301407321295573,0.001966840248992602,0.025523244390907647,0.014542281527710579,0.003532312127758406,0.00027772945454143563,0.0003545550951813364
76.63316582914572,0.01699577091943762,0.0038211531534652235,0.004911535052506042,0.10860371350274797,0.08064091277763595,0.006564370203214492,0.0027360228517199956,0.00038822989733672156,0.05705443838739437,1.9002561374634978e-05,0.0004407966295015017,0.012920400636018412,0.023343800362530115,0.0776141147101266,0.010940818313587307,4.0172334591036866e-07,0.00020079445527100003,0.013282392760164966,0.01002339288156915,0.00031276114754319315,0.027365172644675216,0.005162639101006458,0.0175682638539134,0.003347733358790871,0.09237910297991517,0.0021883174337579882,0.04743170851300788,0.017087218902936505,0.010688855358582498,0.003747070351276531,0.07072498709976265,0.0027145667393968223,0.018066591428320015,0.0018750456595544895,0.0010504162655272805,0.00014333940706415238,0.0002134256431404057,4.555185219743957e-05,7.97575528685286e-05,0.0002904415249828624,0.010217241398842737,0.029824613125400207,0.00047800109404477824,0.00011244100300500396,0.001598072850950423,0.07486199163704073,0.0032582356417488125,7.06191819431295e-05,0.0003583715522617895,0.0001320718624490813,0.009679322883342415,0.006153164187031666,0.00999231547339104,0.006506312701735432,0.034268665470309836,0.08356191012183425,0.05432378687178402,0.004894378886704718,0.026391754719165814,0.0958368103783877,0.08652004106610257,0.012003150612586092,0.014188204999809183,0.0007291962414662079,0.0019724402846696553,0.000574717683835333,0.0898057765254888,0.00011594479309524947,0.0007656562690784937,0.001360857865667858,0.012117114226692875,0.0682298213319637,0.009344234092365808,0.08310133574794522,0.001943904760254983,0.004699692861024856,1.849205773558605e-05,0.0012825841645511696,0.00033344107234309345,0.0021892692509817347,0.0005471244087114887,0.0006706697934607676,0.003274538490893124,0.01004568544982481,1.1597030172479273e-07,0.0067494637135442626,0.025915039002273644,0.05706690441174804,0.001603594990986084,0.00020417773207584612,0.00045626638474856806,0.003569382817852832,1.506348475842871e-05,0.0014003200580705278,0.009668656289260665,0.004755535066719277,0.05991660030131754,0.002275518490385419,0.0069619240612880965,9.752782612372893e-06,0.028987029038476858,0.15168466280261425,0.006689223283374449,0.0006697449865917745,0.0007363947965324652,2.6256257547927407e-07,0.01242757993911428,0.0005536774459535058,0.013347655523861393,0.0029258529335840066,0.0016079327821803238,0.043906052164015726,0.0020115315485737554,0.0009614263108058038,6.025144111354434e-05,2.9016116656257758e-05,0.08848732221301095,0.00015404309891701664,9.154712146337707e-05,0.005228865226987261,0.0784758949531121,7.161043255438399e-06,0.007149923757514844,0.007456524201837672,3.406025715082159e-05,0.0006451278186291728,0.00013194732040594086,0.04485448435280792,0.07548300443686934,7.588966926810207e-05,0.008180519806418592,0.0004988363239720125,1.128505432661993e-07,0.0016946849119333612,0.057994100472001535,0.06906223350926943,0.10392869590346797,0.03011344791633315,0.04132486925477276,0.01704916664912692,0.018617169389317255,8.709649743752644e-06,0.0007444430447624434,0.005548110017788106,4.358683585597292e-05,4.655038764382782e-05,1.0916517736645473e-05,0.010643720501281232,6.297139921128372e-06,0.06599349622149353,0.0023743803115692354,0.008900611116052682,0.048466264854894685,2.867893006129004e-06,0.01932403961254464,0.10404640289453569,9.958634506176549e-05,0.007791506764197133,0.014193489059155805,0.06212041978286009,0.0001030525370996467,0.00544922873903995,0.0014542630829301774,0.014998940340279314,0.03783345289077802,0.10445308962807055,0.00136658510397717,0.003966062105412752,0.04404647354449921,0.001918638491432882,0.0021121166987397924,0.0004899679998115389,0.0007742766316121507,0.01953637573783658,0.015917542349240532,0.003923478620298801,0.009057173815444962,0.0005841182685219136,0.00032528304852316546,0.0057730969912192995,9.129491316721143e-07,0.10219618121376949,0.004440192661754348,0.005547878848880408,0.06355854282675501,0.0021276448354779253,2.188267920937914e-05,0.00013997733134148274,0.031462270983016606,2.647038826113857e-05,0.012813817596489835,0.0013416877595200326,0.03621961991116104,0.004189458642025435,0.001334726859659658,0.01978816550082501,0.01008480038808904,0.0026943533603801775,0.00017002272046195085,0.00021687013048931318
76.88442211055276,0.012973840997649762,0.002765712993397402,0.003542737740207483,0.09832699522038081,0.07484376364310545,0.0044269172579674025,0.0019303637513087269,0.0002672958606046637,0.046034212429666016,1.1593800114489485e-05,0.00034392002166195896,0.011178507438700828,0.019485246581997063,0.08003079524818137,0.008889575259339949,1.7488419613231736e-07,0.00014517917129494822,0.010396764478629958,0.008224790080964583,0.00022261963792678116,0.024352445218756073,0.004545265110694433,0.0149455647970066,0.002488084539910228,0.08054170762789402,0.0016494985751585884,0.04325905322763018,0.013523083771596205,0.007824681797794199,0.0031996877349494356,0.06700232730540508,0.0017370709467787475,0.014800158900811322,0.0014998272301584535,0.0006727385019444753,9.31283781175387e-05,0.00016641229782986578,2.698863436678828e-05,6.549669153773315e-05,0.00021095493269636205,0.008149786963873742,0.02603114456998837,0.00036304638631403036,7.141306619358756e-05,0.0012919108494416434,0.06772427040297524,0.002347023770656824,4.364108392992951e-05,0.00022607272669095571,9.552494496918732e-05,0.008389677632654583,0.004234396565444095,0.008236185495490144,0.0048213886191019895,0.029461926993489693,0.07675221923416925,0.04800362791199494,0.003468285874685006,0.021596501100398003,0.08770362563812205,0.07776767419543401,0.009767291427218267,0.011469293828499049,0.0006676751509171687,0.0014311733823044396,0.0004062718238207713,0.08454207319489136,7.752541367207385e-05,0.0005755759481039655,0.0008764657617796569,0.010336722336850533,0.06091142046157652,0.007589508936669604,0.07708644300491044,0.0013286276156536235,0.0032260751965825815,1.1688367763778673e-05,0.000974259683289193,0.00023122142598632658,0.0017324346059946199,0.00042534776724748144,0.0004320923317884013,0.0024622671893348345,0.008589140494761527,6.212606294428229e-08,0.0055847811497617755,0.022774890627685517,0.05107938186213085,0.0010923655879323153,0.0001409528513889079,0.0003514280551288891,0.0027190184825262925,9.408317984792535e-06,0.0010454835787876062,0.008032484342983336,0.003374741721035345,0.05221533127276631,0.0014901364156181555,0.004944428043229111,5.524790520291039e-06,0.023180618336893836,0.14867916742808823,0.005232888142147482,0.00042283953351333274,0.0005993042170093072,1.3641943778207203e-07,0.009215436526324962,0.0003968127416954901,0.010989676661803996,0.0021989502266939248,0.0011458385683327792,0.04096642997307911,0.0014190971702388749,0.000803072383034011,4.317617953972806e-05,1.73339002007291e-05,0.08041480098035456,9.933430254496698e-05,5.747084957748735e-05,0.003997668266716108,0.06715267814594486,4.380090441564962e-06,0.005720098593857602,0.005677798520666232,2.3097789445758e-05,0.00042880564272657843,9.451086734827317e-05,0.03755914804108415,0.06735646368272241,5.6586402732338164e-05,0.007279218094165456,0.00035784335772212476,7.285442301203246e-08,0.0012254437372869308,0.05699092652532907,0.06266994828572431,0.08885007126267838,0.02510625562220015,0.03389900036998934,0.014721772822224765,0.01503676625294429,5.5960872751212835e-06,0.0005461688291809734,0.004241227930020636,3.079717617225011e-05,2.793995222980817e-05,6.852111457442344e-06,0.007968187096806124,3.6612600848952122e-06,0.06028666591539261,0.0017305044865366067,0.00669546378603799,0.043046996081999626,2.038799950428109e-06,0.017000906177340975,0.09642112859325729,6.39400469160184e-05,0.006222896220979515,0.011493779239389065,0.05668550826004276,6.61450871408547e-05,0.0037723495030711324,0.0010037445028960982,0.012913414115873744,0.029492754014479792,0.10523779488143742,0.001041407937421179,0.0032456015697674883,0.03705177907312156,0.0013958880730512557,0.0015496088220838702,0.00034456130895868037,0.0005501866912388005,0.015325502224725479,0.013885258240213595,0.0030038817690354403,0.007007848271299524,0.00039273528201793934,0.00021775175399120234,0.00398509902221076,5.583212302291826e-07,0.09268820879392334,0.0035829392958135584,0.004354265453512894,0.05379201881503871,0.0016503471265541592,1.3098003629354659e-05,9.379666013346428e-05,0.027249779347248253,1.7630034939043692e-05,0.009298943793222192,0.0011176136577262543,0.033564520936545085,0.0032898533880875284,0.0008935196002029456,0.015114326413433013,0.006854884970174901,0.0020472408325568803,0.00010265766436766404,0.00013109616657119502
77.1356783919598,0.009765688495159278,0.0019818584840141816,0.0025299958799566364,0.08814198204057122,0.0692280302948281,0.002928877482577038,0.0013505111130641472,0.00018282407492982078,0.03654687415745306,7.009094350430075e-06,0.0002681814795869583,0.009647540285193667,0.016127690163778734,0.08234792446652026,0.007187878635907762,7.478661447941735e-08,0.00010481967012225273,0.008077654686956554,0.006728019951083414,0.00015774520616638,0.021588989539064813,0.003991260437749416,0.01265455602908078,0.0018363708006091128,0.0693346794921608,0.001238845026405643,0.03926368706701033,0.010583768663439349,0.005657252855199149,0.0027301299650080886,0.06335075054114936,0.0010910597881055055,0.012025876141740935,0.0012015797333783705,0.00042613721338560746,6.019557031080106e-05,0.0001294757420534817,1.5871383678269722e-05,5.402011371707084e-05,0.0001522073972825063,0.006465986786874099,0.022630802255232837,0.00027276690271087905,4.49802011662563e-05,0.001043253312800431,0.06074710472472774,0.0016711292024794236,2.671345882792096e-05,0.00014086178516584165,6.88334679898569e-05,0.00726062850403763,0.002864898300186963,0.006761103460645194,0.0035292491937971337,0.025213291954599096,0.07005943402413725,0.04209891455217526,0.0024187339712212425,0.017502869924182665,0.07948521858281303,0.06925804707273626,0.007891716022906848,0.009184526582461097,0.0006110617851191354,0.0010310326600954623,0.00028575298423729855,0.07912505182357625,5.155251816143549e-05,0.00043064482055161016,0.0005563168329326939,0.00878135266820528,0.054070741929909606,0.006121114484874152,0.07107410141356045,0.0008950676214892516,0.002178096954442285,7.350516117765214e-06,0.0007388624742938838,0.00015982024939786764,0.0013659147992708634,0.00033114673238202893,0.00027553736758884913,0.001842704963169074,0.0073066021617725066,3.312616686245375e-08,0.004610552542863688,0.019924000138799625,0.04547618312857369,0.0007350577418228958,9.672090416382216e-05,0.0002713434016497657,0.002058487412043235,5.836169854725569e-06,0.0007758108057088126,0.006644249516840001,0.0023623419193878076,0.04507391837709893,0.0009611413886160806,0.0034724844604960754,3.101818242617979e-06,0.01832357642243709,0.14431833288318374,0.004060238179895524,0.0002627947544199381,0.0004905630591875601,7.024884463277342e-08,0.006739295799524623,0.0002820646505468738,0.008990250101745385,0.0016383253363185571,0.000810781323110467,0.038171584170657386,0.0009902581032572419,0.0006687250167549782,3.0982742965332664e-05,1.0316136460789889e-05,0.07254667291166754,6.36026736358212e-05,3.576842186651974e-05,0.003034990522723287,0.05672902630487534,2.673954582932816e-06,0.004549927562266015,0.004288714151155152,1.562746237403768e-05,0.00028276323239959675,6.764108824865856e-05,0.03109932162035037,0.05968520013682133,4.2147761438128995e-05,0.0064916258479810985,0.0002563440650853637,4.7179311721776466e-08,0.0008788610259191831,0.05598602560479778,0.056515919822592235,0.0747398514616571,0.020765492390005018,0.027512669213152343,0.01263627790223183,0.012055744950962287,3.6015260793244373e-06,0.00039791803532820394,0.0032201036575116816,2.1849012093676856e-05,1.6616241752092735e-05,4.288423082779909e-06,0.005895430789393884,2.116207089055578e-06,0.054751425665603294,0.0012527308020490006,0.004974877694359007,0.03805975156063724,1.4528105217227544e-06,0.014905748899637866,0.08865996760481394,4.0805630158451035e-05,0.0049433735431850135,0.009267461774730734,0.05148979314753604,4.230727802151689e-05,0.002573814493581141,0.000684743971718186,0.011064868733581167,0.02264051802238847,0.1054358395634267,0.0007913748091399459,0.002642800835920867,0.03082106084267538,0.001007920412767146,0.0011333994617720284,0.00024112019597802756,0.00038901173365972133,0.01189435672523805,0.01209240315164462,0.00228090092767431,0.005371132560919665,0.00026145518272035605,0.00014465582681161284,0.002714327586223822,3.402572252032361e-07,0.08323636812495362,0.0028781990463876135,0.0034076875659810085,0.0450280379871235,0.0012730199627053534,7.768403490895253e-06,6.248639834754624e-05,0.023515526434557312,1.168746298135544e-05,0.006642376465063512,0.0009256655643301982,0.031034781108316756,0.002568014178300833,0.00059029095417443,0.011374892552389198,0.004569865953229708,0.001550635984726937,6.117056098891267e-05,7.838736123008117e-05
77.38693467336682,0.007250189654733612,0.0014064684333201048,0.0017898840287163043,0.07824637421084048,0.06383826179320155,0.001902189145096726,0.0009375554687872943,0.0001242636011220743,0.028554856184134933,4.200807611808569e-06,0.00020911160438345403,0.008307048874691607,0.013237331326353475,0.0845575277606365,0.005785216917510023,3.144528501442112e-08,7.561305093076177e-05,0.006232221956599367,0.005489143157096976,0.00011129861941481773,0.019068414063554893,0.0034959419516637476,0.010667801257222276,0.0013466759066238926,0.05894494069514402,0.000927508299357978,0.035470781742148585,0.008192618141705826,0.004042103925086443,0.0023277586683901033,0.05978440112853383,0.0006730114005923242,0.00969252788729772,0.0009644681216630353,0.00026715451751317936,3.8727906379341295e-05,0.00010052173773042386,9.274480578412155e-06,4.476579102290557e-05,0.00010910011463957806,0.005105081089570026,0.019602168604059476,0.00020272206826782527,2.8115051954700637e-05,0.0008418319182650819,0.054024799891360845,0.0011766136322340823,1.620432929757501e-05,8.671798789765549e-05,4.943698939707407e-05,0.006274827872311021,0.001906528579584665,0.005529096467826472,0.0025521958571728294,0.02148685281666066,0.06356976720095625,0.03665076232774522,0.001660431727199583,0.014052413122035456,0.0713511812920439,0.0611216223812652,0.0063319529206013365,0.007285835916777406,0.0005589090471138711,0.0007378279878422205,0.000199969323737976,0.0736388832624246,3.411104494246468e-05,0.00032071731537263744,0.0003482047528957067,0.007429863837654866,0.04774089778708458,0.004904018020977273,0.06511904309071925,0.0005944762783596241,0.0014467776355002995,4.601028203466577e-06,0.0005597137395523623,0.00011019675470020206,0.0010730827884084713,0.0002582907004711749,0.00017401364312159568,0.0013732289157218616,0.006184597448054035,1.759300723949481e-08,0.0037985065680433646,0.01735312731497721,0.04027750260409177,0.0004888122069111771,6.599161682051648e-05,0.00021007890304091198,0.0015491301030735739,3.597689391463358e-06,0.0005724372025058964,0.005472790683122138,0.001631985741261633,0.038544889581114544,0.000610996916524175,0.002413778798558799,1.7271825521850987e-06,0.014320926857492706,0.1387419811904129,0.003126126756698808,0.00016083927936343033,0.0004039038029916636,3.587004925355359e-08,0.004862470863273752,0.00019890562931784182,0.007308254358870855,0.0012103019663059096,0.0005700781850831506,0.03552255460820781,0.0006837991446140519,0.0005550641256436405,2.228041311390008e-05,6.122934399141463e-06,0.06499004274043578,4.0462120210689886e-05,2.208474019890484e-05,0.0022890528048037317,0.04731531016687225,1.6303912796708057e-06,0.0035988198702374143,0.0032154186352738525,1.0552807273232721e-05,0.00018506204276542396,4.839570896517044e-05,0.025469518168239797,0.05253230442989535,3.1358012003978974e-05,0.005801762566724919,0.0001835277911516352,3.064944224715608e-08,0.0006253784208728473,0.054984315322808716,0.0506592117988968,0.06187202327280307,0.017041113688723887,0.02209972526812588,0.010779439821672598,0.0095984960839091,2.3237575240401982e-06,0.0002879832212388895,0.0024287155900093093,1.5576722373121255e-05,9.796355622535093e-06,2.6782618775973356e-06,0.0043125671953586,1.2166799463799508e-06,0.049441518907827164,0.0009011714906698089,0.0036515301322565144,0.03350101614193413,1.03813809769429e-06,0.013023608543604721,0.08090225587872794,2.5901649442017693e-05,0.0039062029186466988,0.00744329758046691,0.04656115191616391,2.6992118156417235e-05,0.0017317007717413306,0.0004617929923795616,0.009436962960623447,0.017120629620670177,0.105061151666249,0.0005997800880226974,0.0021416133710214316,0.02535285588126612,0.0007225508844289374,0.0008270082135379605,0.00016795104461981653,0.0002738224035147227,0.00913700592113333,0.010511704262293572,0.001717861034577855,0.00407844068068422,0.00017241185597782348,9.542231881693036e-05,0.0018259115890679996,2.0677867035456436e-07,0.07401732403734845,0.002302485438371891,0.0026609895917121635,0.03728868358485073,0.000976793946067928,4.566879791138623e-06,4.1406029096318036e-05,0.0202251726497512,7.716232936792468e-06,0.004672495033447808,0.0007621039057880949,0.028630127904465986,0.001993321758609563,0.0003849964254089586,0.008436472073866781,0.0029899878638611197,0.0011716224963106538,3.599489989738027e-05,4.640500960112051e-05
77.63819095477388,0.005310403895121831,0.0009888193192349533,0.0012552408084716034,0.0688038412015597,0.058707300262353435,0.00121352724472561,0.0006462993013241064,8.395534999995106e-05,0.021961431790464243,2.4973335543431853e-06,0.00016312651364479684,0.007137591269725221,0.010775341493325393,0.08664904981228388,0.004636071667784049,1.3012508709712587e-08,5.452312610612253e-05,0.004777281796089784,0.0044686570227531084,7.820934412668503e-05,0.01678160900541657,0.0030547344075607216,0.008956713482689371,0.0009817654316499915,0.04949978055885156,0.0006925587685930095,0.03189877305626011,0.00627331144897178,0.002855909305515341,0.0019832854299719,0.05631440710263348,0.0004079220008822929,0.007748881120661776,0.0007758333632926271,0.00016586584128272874,2.481156298163796e-05,7.787577628347223e-05,5.39140255400149e-06,3.7286929334996214e-05,7.76932925281042e-05,0.004012800669987435,0.016920677782787465,0.000149039570723215,1.74507990019771e-05,0.0006790588630107088,0.04763682009834638,0.0008195498053909713,9.745621598686429e-06,5.276443276858639e-05,3.540616334815261e-05,0.0054161626613236655,0.0012485301492500141,0.004505550131220726,0.001823574060268154,0.018241568464915148,0.05735418301179207,0.031682622384618726,0.0011223929253129147,0.01117934120092739,0.0634516690726119,0.053461932520705545,0.005045800718801056,0.005725335089352254,0.0005108299703039696,0.0005247534001784578,0.00013922122204291487,0.06816193199603342,2.2470666828000888e-05,0.00023776596300130045,0.000215050761107486,0.006261833950637707,0.04193730608086462,0.003904340815806993,0.059273581986400925,0.00038935771913242066,0.000945759661463321,2.8677510713089023e-06,0.0004237200176533301,7.585373280504964e-05,0.0008400706522824208,0.00020192568548845174,0.00010890530821843584,0.00101956851292357,0.005209281203305096,9.312664506570239e-09,0.003123789146821855,0.015049875047564472,0.035493004677068764,0.0003213890994716713,4.4783693138613286e-05,0.00016312308868989252,0.001159064833218521,2.2052344585870793e-06,0.0004201649774731765,0.004489422559083568,0.0011132368913116411,0.032656146555818194,0.00038306421819472907,0.0016622367212673495,9.545360190584013e-07,0.011069406799687712,0.13212122535648888,0.002389610181868929,9.697750138536276e-05,0.0003344880826172213,1.817055683664625e-08,0.0034628736004103607,0.00013918431184449797,0.005904192885080471,0.0008867566989113668,0.0003986093056744607,0.03301870310526817,0.0004674748465045933,0.00045918726038412746,1.606813723620335e-05,3.627954111749484e-06,0.05782980671517155,2.5591485701142533e-05,1.3537264908610638e-05,0.0017159433036575663,0.038967331814510286,9.93523408496651e-07,0.002830935378995362,0.002394329947070661,7.114703303734145e-06,0.00012025794746185302,3.4632376527328505e-05,0.020636998527581964,0.045938268414171,2.3302869722488376e-05,0.005195916243223308,0.0001314223580004788,1.9975283792521774e-08,0.00044171571624496787,0.05398947728965932,0.045145234317390835,0.05041558468054616,0.013877097495862854,0.017574870048553886,0.009137187279609832,0.007592077913331715,1.504393582298039e-06,0.00020710490208043837,0.0018201087808095461,1.1168160602940972e-05,5.728572714328553e-06,1.6704603889707025e-06,0.003120358857894208,6.961933129040542e-07,0.04440018285123287,0.0006444933757695979,0.0026479880099877767,0.029360118086025375,7.442207068884372e-07,0.011339425591137268,0.07327369182668007,1.6364359310834844e-05,0.0030705366456656637,0.005957335635116796,0.04191991647312958,1.7194077922363466e-05,0.001149610142201975,0.0003079456786146494,0.008012532683556717,0.01275704147820194,0.10413748264865302,0.00045343984471742224,0.00172742856982778,0.020623200525198858,0.0005144337740755272,0.0006024227535177605,0.00011646960047510905,0.0001919732029418784,0.00695013707180835,0.00911889540416773,0.0012834563093290388,0.0030685626771829234,0.00011266507002487207,6.254239010650466e-05,0.0012142420183535205,1.253977748730397e-07,0.06518138017789098,0.0018349758588264717,0.0020746245147732012,0.03055697971382123,0.0007457727440299231,2.662012228874342e-06,2.7304301143088573e-05,0.01734213408425052,5.076418823676536e-06,0.0032383560939327903,0.0006235438936230846,0.02635008891515175,0.0015391440002277678,0.00024801078897544217,0.00616777236428368,0.0019213630412471985,0.00088371863740336,2.09305653254544e-05,2.7223658068177882e-05
77.8894472361809,0.003838582407314205,0.0006889247465278978,0.0008731850101057908,0.05994188967857908,0.05385759225903429,0.0007610407381594504,0.00044269170568897453,5.6398203481641006e-05,0.016629971230368357,1.4735250365216231e-06,0.00012737326384479667,0.006120888470838369,0.008699919680665785,0.08860900735302217,0.0037000430474765263,5.304710001352263e-09,3.931808734512843e-05,0.0036400994598256914,0.0036316275294186553,5.474615053368842e-05,0.014717372245077624,0.0026631843831243255,0.007492537299476563,0.000711928388308209,0.041070080372525776,0.000515969585769005,0.028559849329800987,0.0047528539434109115,0.0019966424568397183,0.0016886241427302552,0.052949349161085936,0.0002430853894139436,0.006145214238428219,0.000625598624979731,0.00010204309189655197,1.5835478421648577e-05,6.020284220341282e-05,3.1214802262861376e-06,3.122834832810983e-05,5.497115262212731e-05,0.003141670385483677,0.014559809815343302,0.00010840073704081253,1.0763073818271188e-05,0.0005477906061598142,0.04164636584269351,0.0005649797364495897,5.814120026514931e-06,3.1742466414648584e-05,2.5298548486969416e-05,0.0046698305085351955,0.0008049962990328361,0.0036593800740516626,0.0012875841318796424,0.01543365583306725,0.05146813120732985,0.027202139882435573,0.0007473415780558822,0.008814855225369202,0.05591277936276624,0.04635508203313058,0.003994048009236478,0.004456795593225887,0.0004664868714809702,0.00037110064580112137,9.642210918856191e-05,0.06276472226810652,1.4745459525721437e-05,0.00017548411315520564,0.00013113452077702554,0.005257739234277701,0.03666067128096488,0.0030902777450613657,0.05358715603349788,0.00025154463803099135,0.0006086324974833756,1.7805436690051466e-06,0.00032068690408264684,5.2166418071255195e-05,0.00065538960119717,0.00015828468843063898,6.758416116170838e-05,0.0007545405601163227,0.004366762137880136,4.9165153179737195e-09,0.0025647654858634746,0.012999383832692498,0.031123275102445717,0.00020902798045629106,3.0238153524175812e-05,0.00012705230542182734,0.0008623330101621102,1.3448716707605115e-06,0.00030691577111858836,0.003668095669492929,0.0007502324569158997,0.027413637810648112,0.00023702305772456539,0.0011351131555205375,5.239513757655713e-07,0.008464313713751302,0.12464915381234125,0.0018144826282817821,5.762766655836364e-05,0.00027857948403270095,9.136168377639353e-09,0.0024353743465995613,9.667106208140483e-05,0.004740944768744182,0.0006445594891109916,0.00027738235741846105,0.030658015355116704,0.0003165588542441203,0.0003785617504874589,1.1628837467493442e-05,2.1480116063211127e-06,0.051128790967762516,1.6102352795525408e-05,8.243941767616083e-06,0.001279090843092982,0.03169277919947381,6.054415986474886e-07,0.0022150246361417,0.001771948598656251,4.790531965701829e-06,7.761925800877816e-05,2.4799312704367914e-05,0.01654860138680044,0.03992343380575713,1.7295496421908076e-05,0.004662355247337386,9.420012133944766e-05,1.3061134622167231e-08,0.0003098197184858431,0.053003913794795306,0.040006118138755944,0.04044348815720101,0.011214676876186052,0.01384191504748568,0.007694789530379591,0.005968347924891704,9.780004943460505e-07,0.0001480510000508698,0.001355518162867199,8.058687423082458e-06,3.324382155321737e-06,1.0413262967013913e-06,0.002234164247927884,3.966962331108958e-07,0.0396601710648477,0.00045843811504658416,0.0018974560007176309,0.025620893618440783,5.354681503550314e-07,0.009838260685614083,0.06588332649827104,1.0298132134448227e-05,0.0024011430086900904,0.00475323492179287,0.0375794951298308,1.0945725333019822e-05,0.0007534797047769537,0.00020309897921473892,0.006773959605524211,0.009369468780274162,0.10269721218413291,0.0003420064553164056,0.0013871310564808677,0.016590277799093146,0.00036388658039490787,0.0004383735248959474,8.04281950715296e-05,0.00013411776802468357,0.005237293226384507,0.007892515613466612,0.0009513637866456456,0.0022880364435729737,7.29875862743275e-05,4.0755234951778104e-05,0.0007990277233367213,7.594355798546912e-08,0.05684962209448387,0.0014574557897655822,0.0016158982983290715,0.02478541452830387,0.0005667309430797731,1.5390385170765325e-06,1.7926471404323706e-05,0.014829051993866218,3.3298752174449475e-06,0.002212479140417939,0.0005069079212365296,0.024194000617025656,0.0011826899605369154,0.00015787716603541567,0.004445986433659782,0.0012135369640073645,0.0006658861198338894,1.203564745226678e-05,1.584132954551275e-05
78.14070351758794,0.002739218956847801,0.0004758120741889363,0.0006029056186634643,0.051751925428857495,0.0493026060322182,0.00046954300867996614,0.00030149846054073037,3.7679795343112255e-05,0.012401665835243362,8.635079123210392e-07,9.959539606871314e-05,0.005239919108015198,0.0069681215287544646,0.09042080489183606,0.002941753142270111,2.1324722479092837e-09,2.8366854157484406e-05,0.002758406607465382,0.002947602017452314,3.818236634291158e-05,0.012862985405452653,0.0023169795493071426,0.006247163403765644,0.0005138043416111528,0.03367662002829077,0.00038370558881827693,0.025460576068453974,0.003563740477539411,0.0013821971205878198,0.0014367546103253373,0.04969568940742522,0.00014250206737510132,0.0048344764010147335,0.0005057693369358943,6.224045390840442e-05,1.0071971066789952e-05,4.644143779700985e-05,1.802130907906877e-06,2.6307647913765693e-05,3.864590260664059e-05,0.00245089399960861,0.012492107523436116,7.801149604146262e-05,6.6006465801606025e-06,0.00044211527933151563,0.03609985057495285,0.0003856705842929111,3.442552287763059e-06,1.88871412168711e-05,1.8043725089317466e-05,0.004022361273210215,0.0005112775354276621,0.0029630413473684713,0.0008985569038933172,0.013018546666263476,0.04595197877374387,0.023203461916192533,0.0004903784714861821,0.006890636609480298,0.04883389390243454,0.039850718574365875,0.0031409392500203743,0.00343677699893579,0.000425582492074492,0.000261088134789089,6.6424731619747e-05,0.05750850104661632,9.644410662965437e-06,0.00012895053631923825,7.900330464459398e-05,0.00439910552914758,0.03189993132878303,0.0024327143073962676,0.04810566895704834,0.00016034525699981002,0.0003857217164436229,1.1016970691969163e-06,0.00024273407529137178,3.5870715959907985e-05,0.0005095800747977238,0.00012445353280659763,4.161431520279754e-05,0.0005568423955116298,0.00364338998841474,2.590391119784365e-09,0.0021027667385198094,0.0111850031968198,0.027161288490214295,0.00013455243655829483,2.032067315388171e-05,9.927139912350759e-05,0.0006380413885651864,8.165152974799273e-07,0.00022320968132574225,0.002985435363493254,0.0004997935143283457,0.022804653958130774,0.00014484938182786437,0.0007694022163271656,2.858557408998395e-07,0.006404727626437905,0.1165309268120987,0.0013694396644396828,3.3764269060828946e-05,0.00023328954451119245,4.561809080371162e-09,0.0016922947472542923,6.66642448086223e-05,0.003784271010965821,0.0004649677453465385,0.00019225012675227693,0.028437370410692733,0.0002124436527833217,0.00031098172657634786,8.45083659215049e-06,1.2719430222434187e-06,0.0449288966892363,1.0085537542273842e-05,4.991551296223728e-06,0.0009485349332380042,0.025459474202418935,3.6915712690727134e-07,0.001724155693052412,0.0013041691855155597,3.222249212895449e-06,4.9777222974022216e-05,1.7777546989618025e-05,0.013137390771414065,0.034490836412612975,1.2820336404989361e-05,0.004191065638062127,6.763286707912025e-05,8.568408618893391e-09,0.00021589246884543855,0.05202872475651555,0.03526156757681263,0.031947256442271664,0.008994941348676344,0.010800695632947227,0.00643704016421186,0.004665314897470678,6.389054173618495e-07,0.00010524020806660694,0.0010033727021522916,5.856202572766809e-06,1.915572129248098e-06,6.492876847361169e-07,0.0015836907907390949,2.2521397126906276e-07,0.035244158022507265,0.0003244712187473852,0.0013437414378966509,0.02226316043031398,3.868372531916065e-07,0.008505468808806394,0.058821648120472796,6.460262585657061e-06,0.0018679816879975015,0.0037821465420640977,0.03354706811272431,6.969862988469762e-06,0.0004878714661658348,0.00013251172638502172,0.005703546275365353,0.006785088590779301,0.10077996594665659,0.0002573987421289235,0.0011090986289275938,0.013199215492914758,0.00025582294800015587,0.00031886837745860206,5.531505369512134e-05,9.341407809209832e-05,0.003911549168903904,0.006813659429111874,0.0006997665870174227,0.0016910744271215904,4.689614334287825e-05,2.6421169995695512e-05,0.0005208095077523879,4.596850100243145e-08,0.04911286392108385,0.0011541892843916495,0.0012581173707346168,0.019904411782441588,0.00042879283814031805,8.828585129114148e-07,1.1723536261220006e-05,0.01264894342047296,2.1790511354050638e-06,0.0014909185207249557,0.00040939211244013306,0.022160981589525303,0.0009047424486535726,9.936447717006065e-05,0.003160957986112813,0.000753957271365285,0.0005015968634246062,6.848980859176052e-06,9.151652766958347e-06
78.39195979899498,0.001930441282201803,0.00032587732466376427,0.0004134751546277914,0.04429116312792717,0.045048258491895074,0.00028524909002622227,0.0002042955062453356,2.504314506983989e-05,0.009110489300092724,5.029437983979055e-07,7.801825869989042e-05,0.0044789676251741515,0.005537412049353141,0.09206473492455113,0.0023305943801665233,8.461668648714553e-10,2.0483202270962976e-05,0.002079877384217043,0.0023903673715853146,2.6538284673751066e-05,0.011204728883654902,0.002011970714720809,0.005193766415750712,0.00036927282710624414,0.027298411381498754,0.0002849332097635634,0.022602603969499317,0.002645341344012479,0.0009481086716063383,0.001221597763450115,0.04655815241654819,8.222883743149264e-05,0.0037731076809492583,0.0004100187433830765,3.765604724674275e-05,6.386256938929944e-06,3.5749662923606396e-05,1.0387426501005096e-06,2.230021478719289e-05,2.6996998491942984e-05,0.0019059549331200325,0.010690016814596469,5.556127649097816e-05,4.027613756242038e-06,0.0003571639434444665,0.031027210503034506,0.00026082404221186947,2.0241070222889603e-06,1.111950954184577e-05,1.2852896862582527e-05,0.003461597011367682,0.0003200565012347118,0.002392416261884744,0.0006198964247483488,0.01095242189490228,0.04083200611917093,0.01966977322336304,0.0003172471138955277,0.005341475429064966,0.042286919122314866,0.03397418056270409,0.002454421335327931,0.0026254198753828937,0.0003878528166856007,0.0001828385555910257,4.551090189179186e-05,0.05244440516297511,6.291125605772746e-06,9.435002278746961e-05,4.7055841008211784e-05,0.0036686312185615737,0.02763501797074277,0.00190557783397608,0.04287068382254232,0.00010087892298637654,0.00024082145475255902,6.795826600945063e-07,0.0001838076806389966,2.467998040155995e-05,0.00039489716196695413,9.818348831153805e-05,2.5440188833762402e-05,0.00040995779083001017,0.003025997079765918,1.362895469385324e-09,0.0017218070905640535,0.009588918705433208,0.023593836951310534,8.577006270405637e-05,1.3596100179820199e-05,7.781408798078601e-05,0.0004695495785029649,4.93820531898185e-07,0.00016169140802651708,0.0024206894891803457,0.00032932759202687286,0.018801451830747683,8.749533660420565e-05,0.0005181485565436534,1.5512135885063544e-07,0.00479716141009237,0.10797403289141753,0.001027957398562507,1.951377283278474e-05,0.00019638162474500096,2.263106299842696e-09,0.0011625691663701273,4.5657942336759e-05,0.00300311196663916,0.00033301235237007804,0.0001328154569975328,0.026352777100713203,0.0001413709925919476,0.0002545296236700593,6.170084145554102e-06,7.538844561791726e-07,0.039253019227904536,6.291987800674439e-06,3.007284083898482e-06,0.0007000963437960616,0.020204506371453917,2.2532522569281814e-07,0.0013353685353703485,0.000955292369710153,2.165586677892838e-06,3.1727408726935994e-05,1.2763251325593998e-05,0.010328678174964426,0.029629225713591462,9.490650417065358e-06,0.003773515260508392,4.8672028346084626e-05,5.639769655342269e-09,0.00014953076381010546,0.051063713690045295,0.030920081916663074,0.024854742401312302,0.007160829230364926,0.00835250041334711,0.005348456326908554,0.0036278453133688237,4.196971295347458e-07,7.441399873066556e-05,0.0007382754442405767,4.288486927984857e-06,1.096625457349828e-06,4.052377799096935e-07,0.0011119424357133813,1.274590847807116e-07,0.031165456282216966,0.00022860079849616624,0.0009406523553127205,0.019263983074383675,2.807065867981489e-07,0.007326835482141312,0.05215974395758712,4.043337197990007e-06,0.0014456966589058257,0.0030022978368851767,0.029824324324049804,4.443179376191069e-06,0.00031226954961377203,8.555157761354778e-05,0.0047838724017852515,0.004846350513606561,0.09843112064471768,0.0001933343291620267,0.0008831531010904984,0.010386712430907106,0.0001788199442826391,0.00023198503208606,3.789497943131596e-05,6.489676768344455e-05,0.002896871572898529,0.005865704739083167,0.0005108305682359186,0.001239167958016059,2.9898563887246562e-05,1.705120578862209e-05,0.00033658051560167285,2.7833503803886194e-08,0.04203223002281371,0.0009117383151656213,0.0009797223725620241,0.01583019041123711,0.0003231118830183239,5.026858967268132e-07,7.64051495903749e-06,0.010766067443133192,1.423384710503275e-06,0.00099152179931137,0.0003284437713560205,0.020249882829534792,0.0006893156724771532,6.186577823847296e-05,0.00221737336402374,0.00046116142386549855,0.0003779935779165008,3.859949773385728e-06,5.253707172326509e-06
78.643216080402,0.0013441127002027258,0.00022140230758539543,0.00028184203873056317,0.03758596047021186,0.041094281426493816,0.00017078535370525347,0.00013781060664193892,1.6562093230955638e-05,0.0065947693275111505,2.913790930201541e-07,6.125285765687013e-05,0.0038236366449503427,0.004366915453449853,0.09351817804448267,0.0018403772522984708,3.317509135793631e-10,1.4807928754809243e-05,0.0015612635206289761,0.0019376090777243643,1.8385220408900218e-05,0.009728329335917303,0.0017441942841991632,0.004307269652976757,0.0002644513437335115,0.021882020753188628,0.00021135344714046312,0.01998341338059273,0.001944605664528842,0.0006448784665308126,0.0010379023491553108,0.0435400550913161,4.673407203015976e-05,0.002921558780204353,0.0003333486301684744,2.2607948132222984e-05,4.037874375675012e-06,2.7461378424974696e-05,5.984950295211476e-07,1.902730126384339e-05,1.8741336781079958e-05,0.001478044400290198,0.009126557845244266,3.917322728591891e-05,2.4467994377602815e-06,0.0002889449274365944,0.026442928969237528,0.00017484708439277665,1.1824572523141123e-06,6.480020290683382e-06,9.148592386075382e-06,0.0029766417485344357,0.0001975841856012962,0.0019266160266795725,0.0004228572694532185,0.009193355675592181,0.03612182108134851,0.016575865456188388,0.0002024705737657371,0.004107088263513137,0.036317202778212536,0.028729491465138018,0.0019062080641574462,0.001986929974338964,0.0003530612957030438,0.0001275155788891282,3.100885117079434e-05,0.04761319312595435,4.095261851635925e-06,6.874335520148792e-05,2.7727726141595323e-05,0.0030502796258462593,0.02383933171605392,0.0014859687466257715,0.03791854666238988,6.265874574504824e-05,0.00014817814702415352,4.180835604051954e-07,0.00013928144789025009,1.7002596516541533e-05,0.00030503304320095824,7.774265490925606e-05,1.5451210708153404e-05,0.0003012023327206865,0.0025020907729202753,7.164785802415965e-10,0.0014082910225439343,0.00819271818317104,0.020402878867392775,5.417423215386499e-05,9.0601169393825e-06,6.119026622746674e-05,0.00034373165128602685,2.9768664187133586e-07,0.00011671423707608892,0.0019556103464712774,0.00021476715887205685,0.015364943099734008,5.228108164237903e-05,0.0003470233421653509,8.378642215476421e-08,0.003557807298387503,0.09917937173454489,0.0007679719745450362,1.1129590079775085e-05,0.00016612005361237177,1.1160508058585246e-09,0.0007900690509524257,3.106796117184118e-05,0.0023697122386865457,0.0002369051131294123,9.152932637070163e-05,0.024399578340201736,9.33348369093913e-05,0.00020754180572852453,4.528078988809242e-06,4.475696959332065e-07,0.03410749523635374,3.9121223370842275e-06,1.8042712366321414e-06,0.0005145270172174665,0.015843427922576543,1.3774036746136103e-07,0.001029289407885378,0.0006968978324250362,1.4544869803531742e-06,2.0105366457672873e-05,9.1807810528761e-06,0.008045129464421038,0.0253160758874919,7.016494869266149e-06,0.0034024442608783815,3.5130817814768065e-05,3.7245430669324804e-09,0.00010299029327588463,0.05010743035180389,0.026980428927617667,0.019048715708401887,0.005658564672822531,0.006404031169090544,0.004413490439817582,0.002807862578118925,2.773867911201743e-07,5.235801155483887e-05,0.00054002444641865,3.1664289987551454e-06,6.240923725535357e-07,2.533476080346113e-07,0.0007736978548574347,7.19462937693304e-08,0.027428969305311284,0.00016037930025900588,0.0006510286889840367,0.016598729986806164,2.0467279168656965e-07,0.006288682006410266,0.04594944814626724,2.527057488931381e-06,0.0011130779735312021,0.0023783934395346386,0.026408211957729716,2.838010839007447e-06,0.00019771007502522735,5.4670400255166694e-05,0.003998111846674351,0.003415372097806987,0.09570026741017681,0.00014494995626780063,0.0007004771480968409,0.00808523487076937,0.00012432718495406555,0.00016890010606429774,2.58631006773263e-05,4.4990609212735564e-05,0.0021284491200747164,0.005034037268603461,0.0003701696677695879,0.0009004770429201917,1.8923055950873378e-05,1.0961365121103071e-05,0.00021588598851126758,1.6873297207610313e-08,0.03564111021907251,0.0007187506101618855,0.0007634634432076725,0.0124716258120209,0.0002425650025491344,2.8420904533440417e-07,4.964579528170984e-06,0.00914654584054239,9.286063745813253e-07,0.000651162186477716,0.0002617465067443627,0.018459227025823036,0.0005232761468669738,3.8127399839452925e-05,0.001535350383524175,0.0002779383351994287,0.0002851607293424016,2.1561478010085534e-06,2.999721551316474e-06
78.89447236180905,0.0009250239715514603,0.0001492742740969355,0.00019108354794395097,0.03163612432426311,0.03743548005565748,0.00010087225898555138,9.259773290763783e-05,1.0901751308743278e-05,0.004705264311432933,1.6805371879164407e-07,4.8216438144362426e-05,0.0032608318664981762,0.0034183566825612835,0.0947560108330411,0.001448919844783265,1.2864305554172536e-10,1.0720725767646958e-05,0.001167347819017596,0.001570516101199485,1.2697994171188694e-05,0.008419337255895677,0.0015098931365377273,0.003564650279965247,0.00018882449732517402,0.017350966108292697,0.0001566510498982711,0.01759705619184678,0.0014162043346020053,0.0004352606825795697,0.0008811426391410402,0.04064358484645873,2.6177029682035293e-05,0.0022445539330801945,0.00027181445255901337,1.3474927904589742e-05,2.5464974072312253e-06,2.105072883611031e-05,3.451296690398769e-07,1.6346556879483484e-05,1.292985229986667e-05,0.001143403937782932,0.007775839665510537,2.7349530148958484e-05,1.4808495349385273e-06,0.00023419988469303933,0.022347621972611562,0.00011624961459128102,6.867326471742195e-07,3.739611215291882e-06,6.510603481585644e-06,0.002557790532310581,0.000120362225696433,0.0015477261948966003,0.00028528543649048214,0.007702113560486477,0.0318240442269042,0.01389058419158308,0.00012755431220585402,0.003133223582728545,0.030945795556285214,0.024102868376570066,0.0014717000159806535,0.0014897941958961723,0.00032099423160010293,8.861479451333463e-05,2.100864600948241e-05,0.043045466955833625,2.661979090329207e-06,4.987992600952136e-05,1.6174964148347573e-05,0.0025293394715828763,0.020481879595857268,0.0011541207418294713,0.03327953458084306,3.843601229195921e-05,8.989075137584331e-05,2.566211359410898e-07,0.00010563551401464386,1.1736755170736473e-05,0.0002348757619042926,6.179898008047376e-05,9.329575440877474e-06,0.00022091534479704491,0.0020599964368656987,3.7655703737774666e-10,0.0011507251442582714,0.006977885929611606,0.01756677893394566,3.392580734267892e-05,6.0152111846762825e-06,4.826980252006336e-05,0.000250325878266216,1.7897720663430193e-07,8.398516313335938e-05,0.0015742923365740461,0.00013869768414559103,0.012448226835195362,3.0928446431406415e-05,0.00023135492025840092,4.5077207349912034e-08,0.0026136151041866837,0.09033368873954259,0.0005714350613619534,6.267175950394817e-06,0.00014115439773201193,5.473782332903543e-10,0.0005315023266548472,2.101057588581309e-05,0.0018596082104463537,0.00016748873365339106,6.29698615335498e-05,0.02257262543390443,6.116980099599429e-05,0.00016857796997581895,3.3414712941977995e-06,2.663224345131918e-07,0.029484841505336815,2.4256160876673367e-06,1.0788827146850349e-06,0.00037669474380997825,0.012278834974258036,8.43604324543845e-08,0.0007897299289139114,0.0005066969014574461,9.763944694810135e-07,1.2670372838234445e-05,6.618919993484451e-06,0.0062108125437442116,0.02152044457065608,5.180622390211284e-06,0.0030716806632671134,2.54469627698935e-05,2.4679834784795024e-09,7.057447540366978e-05,0.04915725542288203,0.023433257036754477,0.014384407843491933,0.0044386114609305865,0.004870020625421717,0.003616747914434558,0.002164170550866929,1.8454351423487914e-07,3.667061358203544e-05,0.0003927149006451178,2.3584602563587445e-06,3.5329555879275365e-07,1.587657872056639e-07,0.0005337850716725366,4.0525333479830934e-08,0.024032301474867894,0.00011208307799403882,0.0004455774396605525,0.014241933837586505,1.4999911916305027e-07,0.005377945473049441,0.04022432779606435,1.5786425098969759e-06,0.0008525281074023091,0.001880922070189242,0.023291680519819898,1.8177320459064323e-06,0.00012390645517494728,3.459079238667547e-05,0.0033302957504070412,0.0023755923171937922,0.09263969782295177,0.00010849593113604235,0.0005535086407199208,0.00622660149898058,8.60131515030042e-05,0.00012312404852523267,1.758706170331368e-05,3.113951554197565e-05,0.0015522792802962243,0.0043057854115707075,0.0002663268510323791,0.0006490962045718332,1.1895122915093392e-05,7.023413378570455e-06,0.00013756699374317723,1.0250779064744213e-08,0.029948168736423537,0.0005657322500106151,0.0005956499647748686,0.009735894577658631,0.0001814711266051877,1.5962352181765674e-07,3.217573719443998e-06,0.00775877764699428,6.053743628567075e-07,0.00042256174807020486,0.00020721007244235874,0.016787147266340598,0.0003959562949196744,2.327370786223957e-05,0.0010498423702107503,0.0001652048101655258,0.00021550885544524342,1.194725300547788e-06,1.7050153970935241e-06
79.14572864321607,0.0006295220327556478,9.991770140011617e-05,0.00012894726626270435,0.02641975008813465,0.03406285692589234,5.883330144590561e-05,6.200652388159258e-05,7.1440052263642545e-06,0.0033100301568898577,9.657736328359851e-08,3.806773898444094e-05,0.002778725967344211,0.002656707840178635,0.09575122028285939,0.0011376116533354465,4.938721978614959e-11,7.774883805197605e-06,0.0008698359193032287,0.0012733661915231677,8.744904738666951e-06,0.007263435756885573,0.0013055343841168036,0.0029451049558938277,0.00013450977368632128,0.013614466065972294,0.00011604802688838205,0.015434864818968039,0.0010222456765395895,0.00029174160850580595,0.0007474265286690892,0.037870027960624775,1.445970692021996e-05,0.0017111426022583128,0.00022230451635512307,7.976085854109008e-06,1.6021789734629674e-06,1.6103541941485925e-05,1.994395011144723e-07,1.414451479644645e-05,8.866173445362013e-06,0.0008826462488427119,0.006613434351841245,1.8915413355663457e-05,8.934121343042644e-07,0.00019027985098599428,0.01873001483336475,7.670077455242322e-05,3.9673447041889855e-07,2.138134384093226e-06,4.6348462015282354e-06,0.0021964454693213756,7.239445359569541e-05,0.001240520537192122,0.00019041430671939573,0.006442655761062637,0.02793212984400512,0.011579040732296514,7.937694404802017e-05,0.0023721782348113947,0.026172669332984476,0.02006643916031474,0.001129795809121586,0.001106776064511802,0.0002914571178920588,6.139489758818093e-05,1.4152031060214724e-05,0.03876228744457226,1.728894006626796e-06,3.6046566897707644e-05,9.347582416486055e-06,0.0020924532183570913,0.01752906071607051,0.0008932371158171125,0.028977126414712628,2.3292342052611932e-05,5.378607596068856e-05,1.572155178145759e-07,8.020132414923675e-05,8.123149406123508e-06,0.00018030213005961303,4.932877111608712e-05,5.604269179378277e-06,0.00016179253180355092,0.0016889533034934693,1.979601606267069e-10,0.0009394444664438006,0.005926218687331752,0.015061420914417171,2.1077829172580316e-05,3.980389682457571e-06,3.819446328640042e-05,0.00018137621244181598,1.0738521343962465e-07,6.026938794037988e-05,0.0012629826456998197,8.875399881315691e-05,0.009999797773792425,1.8130108866168797e-05,0.0001536804220103636,2.417235954987182e-08,0.001902463478074466,0.08160370917747801,0.0004238079584123844,3.485971773236274e-06,0.00012043081046714909,2.6713112289038057e-10,0.0003542001390050984,1.4127236601232678e-05,0.0014515109675489713,0.00011774288870352811,4.3280378708319816e-05,0.020866425175171604,3.9818422685637085e-05,0.0001363939961378704,2.480250719799952e-06,1.5891907310782057e-07,0.025366575885951228,1.5005776647169248e-06,6.435057764587516e-07,0.00027483775574619864,0.00940784719908855,5.178423181943861e-08,0.0006032896409756103,0.00036744517529755234,6.552017580522613e-07,7.943131482511078e-06,4.784461198891009e-06,0.004754165831451075,0.018205575792556793,3.820364920190884e-06,0.002775979156013236,1.850774796217268e-05,1.6408751736114602e-09,4.813949992812701e-05,0.048209529454709486,0.02026274336151257,0.010704713965972742,0.0034562235158324003,0.0036747047015882653,0.0029432019802245976,0.0016620184376091485,1.2363782609360923e-07,2.5574495636715974e-05,0.0002839436487447242,1.7728421694914387e-06,1.9906900890613033e-07,9.979654211158509e-08,0.00036534552642879616,2.278964712508529e-08,0.020966950795779392,7.805375256680627e-05,0.0003016468709089199,0.012167974447056454,1.1052461549391223e-07,0.004582238096748803,0.03500132420028322,9.866739802650909e-07,0.0006495559860971798,0.0014854343970985818,0.020464396507643496,1.1683429478155252e-06,7.691691035883051e-05,2.1676900541459783e-05,0.002765513800000937,0.0016314156550823289,0.08930296734489226,8.109208329471354e-05,0.00043582210302416053,0.004744854574478574,5.923669905932683e-05,8.990850004869541e-05,1.191712998632958e-05,2.1527649033606497e-05,0.0011242709854631895,0.0036695748020689205,0.00019028969571813656,0.00046426895061460883,7.430172664053537e-06,4.488146090060213e-06,8.71726607868279e-05,6.246684433872387e-09,0.02494106317360976,0.0004448179069459983,0.00046549088051745034,0.007532831295135498,0.00013533929856310238,8.909772810395383e-08,2.080869473749023e-06,0.006573685352214642,3.945612191201241e-07,0.00027113816458422334,0.00016296242171987194,0.015231333841476818,0.0002987819242681264,1.4080661101555665e-05,0.0007092642324235756,9.693402227498446e-05,0.00016326642162997387,6.572184410717498e-07,9.655695781033102e-07
79.39698492462311,0.00042386259445793503,6.642807520171449e-05,8.667367182611965e-05,0.021898202007933805,0.03096458983102011,3.391996922417103e-05,4.1399925170563296e-05,4.661908873788436e-06,0.002296606384669428,5.535360903356976e-08,3.0154807396750338e-05,0.00236670655485826,0.0020505674102320346,0.09647571290059755,0.0008909757882006488,1.8790285049569273e-11,5.649295378180681e-06,0.0006462707067357485,0.0010331167466420565,6.006353842610665e-06,0.006246684400085887,0.0011278229659953697,0.0024300997987420493,9.565407503843121e-05,0.01057504018270733,8.594737621721757e-05,0.013486106556819139,0.0007316942417051247,0.0001943362800442633,0.0006334133196566782,0.035219951598439915,7.881882839620586e-06,0.0012945851498720085,0.00018236379829133278,4.6902637892993495e-06,1.0058504203682369e-06,1.2294349080257608e-05,1.1563284311856369e-07,1.2330633937233337e-05,6.0433640915404704e-06,0.0006800982128805121,0.005616628595543355,1.2964927989246481e-05,5.376256270640738e-07,0.0001550394119519351,0.015569140151622493,5.0251081846922994e-05,2.2813411488058433e-07,1.2117486698006899e-06,3.30236482089513e-06,0.0018850248260849091,4.3019852292097794e-05,0.000992162834310028,0.00012577380310684893,0.005382398337705704,0.024432205654064752,0.009604517813826565,4.8829350705704064e-05,0.0017828563668366565,0.02198049584323632,0.016581909225463588,0.0008626277282088547,0.0008147409200893654,0.0002642717468250272,4.243062630936741e-05,9.478186625265275e-06,0.03477607710294505,1.1226510085347135e-06,2.5946684839501672e-05,5.355283944269672e-06,0.0017276146378456619,0.014946111045644639,0.0006892455673619869,0.025027484826280852,1.3949327343589797e-05,3.175696382870372e-05,9.616880934733724e-08,6.096134608824158e-05,5.640379782144143e-06,0.00013800173828749338,3.9545539247475044e-05,3.3515229286511402e-06,0.00011834604132776574,0.0013791676595584293,1.0415161721360679e-10,0.0007663593051323252,0.005020161620473948,0.01286118299310302,1.3000693378774303e-05,2.6261784391139414e-06,3.0311352585750745e-05,0.00013076228467047361,6.433629527167327e-08,4.314930476697437e-05,0.001009878558730972,5.630839839746365e-05,0.007966316918258535,1.0540413462383367e-05,0.0001018054554293975,1.292851424999091e-08,0.0013726797832676236,0.07313213130480947,0.00031354248921366273,1.9162092872048218e-06,0.0001031241598637193,1.297770019918253e-10,0.0002340043447203572,9.448115144298957e-06,0.0011271140155702914,8.235334605863666e-05,2.974078263051581e-05,0.019275262881954112,2.5758897670180457e-05,0.00010991790890951529,1.8521822928739637e-06,9.513747147911322e-08,0.0217259486775795,9.267351163505736e-07,3.8317661799511265e-07,0.000199908064732788,0.007128195097070145,3.1869585343856986e-08,0.00045897543770493683,0.0002659632558136629,4.3954695849146675e-07,4.955013674151086e-06,3.4686112346803314e-06,0.0036099616764815965,0.015331180854706934,2.8140219321081653e-06,0.0025108810457059815,1.352232090249894e-05,1.0946593459007932e-09,3.270227921336656e-05,0.04725972476199086,0.017448190943619997,0.00785232817620365,0.0026716722144685097,0.00275237773546302,0.0023783957468409707,0.0012725056348827895,8.344171337648962e-08,1.77660982487487e-05,0.00020412341175613012,1.3454211202992324e-06,1.1172018792908e-07,6.295971982249112e-08,0.00024821429561005024,1.2801091270480608e-08,0.018219517857047354,5.417996352205879e-05,0.00020203796065280138,0.010351607296852677,8.189802089488682e-08,0.0038898893958977695,0.030282851518601765,6.176324022999178e-07,0.0004923122461413358,0.0011718373463528134,0.01791341926996276,7.541338759242651e-07,4.732759433986588e-05,1.345916497243997e-05,0.0022900517858710947,0.0011065360690304768,0.08574357981365016,6.0534105212923856e-05,0.0003420050293429312,0.0035783880831996746,4.062802086086136e-05,6.579377690638738e-05,8.047649092752367e-06,1.4872394753067275e-05,0.0008090788639598256,0.0031153085804876243,0.00013505267374195454,0.00032960597881597615,4.6142781279105706e-06,2.8620282898011927e-06,5.4983740922374444e-05,3.8220445678116036e-09,0.020590537222315804,0.00034954838873351243,0.00036452988896565656,0.005778042359169605,0.00010064857203954517,4.94482011872387e-08,1.3434094675745304e-06,0.005564827272103564,2.572182113941081e-07,0.00017214122958268753,0.00012734204561057157,0.013788995735628662,0.00022492753899611294,8.449061830271614e-06,0.00047369482123087094,5.619773185608253e-05,0.0001240684113876732,3.592272406027237e-07,5.452726592772713e-07
79.64824120603015,0.0002825034580530913,4.388638867376719e-05,5.807209787907748e-05,0.018020911074741745,0.028126863878610908,1.9352173271012142e-05,2.7572270252681822e-05,3.0302450813060133e-06,0.0015721594801089294,3.167248586255887e-08,2.397335154623379e-05,0.0020153121866244073,0.0015723103082939992,0.09690129496447755,0.0006962468280271261,7.0921735537105215e-12,4.113413502647675e-06,0.0004790238315918119,0.0008390182268792321,4.115125779692466e-06,0.0053557038861411985,0.0009737104966317289,0.0020033295720228456,6.794844602549325e-05,0.008134679932619916,6.365260306734151e-05,0.011738569501906531,0.000519610196514573,0.0001287499403779071,0.0005362404649727319,0.03269334413577606,4.242427121263359e-06,0.0009721152607217784,0.0001500541543014895,2.7408408464833198e-06,6.301900206871984e-07,9.367974704439416e-06,6.73470136246544e-08,1.0832577722713943e-05,4.095258823013526e-06,0.0005231935534675963,0.004764571476821854,8.810789645394278e-06,3.2288336318743633e-07,0.00012674703547556102,0.012836600998878112,3.271145703859981e-05,1.3065758801835702e-07,6.810537130366566e-07,2.35619445962426e-06,0.0016168698441633865,2.5273119411111902e-05,0.000791911374853055,8.22434961499877e-05,0.00449228353923954,0.021304837373051652,0.007930035741277456,2.9716559625799014e-05,0.0013304966655405953,0.018338621779931962,0.013603977039885773,0.0006552506759616823,0.0005943595301698515,0.00023927392737369877,2.9267659094629632e-05,6.311147306094941e-06,0.031091706835615143,7.29298584515842e-07,1.8604441997428187e-05,3.043646450864068e-06,0.001424138390392834,0.012698235890444378,0.0005305070872258216,0.021439218004287042,8.258665296764148e-06,1.8510609446019815e-05,5.875814520867567e-08,4.63933715240373e-05,3.931378370087451e-06,0.00010532867603557045,3.184491339757879e-05,1.9968573782217796e-06,8.64751089103201e-05,0.0011218292216553696,5.486638710207649e-11,0.0006247261661113996,0.004243066388643575,0.01093977239623792,7.966101329824322e-06,1.7283032333831871e-06,2.4122716170228102e-05,9.381062164825509e-05,3.8510933308419964e-08,3.0831441080885605e-05,0.0008049217135990509,3.543762988480394e-05,0.006294883318909384,6.083113288523794e-06,6.731550269369569e-05,6.90119188438167e-09,0.0009821371372569286,0.06503546145834047,0.0002315828467497196,1.0414544248304812e-06,8.858604861933819e-05,6.279179522819927e-11,0.00015338287255440593,6.287608857284702e-06,0.0008708513084742341,5.7345790793593905e-05,2.0446766487541684e-05,0.017793304559541076,1.6569362651175928e-05,8.822862766258671e-05,1.3917492804092656e-06,5.715787903065312e-08,0.018530456112178535,5.716627218644152e-07,2.2796890190996308e-07,0.00014501010733242354,0.005342806981911182,1.9669831760067697e-08,0.0003478470226601587,0.00019228871473180164,2.948214205250658e-07,3.076647189743007e-06,2.5227991212546176e-06,0.0027204006050043795,0.012855363498679563,2.07063493939671e-06,0.002272593318985985,9.929286443541949e-06,7.327546920332758e-10,2.213599362555683e-05,0.046302655473419115,0.014965507877326227,0.0056785968266961084,0.0020502256251394234,0.0020472615278102377,0.0019086219871093898,0.0009719053353996496,5.674117645151466e-08,1.2297275383760828e-05,0.00014590466281038677,1.0311738690227695e-06,6.249088077279877e-08,3.988901196975363e-08,0.00016748838288483433,7.185431700965609e-09,0.015772875557187847,3.749662790030036e-05,0.00013391731313433245,0.008768361563339998,6.104015891826586e-08,0.0032899739144108646,0.026059159415705104,3.876263503910383e-07,0.0003711723540883819,0.0009237341058623244,0.015623827292677759,4.891714145294314e-07,2.8885384299607486e-05,8.283062747388608e-06,0.0018914686667940994,0.000741524453027455,0.08201382490711585,4.5140763465080196e-05,0.00026753498967682854,0.0026713650357346884,2.7762148072063602e-05,4.8267537904933686e-05,5.416795607685686e-06,1.0272382536957476e-05,0.0005788352007787393,0.0026339765383809337,9.523237827149064e-05,0.0002323461958494089,2.8504501348887775e-06,1.8222688023837822e-06,3.4552087659610206e-05,2.350257917484054e-09,0.016854583766748282,0.00027466225531760864,0.0002861721172907162,0.0043949039105142165,7.465959462062206e-05,2.7299926233272717e-08,8.661400338435744e-07,0.004708406615213893,1.677902635197998e-07,0.00010821197421212509,9.888927899797457e-05,0.012456841217904682,0.00016900751745813175,5.0318822858200304e-06,0.0003129352165162624,3.222308786498558e-05,9.462859650019062e-05,1.952614259039294e-07,3.073099712330144e-07
79.89949748743719,0.00018648656774532013,2.8828134646833477e-05,3.8812854849871e-05,0.014729747407483259,0.025534565460908588,1.0937396691571748e-05,1.83240767236205e-05,1.9624712347850105e-06,0.0010622227017957492,1.811002900855414e-08,1.9133784612946172e-05,0.001716159764541949,0.0011980523545182503,0.09700078839840684,0.0005429760405768747,2.658207145929777e-12,3.0018125198483005e-06,0.0003543951252717637,0.0006822604858738604,2.8128710430015495e-06,0.00457780867446207,0.0008403992092700119,0.0016506100434688941,4.824518998928896e-05,0.00619950294553556,4.714943553478469e-05,0.010179073037553095,0.0003663072375181649,8.49002471531804e-05,0.00045345856927714496,0.030289719123897458,2.2563105964768882e-06,0.0007246179611196076,0.00012384387928993278,1.5921195832127935e-06,3.9406741321228776e-07,7.1248238226325254e-06,3.944902161823261e-08,9.592474673994246e-06,2.759405450646021e-06,0.00040193007817375723,0.004038336943893185,5.939773588032177e-06,1.9363774130651575e-07,0.00010400965612477185,0.010498766756801812,2.1171073881727207e-05,7.45790233760759e-08,3.798179829994179e-07,1.6842390472513161e-06,0.001386152702902629,1.4687863592602957e-05,0.0006308367828459997,5.3259546544943e-05,0.00374670647583419,0.018526648918265234,0.006519575959299789,1.7906496610169187e-05,0.0009861797000972731,0.015206936664432139,0.011083358658218427,0.0004953087532602469,0.00042973434290839675,0.00021631167937237334,2.016044126180754e-05,4.178049844347981e-06,0.027707672378765515,4.742641952813999e-07,1.3289395896266332e-05,1.717259378404747e-06,0.0011726055864344758,0.010751467716283596,0.00040750710946907973,0.018213460025274915,4.835467069160351e-06,1.0656670465882189e-05,3.587180226311382e-08,3.5350492105572314e-05,2.75206780872668e-06,8.017751834919327e-05,2.5762158651220662e-05,1.186192623351866e-06,6.312961651462642e-05,0.0009090972522935104,2.8953370349959306e-11,0.0005089438437204557,0.0035793764324765407,0.009270921277830984,4.852467496345322e-06,1.134992843677424e-06,1.9248133756065058e-05,6.69777485690493e-05,2.3044883112396817e-08,2.199425953638452e-05,0.0006395968239123606,2.2135553529235855e-05,0.004934791550161127,3.4882659725791397e-06,4.4464421328191906e-05,3.678845877936143e-09,0.0006971183490130003,0.057403528304050676,0.00017091020284974766,5.59925892194044e-07,7.630496383945629e-05,3.027104655527513e-11,9.983220781200212e-05,4.165532448741905e-06,0.0006696269755956747,3.9781964928253684e-05,1.4073596404526623e-05,0.016414681213429736,1.0603598116595058e-05,7.053718911986214e-05,1.0523240904733724e-06,3.4470437793072774e-08,0.01574405094640169,3.523955731117589e-07,1.3562522022928722e-07,0.00010493275249574665,0.003962939264834345,1.2178230715754878e-08,0.00026269407925662253,0.00013896450268269407,1.9773335433706406e-07,1.9020616940333654e-06,1.841331605517154e-06,0.00203550407367789,0.010736182520659018,1.522304927452432e-06,0.0020578848168461453,7.330306774924379e-06,4.921760569807159e-10,1.4937831804236114e-05,0.04533271794157379,0.012788521379486398,0.004049264989893383,0.001561946641190698,0.0015129006930733808,0.0015210726562160588,0.0007409665686340347,3.888362902133866e-08,8.483710572980762e-06,0.00010369727541096872,7.983720472419383e-07,3.486261920328757e-08,2.5393650965413107e-08,0.00011231342608480911,4.032228214235676e-09,0.013607256488463792,2.5879748692202426e-05,8.786705265933733e-05,0.007394830480325164,4.576685046990499e-08,0.002772326540610348,0.022310784894248994,2.4417177141414634e-07,0.0002783694336878291,0.000727826588419693,0.013579288299111314,3.1907230482564346e-07,1.7499402606769873e-05,5.054698837458738e-06,0.0015586200424005307,0.000491130117007227,0.0781637889843913,3.363398858960667e-05,0.0002086618258724068,0.001974501532338627,1.890854203735306e-05,3.5509962424296496e-05,3.634586700093886e-06,7.0970165607920486e-06,0.0004118977194521791,0.0022174940886598585,6.673737220251018e-05,0.00016268567019931998,1.7525304388325426e-06,1.1590843896537672e-06,2.1651190806935786e-05,1.4538735273119026e-09,0.013682425835213728,0.00021590579527169552,0.00022529436252117092,0.0033156200216354717,5.525618938087922e-05,1.5001023379795945e-08,5.578843403999117e-07,0.003983203495968994,1.0956469004645867e-07,6.740180237736991e-05,7.633584556505449e-05,0.011231079789722565,0.00012680660337812042,2.976495248452208e-06,0.00020462226214872995,1.829123779057346e-05,7.248204136125474e-05,1.0563868353000133e-07,1.7299002622372888e-07
80.15075376884423,0.00012199690619869268,1.883976995619655e-05,2.5896225639006232e-05,0.011962806110976543,0.023171850388542678,6.13024512985283e-06,1.2156130789109056e-05,1.2666737903224308e-06,0.0007085997930737879,1.0358604062063662e-08,1.533533467384917e-05,0.0014618661109356305,0.0009074740865220378,0.09674923535119655,0.00042267125706423725,9.903697165944338e-13,2.1958050246481117e-06,0.0002618330114681025,0.0005556572768342865,1.918607189165165e-06,0.003901095184272482,0.0007253411746644946,0.0013597250852925619,3.426077985724172e-05,0.004682954540818078,3.4937617220966544e-05,0.008793901333726626,0.0002565046106281119,5.576594879089991e-05,0.00038297397578847546,0.028008188586884294,1.1865155348143335e-06,0.000536257073673363,0.00010252074278050486,9.195861150463088e-07,2.459572483394166e-07,5.409151231126922e-06,2.3266538160328928e-08,8.563957821232031e-06,1.849120938619028e-06,0.00030839726800708703,0.0034209185563797316,3.9743976588736105e-06,1.1602293558943618e-07,8.570968697538282e-05,0.008518798073959737,1.3632065218724036e-05,4.245480191530554e-08,2.1030083543328965e-07,1.2067019208175632e-06,0.0011877880555698466,8.450007035044162e-06,0.0005015602514940361,3.417080385099593e-05,0.0031233397310747465,0.016071752899741845,0.005338981712561589,1.0692955195500215e-05,0.0007262084143813182,0.012539405264171464,0.008969339484934342,0.0003726988944027693,0.00030798617421526667,0.00019524379259343788,1.3875836892257599e-05,2.7500628506202207e-06,0.024617281766953797,3.0892831444729976e-07,9.457681796338383e-06,9.625174340720622e-07,0.0009647900789191031,0.00907329031107725,0.00031254982006127157,0.015344275646012784,2.8009084510319306e-06,6.062558427602359e-06,2.188987529368148e-08,2.6969229317641586e-05,1.9357798264637646e-06,6.08802825472621e-05,2.093951819747896e-05,7.030611212051884e-07,4.604973547214705e-05,0.000734063100436654,1.5312079223839392e-11,0.00041437447812832563,0.0030147467824869767,0.00782894995146235,2.9404836563908782e-06,7.441005895439269e-07,1.5396056665437086e-05,4.7595182356493e-05,1.379327479114105e-08,1.5669855349010433e-05,0.0005067401101507626,1.3729817268664677e-05,0.0038387959981772616,1.989388120618679e-06,2.9363402488499547e-05,1.9595812486428687e-09,0.0004910935490241667,0.050300409280801046,0.00012614183080846328,2.979425093751123e-07,6.58756766750515e-05,1.4546218016432481e-11,6.457796002108573e-05,2.7485300632385185e-06,0.000512534025207197,2.7512988830393598e-05,9.70464068148918e-06,0.015133558029645217,6.754544621878228e-06,5.6170147678965396e-05,8.006377544370544e-07,2.0869765591296884e-08,0.01332900474147408,2.1719004850103912e-07,8.07505175527628e-08,7.576738378083957e-05,0.0029100042084319764,7.565405940197251e-09,0.00019774806149655875,0.00010045728015930144,1.3262205494610112e-07,1.1711894388588712e-06,1.3490008096296949e-06,0.0015129804857199123,0.008932865690517652,1.1184190292618425e-06,0.0018639976214201472,5.442657498289105e-06,3.31719333460793e-10,1.0054639567954023e-05,0.04434415145644069,0.010890099326300196,0.0028475472156846327,0.0011813673639658017,0.0011112660479497037,0.0012039525236598283,0.0005642371160726922,2.685513333590897e-08,5.835025730161705e-06,7.328098696788696e-05,6.245522209751677e-07,1.9411925193665783e-08,1.6251746976089677e-08,7.489030345463906e-05,2.2631053643370842e-09,0.011701227535448055,1.7817087904176877e-05,5.708497252945832e-05,0.006208874487487646,3.452445084581933e-08,0.002327547022512881,0.01901094720311627,1.5454563337628227e-07,0.00020767555211010044,0.0005733879022500882,0.011762569149850185,2.0941014197286443e-07,1.0530838648474243e-05,3.0600082055286705e-06,0.0012816371546026813,0.0003216125350579678,0.0742405491103107,2.504523025910565e-05,0.00016229784401714613,0.001445323743407109,1.2841799154428457e-05,2.6205163196321654e-05,2.431519463902736e-06,4.9068768936094075e-06,0.00029168921875629187,0.0018585702161421388,4.6490974681184955e-05,0.00011318811140530078,1.0730149113401044e-06,7.368895866380819e-07,1.3540003569803164e-05,9.056061016685925e-10,0.011018123818113828,0.00016986362070065369,0.00017792878571283732,0.0024815374803528827,4.0814261391033167e-05,8.208367388851929e-09,3.591101312704077e-07,0.0033704519376172846,7.163970151739935e-08,4.162837120327631e-05,5.859242051845723e-05,0.01010744574835615,9.504983705981593e-05,1.7500653131530786e-06,0.00013252245467392458,1.0288950375458805e-05,5.578515107688394e-05,5.693244084211712e-08,9.73389236603167e-08
80.40201005025125,7.913910313305654e-05,1.2257343816925017e-05,1.7261429170620377e-05,0.009657521783979592,0.02102260055005762,3.411049874477385e-06,8.05234870928938e-06,8.150639410187758e-07,0.00046688881744039526,5.9330454421348e-09,1.2345828580698626e-05,0.0012459661717804061,0.0006835466970378614,0.09612513496091261,0.0003284751978425145,3.671466666258126e-13,1.6102063347611626e-06,0.0001932766439395459,0.0004533704625588837,1.3060597052371666e-06,0.0033144932652308407,0.0006262332327753615,0.00112024687203098,2.434872454181692e-05,0.0035077248082513186,2.5902379951182486e-05,0.007569162393365528,0.00017852653888467268,3.6513511889713994e-05,0.000322998305682916,0.025847511431249953,6.17351320725124e-07,0.0003940803285384564,8.51236738701571e-05,5.282613672256177e-07,1.5323302835369444e-07,4.099727995539859e-06,1.383186202367254e-08,7.709821262919526e-06,1.232617839647428e-06,0.00023637376761875473,0.002897172550700951,2.641007832801261e-06,6.949076505343296e-08,7.09527584620219e-05,0.006858428294192224,8.738762932738002e-06,2.4119125398388274e-08,1.1567396078704305e-07,8.669260274706861e-07,0.0010173497524035694,4.8155715085412825e-06,0.0003980163479533616,2.1730278302194658e-05,0.0026028911526409138,0.013912967333385219,0.004356570469426997,6.333651895385567e-06,0.0005314346471209348,0.01028711518251687,0.007211821774754361,0.00027924622121912784,0.00021883173708143322,0.00017593866109536342,9.547950577012046e-06,1.799919337996747e-06,0.02180979278538049,2.0168926915293794e-07,6.706440725875037e-06,5.36305511112352e-07,0.0007935705810122158,0.007633069556461298,0.00023946996461188735,0.012819362572608198,1.6056693730693012e-06,3.409937977509108e-06,1.3356417095156556e-08,2.0599627300183183e-05,1.3687356089460525e-06,4.61213152883139e-05,1.7101169739488616e-05,4.160925504724878e-07,3.3566583589590746e-05,0.0005906955194885482,8.11878818930403e-12,0.0003371883293525789,0.002536107088180306,0.0065892065791582684,1.7738500609136199e-06,4.872265089359702e-07,1.2342377630091485e-05,3.366655467744782e-05,8.262211428929879e-09,1.1153154078000407e-05,0.0004003608512261419,8.460332165751898e-06,0.0029639295530095875,1.1294595770860712e-06,1.9400708720416833e-05,1.0435567878969152e-09,0.00034351683580694176,0.04376644366028649,9.318888187088914e-05,1.569890408467299e-07,5.69756966356623e-05,6.9701292080537906e-12,4.155385365961061e-05,1.807103515798745e-06,0.000390575406867534,1.8983122931103896e-05,6.708432106381091e-06,0.013944190760982602,4.285012259661545e-06,4.455488367189525e-05,6.128786600795044e-07,1.268529475878153e-08,0.011247409596213034,1.338982580918974e-07,4.8154015365266386e-08,5.460190661361686e-05,0.0021163168548629487,4.716757000301846e-09,0.00014842936511471513,7.26923829531303e-05,8.896552328038023e-08,7.185149474408879e-07,9.92254990336655e-07,0.0011177282587990962,0.007406703606226395,8.213112162770024e-07,0.0016885718570109412,4.065477820079756e-06,2.243446527384156e-10,6.75394305240368e-06,0.04333130784609132,0.009243068963277283,0.00197508314288692,0.0008870870770741839,0.0008117115658643044,0.0009465540894148499,0.0004294351106711087,1.869349817103322e-08,4.0021249554085225e-06,5.1492537765583076e-05,4.9372921598447e-07,1.07957547023269e-08,1.046124248439241e-08,4.9685140532060926e-05,1.2708775350228853e-09,0.010032533186833656,1.2237877088263519e-05,3.673243542323697e-05,0.005189754693995601,2.6204318688855758e-08,0.0019469949784468004,0.016127773482971182,9.83968437311919e-08,0.00015412835734175917,0.0004518059193981994,0.010155983641532907,1.3836829176205636e-07,6.299599228653906e-06,1.8385520854135552e-06,0.0010518714421534914,0.00020830093412973775,0.07028755084689091,1.8642665503482592e-05,0.0001259177593319336,0.001048016512247787,8.700438474422803e-06,1.9402630965783468e-05,1.6221496484305672e-06,3.3968105065972315e-06,0.00020567123519907955,0.001550602173266989,3.220303715430049e-05,7.828147741535954e-05,6.546178708066077e-07,4.6847086666177755e-07,8.457175822356295e-06,5.685272597918003e-10,0.008803681037792598,0.00013381056019018105,0.00014100931466011208,0.0018429112277834393,3.0094847487340427e-05,4.475092340023975e-09,2.3108960185557514e-07,0.0028536799724755628,4.691759856271633e-08,2.5512353214419287e-05,4.4734384360658036e-05,0.009081241888737721,7.120982668758147e-05,1.0235341406783465e-06,8.507010113780859e-05,5.740846838908749e-06,4.3161946218644645e-05,3.059106197333376e-08,5.4790308880706803e-08
80.65326633165829,5.093879466459355e-05,7.945008379549219e-06,1.1503323466452687e-05,0.007753091806663073,0.019070783882366864,1.886267696901687e-06,5.327453922627045e-06,5.230204587335858e-07,0.00030395931779868073,3.4064203114538773e-09,9.985984937820675e-06,0.001062829996209786,0.0005121982274852494,0.09511164905538903,0.00025488336465442825,1.3556547061787468e-13,1.1838316777484587e-06,0.00014261253823788479,0.00037067290186970506,8.874571606279148e-07,0.002807788226698049,0.0005410082476689685,0.00092334398372605,1.7328184931367977e-05,0.002606608249717934,1.921694031825434e-05,0.006491077966124219,0.00012358233441902216,2.3849749122933717e-05,0.00027200435050719646,0.02380612261213819,3.1803528941445673e-07,0.00028762453814971527,7.08891818486078e-05,3.0189581952764567e-07,9.52899613611799e-08,3.1024305708269065e-06,8.297230569825052e-09,7.000165327055084e-06,8.175553345632057e-07,0.0001809904121272527,0.002453723435002729,1.7439277259687669e-06,4.162439204319409e-08,5.9024629452542195e-05,0.005479458372171387,5.580934165841306e-06,1.3684303278358645e-08,6.324538848958304e-08,6.247630407551162e-07,0.0008709937259970577,2.720376739246588e-06,0.00031524226249551136,1.3703487213928453e-05,0.002168823504390454,0.012022812214144245,0.0035435010683011092,3.7246420964989402e-06,0.0003865852302355077,0.008400763321629685,0.005762876525021623,0.00020840139553576667,0.0001541749005377123,0.00015827332283515304,6.572012767869779e-06,1.1715447067116806e-06,0.01927145722271488,1.3205583771457906e-07,4.738757734553785e-06,2.972659390282635e-07,0.0006528336457426055,0.0064023278890355485,0.00018337098612134325,0.01062099643939859,9.113395042968578e-07,1.8972465819495653e-06,8.151611258168672e-09,1.575231350600299e-05,9.732267955917425e-07,3.4867379114496405e-05,1.4034057338969578e-05,2.4607981646967046e-07,2.4450973482541202e-05,0.00047377447173923854,4.31757816877389e-12,0.0002742304309886111,0.002131677218794635,0.005528394559672939,1.0660029611934353e-06,3.1878191104061814e-07,9.914283469614605e-06,2.370785910772004e-05,4.955513225747983e-09,7.93299873457851e-06,0.0003154780442228119,5.18134536384459e-06,0.0022719408275414465,6.389689608318198e-07,1.283348424611902e-05,5.558924471533842e-10,0.0002387107572980898,0.03782099070258774,6.897164950640801e-05,8.195393571527598e-08,4.934711213082962e-05,3.3316643472568906e-12,2.6623068750565685e-05,1.1844922531250966e-06,0.0002963972737635594,1.3076558266019528e-05,4.651468551389938e-06,0.01284097126190295,2.708503177188437e-06,3.520658023481235e-05,4.719421175329011e-07,7.740490141082025e-09,0.009462332642927345,8.26107903249158e-08,2.8782715421656878e-08,3.927947310346021e-05,0.0015250110612407969,2.951973848042626e-09,0.00011112903015859655,5.2689048245322495e-05,5.969851130921271e-08,4.3935062316995294e-07,7.32921343400393e-07,0.000821117436233659,0.006121661510470959,6.030008602981459e-07,0.0015295822092283398,3.0558416206488465e-06,1.5225145109433864e-10,4.529802492634355e-06,0.04228891808640446,0.007820936483823744,0.0013513648282535622,0.0006613315212423745,0.0005898939944610185,0.0007392937881740306,0.00032688535785539935,1.311423583805698e-08,2.7379859140071085e-06,3.597742591520012e-05,3.9446526728047415e-07,6.001026612497015e-09,6.775854948923479e-09,3.281672752526791e-05,7.143390273486735e-10,0.008578799579090409,8.387688691354912e-06,2.3417518695070246e-05,0.004318211171070784,2.001256506294818e-08,0.0016227765253798328,0.013626277550765295,6.308875655667132e-08,0.00011379897622067978,0.0003561947976870909,0.008741778020780308,9.209592552926056e-08,3.748780323192798e-06,1.0969062297866925e-06,0.0008618145170529036,0.00013348452756780898,0.06634416282537056,1.3874869910486015e-05,9.746924350680197e-05,0.0007529814744402843,5.88283668885165e-06,1.4416048686623005e-05,1.079407191348047e-06,2.3555246645437636e-06,0.0001444686659395071,0.001287593678930345,2.2185421823550863e-05,5.3838762091552443e-05,3.9817506233154634e-07,2.9795494853867854e-07,5.279802072037353e-06,3.600330162724161e-10,0.006981580015959932,0.00010558436719170826,0.00011217037428541407,0.0013582965651608215,2.2157970386681625e-05,2.432159258257119e-09,1.4870830796275685e-07,0.002418527396043063,3.078332731224186e-08,1.5526766827441203e-05,3.398620805241984e-05,0.008147400474050256,5.334792055098752e-05,5.959018291844265e-07,5.4168179517017646e-05,3.180392683314502e-06,3.358687207539594e-05,1.640169751999078e-08,3.087412881446115e-08
80.90452261306532,3.255409460659826e-05,5.134653249505111e-06,7.67011795707483e-06,0.006192239295331663,0.017300731790833503,1.0376942160685273e-06,3.5212059702816195e-06,3.3480011766715566e-07,0.00019560067741574496,1.962494962171363e-09,8.117259128645052e-06,0.0009075803679987745,0.00038195195553555574,0.09369771062634305,0.00019750062643186035,4.990662998200706e-14,8.726869972585007e-07,0.00010523392946901139,0.00030374737310064114,6.020060888460918e-07,0.0023716200136231626,0.00046782339140010126,0.0007615887204157655,1.2356157160623318e-05,0.0019225531501837645,1.4268979751479265e-05,0.005546211319928073,8.514394844534647e-05,1.5551593503731462e-05,0.00022868774536168412,0.021882148391141946,1.6233348771690467e-07,0.0002085376029636955,5.920937180920878e-05,1.7168334099394722e-07,5.9146329845274905e-08,2.344368765470665e-06,5.027015716134424e-09,6.410928226028332e-06,5.397081303727304e-07,0.00013845224945044715,0.00207884429227318,1.1450446539082463e-06,2.494606033238483e-08,4.9355871637978447e-05,0.004344948547593982,3.553330008166343e-06,7.75918830537641e-09,3.439550675452431e-08,4.518015824307846e-07,0.0007453875266833997,1.5244139155852946e-06,0.00024919365643566324,8.573700787681598e-06,0.0018070583669383509,0.010374293242575808,0.002873941403832839,2.176707293023143e-06,0.0002796241432832861,0.0068325661297097585,0.004577837643462809,0.0001549664263576956,0.00010772753037140574,0.0001421326519956575,4.5276166766588955e-06,7.584552335940387e-07,0.01698644511209333,8.676417564176598e-08,3.3368685530239765e-06,1.6402249930474744e-07,0.0005373721591487477,0.005354895092958657,0.0001403939680999957,0.008727144126701114,5.1232690399739e-07,1.0447840143795508e-06,4.97798146839152e-09,1.205856209909101e-05,6.961201668953534e-07,2.6310529566210135e-05,1.1573239780582186e-05,1.4553924951927375e-07,1.779952496781966e-05,0.0003788183036002788,2.303784228347946e-12,0.00022290698117064797,0.00179094482467152,0.004624800219064291,6.386181343887813e-07,2.0851137425516864e-07,7.97807315993237e-06,1.6622834255907687e-05,2.9775967334545596e-09,5.640373728079184e-06,0.00024797308015965714,3.15499578570827e-06,0.0017294217156944224,3.6054724756057207e-07,8.50474763741061e-06,2.963407439200308e-10,0.00016487766872975767,0.0324656104429896,5.118781212465584e-05,4.241004549490034e-08,4.278255125164701e-05,1.5891521869565401e-12,1.6999747688756487e-05,7.744042344582102e-07,0.00022404118997294264,8.999859858369836e-06,3.236931856161045e-06,0.011818463744686767,1.7065757662394194e-06,2.771666214578002e-05,3.654908507839922e-07,4.740862241594566e-09,0.007938654363713674,5.102959228316481e-08,1.7256668932698842e-08,2.8210869663875828e-05,0.0010893711322491463,1.854946859605505e-09,8.3022985597778e-05,3.827895826750639e-05,4.007923458661874e-08,2.6787077360447514e-07,5.437499517002432e-07,0.0006001635895234964,0.005044751895221497,4.427421879960152e-07,0.001385284571999477,2.3118307840745604e-06,1.0368450805963339e-10,3.0349211617521724e-06,0.04121234437240526,0.0065984215743865515,0.0009121761771282263,0.0004895023822008261,0.00042673104210792166,0.0005737120186177709,0.00024902743751029717,9.271516467137575e-09,1.8687753119431552e-06,2.499505730284895e-05,3.185286114048059e-07,3.336554810612154e-09,4.417907296352598e-09,2.1591943303624588e-05,4.0203164001059393e-10,0.007318099958452143,5.737345014302814e-06,1.4795579771247902e-05,0.0035764978056591584,1.5378505626943327e-08,0.001347723560810754,0.0114700466658022,4.0779942086327116e-08,8.359668961482183e-05,0.00028106879116784157,0.0075024554305385014,6.177738139927533e-08,2.22080943521402e-06,6.5017144873304e-07,0.0007050025280285145,8.466726864001248e-05,0.062445395303415085,1.0327417180841946e-05,7.529424082660118e-05,0.0005362118857772555,3.971396479202733e-06,1.0749756619749696e-05,7.16577025169547e-07,1.6370729893189485e-06,0.00010114495529165472,0.0010640927462350928,1.5205293166924555e-05,3.683665229577597e-05,2.4162110642866723e-07,1.896654878322483e-07,3.2967510965347975e-06,2.3018105102994677e-10,0.005496734125970689,8.347796455071796e-05,8.958849014338147e-05,0.0009937171387954457,1.6294044830405613e-05,1.318446967234227e-09,9.572305222007351e-08,0.0020525526123149427,2.0238216051796387e-08,9.390986123269122e-06,2.5705053556805114e-05,0.00730055761194364,3.998517994658201e-05,3.456168040587969e-07,3.424011507001074e-05,1.7510731254832305e-06,2.6296092080087275e-05,8.782038710535493e-09,1.7429021894596395e-08
81.15577889447236,2.067071663933844e-05,3.3114137152041973e-06,5.120779537093341e-06,0.004922382317909615,0.015697346927460637,5.684791866288363e-07,2.3255966926651962e-06,2.1386374401144602e-07,0.00012446325058080196,1.1356525089441057e-09,6.632466084195736e-06,0.0007760126890855892,0.00028356207918194627,0.09187897042178345,0.00015283423227260742,1.83357353961808e-14,6.450961052320774e-07,7.768906621428111e-05,0.00024951800287083406,4.07736874405051e-07,0.0019974652389110367,0.00040504619283470756,0.000628771737584063,8.833131035681129e-06,0.0014081388411373273,1.0605489607930393e-05,0.004721640625624628,5.842518436525553e-05,1.0130588952616105e-05,0.00019193387198438913,0.020073412572353146,8.215696285754973e-08,0.00015022894251760766,4.959905560832641e-05,9.717924650145353e-08,3.66407856537957e-08,1.7692431288434448e-06,3.0789316648702986e-09,5.922723185625348e-06,3.5472942556419184e-07,0.00010581207833994905,0.0017623219051642518,7.480589051448183e-07,1.4964830194469293e-08,4.149308648507117e-05,0.003420111585422556,2.2570508982540492e-06,4.399989390236346e-09,1.86185598756206e-08,3.279511587307631e-07,0.0006376466339752947,8.479596866926184e-07,0.00019658604742413724,5.324814506839439e-06,0.0015056809515247294,0.0089414896397264,0.0023250813140324685,1.2653618298047426e-06,0.0002011730866786477,0.005537624847100298,0.0036159950659807698,0.00011485222604926975,7.46696220631454e-05,0.00012740866638709066,3.1237018997990405e-06,4.884851355380973e-07,0.014937636019131511,5.723811716426035e-08,2.341818125494627e-06,9.015310020275367e-08,0.0004427833822827441,0.004466963241928283,0.00010751862506484152,0.007112661431979642,2.8539052763093377e-07,5.697724977266156e-07,3.042769110903958e-09,9.240254602805518e-06,5.010217903259484e-07,1.9821686475464393e-05,9.590700170577183e-06,8.61445142088749e-08,1.2949459956670132e-05,0.0003020082817109697,1.2338087929747323e-12,0.00018108922837812926,0.0015046138020282677,0.0038584341041766564,3.816436498676163e-07,1.364129319928855e-07,6.42995198402545e-06,1.1606600932128278e-05,1.7932637930747869e-09,4.009851894349017e-06,0.00019445854777241388,1.9107756754934055e-06,0.0013076976322632613,2.0310895323199791e-07,5.649595615174291e-06,1.58163099723008e-10,0.00011325439022742674,0.027687388368793205,3.812734907578508e-05,2.1767466284063913e-08,3.711430258847112e-05,7.566616214672671e-13,1.0829076979294598e-05,5.052586170944599e-07,0.00016871942096992855,6.193200517851451e-06,2.2619592951371363e-06,0.010871433012838147,1.0723277770994264e-06,2.174252238831379e-05,2.84586052377103e-07,2.913868420733039e-09,0.006643632392470959,3.157354248576049e-08,1.0384912666636792e-08,2.0230397052839342e-05,0.000771799834640935,1.1705555133797442e-09,6.191610295040177e-05,2.7892150784868444e-05,2.6926657753504966e-08,1.629152705974694e-07,4.052534901346865e-07,0.0004366791399976731,0.004146211812479902,3.251842747420507e-07,0.0012541713481650629,1.7605786157801023e-06,7.085631981028814e-11,2.0322265409936128e-06,0.04009780705637144,0.005551827877196732,0.0006074958307783323,0.0003597381879844353,0.0003074460162714749,0.0004424415285187933,0.0001899961928258266,6.60487011628473e-09,1.2727763875392838e-06,1.7267302683758624e-05,2.5995857891391227e-07,1.8568664300283949e-09,2.9006846664231208e-09,1.4160326322450315e-05,2.266294627044847e-10,0.006229388889060574,3.91715267362649e-06,9.267574467772596e-06,0.00294838307509375,1.1890212663329122e-08,0.0011153667054558559,0.009622619062604856,2.660305826966413e-08,6.110588380985033e-05,0.00022207142423121904,0.006421041658935331,4.178403391671362e-08,1.3106688381278887e-06,3.8307630441216406e-07,0.0005759125273440192,5.3175698545613164e-05,0.05862176583112795,7.6895796734309e-06,5.806072986567271e-05,0.0003785744604435042,2.6778581299696667e-06,8.045518437113437e-06,4.747195555949691e-07,1.1408429836122347e-06,7.0616695303295e-05,0.0008751449929711502,1.0370278226687532e-05,2.5083215447069006e-05,1.4636895314950118e-07,1.2088278308855538e-07,2.0601306349777487e-06,1.4868353978612488e-10,0.004297880995117439,6.614945388103061e-05,7.185849907098009e-05,0.0007217268849195296,1.1969824811552667e-05,7.13260058948906e-10,6.16511527054177e-08,0.0017450373257684088,1.3334180474834683e-08,5.64903974840309e-06,1.9364211122628663e-05,0.006535136597171068,2.999887780682677e-05,1.9983972499667881e-07,2.1503404990137523e-05,9.590895568831209e-07,2.0720737389032774e-05,4.699543533377562e-09,9.863792292248368e-09
81.4070351758794,1.3049702993051704e-05,2.1330047797368787e-06,3.4256603849057518e-06,0.003896297426774243,0.014246252770799184,3.1041702659997393e-07,1.5351136117178427e-06,1.3637117680368614e-07,7.83410103424124e-05,6.607427560955863e-10,5.4485622839605204e-06,0.0006645184291815813,0.0002096650532213623,0.08965852309779551,0.00011812009278894566,6.7297597574124565e-15,4.78215783518632e-07,5.740435167915686e-05,0.00020551029613758058,2.757630264578598e-07,0.001677606837094722,0.0003512390659996491,0.0005197293702198392,6.334092176849805e-06,0.0010246908461337596,7.891566668705803e-06,0.004005085796097196,3.995815141704017e-05,6.597246866418607e-06,0.00016078945832801329,0.01837743804636783,4.12578748227631e-08,0.00010755544395287332,4.1669981693999444e-05,5.476544763452472e-08,2.265251657506652e-08,1.33368284463404e-06,1.907897678924213e-09,5.519916826046516e-06,2.3221564237467448e-07,8.078791416756639e-05,0.001495314826793946,4.865872433626027e-07,8.98930382635576e-09,3.507556849777876e-05,0.0026729286590493925,1.4312993263671228e-06,2.4971233676323424e-09,1.0038395719080232e-08,2.3900757957157945e-07,0.0005452774117120648,4.685488794763606e-07,0.00015475987735641986,3.284569310578852e-06,0.0012546575309480461,0.007699968987835404,0.0018770314956754709,7.32389133879382e-07,0.00014400184672514374,0.004474807890969776,0.0028409531879730093,8.486873627168974e-05,5.135340373106926e-05,0.000113999924434176,2.159450858635612e-06,3.130562238398722e-07,0.013107275351238548,3.793511499274045e-08,1.63811448097256e-06,4.9393240644649474e-08,0.00036536982924229684,0.0037170689466535355,8.23953467794479e-05,0.005750491615452603,1.575966611049804e-07,3.0789568023426115e-07,1.862262624760516e-09,7.08733245944689e-06,3.6294512565209456e-07,1.4913093608879951e-05,7.986801541545359e-06,5.106670765630016e-08,9.41519493696622e-06,0.00024011360021819963,6.634407347443033e-13,0.0001470326481048852,0.0012645318103134467,0.0032110993111962687,2.276639955104291e-07,8.930861929072467e-08,5.189060400770988e-06,8.071757734570276e-06,1.0830165368332384e-09,2.851115456014345e-06,0.00015216271054569507,1.1513695048897336e-06,0.0009825480499659005,1.1433620413886737e-07,3.763886696441515e-06,8.454797597107351e-11,7.741066124626371e-05,0.023462182767624927,2.8527160014549733e-05,1.1087577346529034e-08,3.220586718181214e-05,3.597607957156538e-13,6.888731757128731e-06,3.2915313970959683e-07,0.0001266153364181493,4.264315130318964e-06,1.5880476927697982e-06,0.009994865679021244,6.722196364157516e-07,1.6998392086077522e-05,2.2271963152511666e-07,1.7967157490624738e-09,0.0055472370967981875,1.957622438671155e-08,6.276849254266695e-09,1.4486330010029986e-05,0.0005426049984052234,7.419702295006819e-10,4.6112908982850695e-05,2.0396176462749296e-05,1.8107619455319755e-08,9.888184750544175e-08,3.034668050133245e-07,0.0003164608525347058,0.00339952710494933,2.3899098107478185e-07,0.0011349340599805802,1.3498290953760637e-06,4.859154360618766e-11,1.3606843408490492e-06,0.03894257724909946,0.004659273984514395,0.000399208819627001,0.00026250127233965403,0.00022072466091117978,0.00033915001349555795,0.00014527089979139216,4.740479503641284e-09,8.651511023217967e-07,1.1861854567635879e-05,2.1441157636546457e-07,1.0350887729502744e-09,1.918502931189044e-09,9.26175121286753e-06,1.2800021823567095e-10,0.005292817181943673,2.6697692728751373e-06,5.756959357684229e-06,0.002419124196844203,9.249052761229807e-09,0.0009199029153693356,0.008048557299366961,1.753302997892419e-08,4.445098287258195e-05,0.0001757527252989443,0.005481295512174765,2.8508652967896187e-08,7.71167714927555e-07,2.2448349465009115e-07,0.00046985692059338803,3.3082442134589105e-05,0.05489929265783019,5.728881884972491e-06,4.470427969560144e-05,0.00026506883329252285,1.8042333728615252e-06,6.044097090598723e-06,3.1393015270236954e-07,7.975774645255443e-07,4.919079157847857e-05,0.0007162583462818424,7.039871545349839e-06,1.7004687447428574e-05,8.857330686642826e-08,7.71675874066832e-08,1.289080442341212e-06,9.710039057767914e-11,0.003338473947567607,5.254786814038295e-05,5.7897355054184145e-05,0.0005204536514260447,8.786207776790673e-06,3.85280926649147e-10,3.973925692289428e-08,0.0014867955719395588,8.805245534432022e-09,3.3822655235476053e-06,1.4536950763143683e-05,0.005845435609217211,2.2540397635067726e-05,1.152784036251411e-07,1.3428560319768954e-05,5.230578818044351e-07,1.643692009797844e-05,2.515345097387605e-09,5.60020962371613e-09
81.65829145728642,8.196927828441963e-06,1.3735935442862236e-06,2.297944074792714e-06,0.0030723747418962446,0.012933894978208108,1.6910011838570413e-07,1.0129781724260448e-06,8.683506615932022e-08,4.8794729775874206e-05,3.868788719689396e-10,4.501098139483564e-06,0.0005700131623465027,0.00015445880361151867,0.08704736475044209,9.117868786902354e-05,2.4699672664025973e-15,3.5554371886557223e-07,4.2469029948947716e-05,0.0001697358457219265,1.8625824401264174e-07,0.0014050951798964084,0.00030514297375511615,0.00043018678553770616,4.558465148992127e-06,0.0007412056089996065,5.879734790937178e-06,0.0033849962409205885,2.7257268396665624e-05,4.297831522781606e-06,0.00013443835764237493,0.016791447333816958,2.0574493745613207e-08,7.654630464154251e-05,3.511062894686485e-05,3.073577322177679e-08,1.3974325058956606e-08,1.0043642048403243e-06,1.1969885470587482e-09,5.189897932591795e-06,1.5146686024534715e-07,6.161720262623043e-05,0.0012702106895091621,3.153518239383529e-07,5.4090261692516915e-09,2.981647515361933e-05,0.0020745200145972885,9.067923555598478e-07,1.4193628483841784e-09,5.394712604934067e-09,1.749243775184773e-07,0.000466126398641031,2.573673710139751e-07,0.00012156695349081195,2.0134456140751303e-06,0.001045573074428194,0.006627054976852011,0.0015126439056222052,4.2246469122574795e-07,0.00010259177467527607,0.003607229464704806,0.0022207233470765537,6.254662938050806e-05,3.505222072668206e-05,0.00010181099559830869,1.496700914159195e-06,1.9968950670762918e-07,0.011477501600176087,2.527272281363566e-08,1.1422214904183986e-06,2.6993015699131436e-08,0.00030204547706956693,0.003086021861910759,6.320589406342033e-05,0.004612790630590659,8.63111399751075e-08,1.649665879573208e-07,1.1416173926530757e-09,5.440895569501453e-06,2.646863801597539e-07,1.1208123753504999e-05,6.683761431286878e-06,3.034045936141306e-08,6.841360311158411e-06,0.00019041916092691648,3.582951601137828e-13,0.00011930933177199779,0.001063603978727737,0.0026663999388006933,1.35652318583788e-07,5.854242897804888e-08,4.1921827304341765e-06,5.592143126901903e-06,6.562152576513913e-10,2.0280660891435486e-06,0.00011882881639435997,6.904630961799785e-07,0.0007338168185695146,6.437515711297819e-08,2.516044854107335e-06,4.5283629634029744e-11,5.2681676006299745e-05,0.01975763513592147,2.1458514289757052e-05,5.608061061968978e-09,2.794538707584464e-05,1.7086134583156057e-13,4.380515160402994e-06,2.142154366823473e-07,9.470932085461064e-05,2.9400188603347064e-06,1.1206657848104804e-06,0.009183985196361077,4.2057330437793666e-07,1.3247235219253211e-05,1.751286057042637e-07,1.1110486613453731e-09,0.0046223052714558215,1.2168125202575485e-08,3.812590653941868e-09,1.035842548546803e-05,0.0003787435485367149,4.725077919140589e-10,3.431164939872124e-05,1.4976546262544886e-05,1.2192178465196296e-08,5.992359253630627e-08,2.2835848081091023e-07,0.00022854991572044588,0.002781342127131984,1.7580742746933552e-07,0.0010264320717058302,1.041977409364714e-06,3.343988077922935e-11,9.113804157541353e-07,0.037745127555680574,0.0039008106123231434,0.0002588679074605497,0.00019020009378578685,0.00015799356242832263,0.0002584634265413036,0.00011138681696730786,3.4273313826636324e-09,5.870094854189145e-07,8.103147564740836e-06,1.787016617478527e-07,5.783451377590612e-10,1.2786072428528737e-09,6.045037203174529e-06,7.245620178027583e-11,0.004489942354380044,1.816643228977809e-06,3.5478964872562457e-06,0.0019754206419416265,7.2375387985229816e-09,0.0007561587813243607,0.006714238736333397,1.1685603330086904e-08,3.218539237814836e-05,0.00013938741260125304,0.0046678679089822974,1.9629545982973588e-08,4.526774641150353e-07,1.309107724046431e-07,0.0003828805503939145,2.0396174040380505e-05,0.051299595398842456,4.271729691377279e-06,3.437855115456939e-05,0.00018411550978484267,1.2151416146273086e-06,4.557578830945811e-06,2.0729400121092842e-07,5.596515493056933e-07,3.420524099400573e-05,0.0005833753895152726,4.758010397288203e-06,1.1481385147730309e-05,5.3578481780957075e-08,4.935637772051582e-08,8.080740366679906e-07,6.415168104816714e-11,0.002577146244179606,4.185257723108987e-05,4.6869718672839394e-05,0.00037268480449847193,6.4455730645806465e-06,2.0790983582267025e-10,2.5642339239622267e-08,0.0012699917006834332,5.8280889116413275e-09,2.0172001538815326e-06,1.0881267893451247e-05,0.005225715341289681,1.6970752538383905e-05,6.63890450680566e-08,8.346048442895468e-06,2.8429581038828125e-07,1.3128444266478012e-05,1.3475134700132136e-09,3.191848670976223e-09
81.90954773869346,5.126540705224513e-06,8.852036305689057e-07,1.546771843230932e-06,0.0024145612939993825,0.011747603126350948,9.197368127606931e-08,6.683509200343599e-07,5.5234654204906746e-08,3.008477769174412e-05,2.2816918938983698e-10,3.739957756516171e-06,0.0004898699208679962,0.0001134168518530599,0.08406454756869455,7.02967961507749e-05,9.074061519038578e-16,2.6513572133923584e-07,3.146950549331356e-05,0.00014059800597587005,1.2564947074030185e-07,0.001173703653056645,0.0002656607995620825,0.0003566183866687099,3.29405289781003e-06,0.0005332153507238002,4.387165010105398e-06,0.002850606334468241,1.8558542768572407e-05,2.802690539610865e-06,0.00011218100830799298,0.015312365126734152,1.0196647023638309e-08,5.416725060237191e-05,2.9670346096157005e-05,1.7183319303134694e-08,8.600972033543851e-09,7.557492896944897e-07,7.608168846452546e-10,4.922496361865025e-06,9.848449177183979e-08,4.6941295697384306e-05,0.001080487420057835,2.0377083391673318e-07,3.261297521033606e-09,2.548769975862511e-05,0.001599308890037838,5.743483235595751e-07,8.085805685096698e-10,2.891869043129258e-09,1.2858922404119188e-07,0.00039833551460823237,1.4063203598142468e-07,9.527575749551907e-05,1.2272956064168118e-06,0.0008713934009271471,0.00570197448491985,0.0012172830958366826,2.430869366115029e-07,7.277019959674204e-05,0.0029024089668506915,0.0017276160737861941,4.598836392901237e-05,2.37522554945919e-05,9.075199471790432e-05,1.0406083657815077e-06,1.2681601053532268e-07,0.010030755660101651,1.6933778376140154e-08,7.93980775156615e-07,1.472367703684467e-08,0.00025024903978303816,0.0025567947859744897,4.85495797625816e-05,0.0036719205343046,4.690342420904188e-08,8.769000395370943e-08,7.012307599706948e-10,4.180540963964425e-06,1.9436090096852633e-07,8.417120051630342e-06,5.620664912233655e-06,1.8079309084061553e-08,4.96811337321592e-06,0.00015065772325424166,1.9439897209923304e-13,9.675168391691801e-05,0.0008956988188328726,0.0022097020299149885,8.078374851104707e-08,3.8443189194324975e-08,3.389720492715554e-06,3.8603622724874885e-06,3.991007372007821e-10,1.4435959979868123e-06,9.262815392602504e-05,4.121947803638435e-07,0.0005449618333553566,3.628353796816751e-08,1.6882559676845907e-06,2.4308657090470768e-11,3.571929358495177e-05,0.01653584221956763,1.6241014622408667e-05,2.8183984370716162e-09,2.424052711797028e-05,8.108379730250643e-14,2.7873463073828724e-06,1.3934894139248453e-07,7.062938782045376e-05,2.0310529637692703e-06,7.952716894425565e-07,0.008434261417175433,2.627084690679134e-07,1.0293570300532201e-05,1.3830808287854247e-07,6.887426356607741e-10,0.0038445551163933216,7.585570703838047e-09,2.328393246815754e-09,7.3962957461486164e-06,0.00026261977748537617,3.0238208536178427e-10,2.5518432463224918e-05,1.1048682086903299e-05,8.222120970445654e-09,3.627653124606956e-08,1.7270405757356495e-07,0.00016458343614304238,0.0022712887047441383,1.2948746102456777e-07,0.0009276663838043233,8.098591215473722e-07,2.309376058608861e-11,6.109234102997509e-07,0.036505235271788006,0.003258448657223852,0.00016565441662132286,0.00013685193774248353,0.0001128182249392312,0.0001958765127276793,8.570152579552889e-05,2.495707253430639e-09,3.9762523730005213e-07,5.504876883696915e-06,1.504763495227426e-07,3.2411439788816337e-10,8.589121421686293e-10,3.939415550920856e-06,4.111871141834046e-11,0.0038038507284430707,1.2342559175009216e-06,2.1700293120786407e-06,0.0016053519010493205,5.696532553712028e-09,0.0006195505342243634,0.005588395053391465,7.883428391004275e-09,2.3200864067303274e-05,0.00011082746448405948,0.003966414403892096,1.364526455607552e-08,2.6528803426733766e-07,7.601764755825992e-08,0.0003116635743371849,1.2466770731548774e-05,0.047840082497818064,3.188718331646202e-06,2.6413794831526906e-05,0.00012690528019086066,8.183761830357057e-07,3.4494658881549555e-06,1.3672400570863588e-07,3.943342408385807e-07,2.3754812973853472e-05,0.0004728501459450133,3.2024102715580636e-06,7.723414129295906e-06,3.2419936711082394e-08,3.1638896572557674e-08,5.076804272795386e-07,4.289941665425162e-11,0.0019778311860673163,3.342431651962215e-05,3.813060085016453e-05,0.0002650322323208118,4.7266926667004305e-06,1.1213882350841842e-10,1.656748942740318e-08,0.001087970395359188,3.866658606492436e-09,1.1993303165041095e-06,8.125878111043247e-06,0.0046702826176182165,1.2810389084977991e-05,3.8196102143587384e-08,5.1671169940474166e-06,1.5413607190280005e-07,1.0559072013557659e-05,7.230311523390969e-10,1.827413890929204e-09
82.1608040201005,3.194804642033104e-06,5.714683225897007e-07,1.045441079250222e-06,0.0018920818874034431,0.010675620271774747,4.9983750479061155e-08,4.4101036548847607e-07,3.511009141297225e-08,1.8367927415962486e-05,1.356552276978874e-10,3.1260881346419247e-06,0.00042185832105017695,8.304026462840348e-05,0.08073701373470009,5.4131315725047744e-05,3.340096054115994e-16,1.9832934240415475e-07,2.3363034560610717e-05,0.00011681514893316384,8.466628402692878e-08,0.0009778809725384866,0.00023184090428999402,0.00029612563560581836,2.391216593558972e-06,0.00038168471144315864,3.2787955643641334e-06,0.002391964595855141,1.2621213876424233e-05,1.8306698331015813e-06,9.341709799373943e-05,0.013936825103457952,5.026338391079571e-09,3.8122504745454145e-05,2.5146884601182638e-05,9.572422744119773e-09,5.280802951391103e-09,5.683163546834016e-07,4.901858406741192e-10,4.7095202379246635e-06,6.386314516122583e-08,3.571452440470989e-05,0.0009205816410242734,1.3137275779544857e-07,1.9709003660665354e-09,2.1907766852586215e-05,0.0012250195092782295,3.6393998268716893e-07,4.619965909267002e-10,1.5474734875899194e-09,9.495983655061492e-08,0.0003403026999870439,7.65000124584544e-08,7.449310868202343e-05,7.443494050691546e-07,0.0007262536793817368,0.004905909237057327,0.000978571927013862,1.396517608455754e-07,5.141016369333609e-05,0.0023321927848129406,0.0013379922254560662,3.374563990981734e-05,1.59833530028419e-05,8.073817494240946e-05,7.26174080207436e-07,8.020716062268176e-08,0.008750086321022203,1.1417619615463284e-08,5.5025335210869e-07,8.021257941008939e-09,0.00020786535299567146,0.0021143876520532587,3.7351476094882345e-05,0.0029012717540561933,2.530312107649206e-08,4.6274921374734616e-08,4.3173431801198377e-10,3.2148776383758487e-06,1.43727815938429e-07,6.318169633922449e-06,4.749648939184201e-06,1.0812013979609181e-08,3.6055993651367018e-06,0.00011894743360984014,1.0599491925817772e-13,7.840572109258203e-05,0.0007555512244004408,0.001828058348869513,4.811068564440821e-08,2.53031441952948e-08,2.7426196929362764e-06,2.655943296278416e-06,2.437507057129803e-10,1.0285453403111376e-06,7.20856308210484e-05,2.450231747025185e-07,0.0004025832020260966,2.0488773648819498e-08,1.1374933312915468e-06,1.3082534698307e-11,2.414415725099872e-05,0.013755638127519605,1.2377552031477445e-05,1.4082533850408398e-09,2.1014485268941633e-05,3.8461843278240926e-14,1.7765532779180623e-06,9.065438600281364e-08,5.2524870556111906e-05,1.4068758308411118e-06,5.677561007985977e-07,0.007741415329523353,1.6389048709412226e-07,7.977136791411892e-06,1.0966423300774892e-07,4.278186503837214e-10,0.003192500569594487,4.7445947258348725e-09,1.4303321271857127e-09,5.2736852336558645e-06,0.0001809979090670747,1.9450336411014993e-10,1.8978356479780804e-05,8.19357401274155e-06,5.555540901630961e-09,2.1949866927150162e-08,1.3128597798438455e-07,0.00011824328709721955,0.001851762710436574,9.551749375118137e-08,0.0008377576199090285,6.337708888882235e-07,1.6004941071172897e-11,4.100119074611175e-07,0.03522403434873692,0.002716120564409972,0.00010461593606133156,9.778776590409913e-05,8.041185271671938e-05,0.00014765660230088332,6.620811671760998e-05,1.8300500350961876e-09,2.689279989455866e-07,3.7192759573667534e-06,1.2798672874017517e-07,1.8230131155140575e-10,5.817174195636004e-10,2.564630502684436e-06,2.3400729864322514e-11,0.003219207360631814,8.37389094707581e-07,1.3178091259377414e-06,0.0012983035664354999,4.50902667526162e-09,0.0005060417579437862,0.004642438386716168,5.387874883972378e-09,1.6654083471557625e-05,8.838322120174005e-05,0.0033636662891921624,9.579724578307829e-09,1.5532192251328352e-07,4.398073748455216e-08,0.00025343211758485233,7.558030870679437e-06,0.044534205902750465,2.3835270479983047e-06,2.0282371766913993e-05,8.682817406929121e-05,5.513507760433235e-07,2.6203668046612297e-06,9.010793957881285e-08,2.7913296719464743e-07,1.6484545022599026e-05,0.0003814267708094779,2.14694465208876e-06,5.177888814011415e-06,1.9636976958268128e-08,2.033245693633106e-08,3.197819618952014e-07,2.904957654958588e-11,0.001509621228951539,2.6765952089362314e-05,3.118126871311797e-05,0.00018719625938883473,3.465590439728512e-06,6.048203442700726e-11,1.0720531865501478e-08,0.0009351005867045437,2.5714304018537616e-09,7.114078992248116e-07,6.05768531004573e-06,0.004173566747496196,9.700418037221469e-06,2.1968186740573077e-08,3.189507593468758e-06,8.342988982722913e-08,8.551941239716237e-06,3.8881721832216554e-10,1.0516159581236863e-09
82.41206030150754,1.9853631427886376e-06,3.699657657866648e-07,7.099740754686773e-07,0.0014790149834902721,0.009707106754015007,2.716024338103878e-08,2.9109369947322663e-07,2.231097554814444e-08,1.1108523160061094e-05,8.13660177097999e-11,2.6289873569304988e-06,0.0003640896660256576,6.0647300641146896e-05,0.07709910828882972,4.163168194615188e-05,1.2330770813310073e-16,1.4882902565977932e-07,1.7382210178930677e-05,9.73585133708549e-05,5.6990421904752976e-08,0.0008127019315018574,0.00020286124564467732,0.0002463316049316775,1.7444833831676377e-06,0.00027199730803011493,2.4548430340776588e-06,0.0019999417508756983,8.57948842909457e-06,1.1984307682906158e-06,7.763098350297864e-05,0.012661182566857858,2.4665384084454937e-09,2.6691476600926357e-05,2.1376582430289334e-05,5.315222672732346e-09,3.233834133563751e-09,4.2717909670811896e-07,3.202778059966787e-10,4.544386246050107e-06,4.1322689324534826e-08,2.7133043954450823e-05,0.0007857663900803807,8.456486781735467e-08,1.1941297283284038e-09,1.893217984633093e-05,0.000932549179942526,2.3086647056923225e-07,2.649385555882418e-10,8.272489228235896e-10,7.045477115841482e-08,0.00029064747972504294,4.145714739600325e-08,5.809978623693581e-05,4.4947307635110956e-07,0.000605273309451518,0.004221974968454739,0.0007861295344844232,8.017204832609661e-08,3.61880259378285e-05,0.0018725115207363636,0.001031923507839116,2.471995763598588e-05,1.068424078350416e-05,7.168957607214279e-05,5.089007728804665e-07,5.053769031853288e-08,0.007619367219295607,7.75061814768332e-09,3.8023238541052096e-07,4.367235622052176e-09,0.00017315533717200598,0.0017456752113859035,2.878921985702396e-05,0.0022758947023108853,1.3558080303750439e-08,2.4258898681668786e-08,2.6652814513719935e-10,2.4744164232534945e-06,1.0704937171515932e-07,4.741884263502564e-06,4.032978213800386e-06,6.493417332651644e-09,2.615188589704376e-06,9.373527391707173e-05,5.809423553938749e-14,6.349246817934835e-05,0.000638666356160455,0.0015101071212395474,2.8669868592327178e-08,1.6702188887764886e-08,2.2200193151967096e-06,1.8216326253993158e-06,1.4956723536637636e-10,7.337321703678364e-07,5.601659174808084e-05,1.4506206621264064e-07,0.00029595907357486874,1.1600406480785657e-08,7.698059885047484e-07,7.0607864468833816e-12,1.628086802733804e-05,0.01137447411562665,9.505599234918496e-06,7.000548511660605e-10,1.820288094621537e-05,1.8242447768718072e-14,1.1353405985174345e-06,5.901165134028701e-08,3.896105517388701e-05,9.777645127907336e-07,4.0792690440565294e-07,0.007101419593894231,1.0214506932785541e-07,6.167334893579509e-06,8.726614268529465e-08,2.661564940415582e-10,0.002647297043008873,2.9787069351366375e-09,8.8412777532973e-10,3.754746270696506e-06,0.00012405950947813835,1.2578372158837644e-10,1.4120788789809091e-05,6.111068563766062e-06,3.762536532565563e-09,1.3281847997040163e-08,1.003247840519835e-07,8.479953588989652e-05,0.0015076712098797867,7.058786196853515e-08,0.0007559274848099486,4.993586138986446e-07,1.1131312521924766e-11,2.756104994160178e-07,0.03390401452712275,0.0022595944030946824,6.520566248138884e-05,6.939858577277098e-05,5.724205684097612e-05,0.0001107458673610528,5.138754488032128e-05,1.3511251113311801e-09,1.8162916795310298e-07,2.499280742850798e-06,1.0992362140104253e-07,1.0297401280336954e-10,3.973140287771218e-10,1.6687949997878065e-06,1.335896005038216e-11,0.00272224918394422,5.67393635065339e-07,7.94907970433914e-07,0.0010448851544972355,3.5885667514072885e-09,0.00041209977053942006,0.003850613371713036,3.733269680626798e-09,1.1907665466440338e-05,7.072793851751993e-05,0.00284746569629889,6.794790537505893e-09,9.09123877127671e-08,2.536786575843035e-08,0.00020587773782641534,4.546913519290441e-06,0.04139176487025529,1.7845513386584458e-06,1.557034845821687e-05,5.898855343417315e-05,3.7170860695958066e-07,1.9977110522988275e-06,5.936158782217397e-08,1.985855694544494e-07,1.143624816368327e-05,0.0003062183480512273,1.4340194890761972e-06,3.4606033011740428e-06,1.1914870476173692e-08,1.3102659033769995e-08,2.0201007413756397e-07,1.9926126168837908e-11,0.0011464432874462567,2.1491288587457362e-05,2.5635408906455416e-05,0.00013133488705082148,2.5410287170896663e-06,3.263485410852301e-11,6.9491970502368225e-09,0.0008066341620679727,1.7141081632564195e-09,4.213382443023814e-07,4.5108265363815805e-06,0.0037301861796114003,7.3728797623410335e-06,1.2638193113213154e-08,1.964724232215881e-06,4.5121098749247674e-08,6.97431302343906e-06,2.0967936073156767e-10,6.086407778981088e-10
82.66331658291458,1.231245692093692e-06,2.4044401264477053e-07,4.847576931664289e-07,0.0011537872784430317,0.008832123805998834,1.4765277863756556e-08,1.922483563043406e-07,1.4178688936834703e-08,6.6569015511257666e-06,4.9269109659662364e-11,2.2247743203157695e-06,0.00031496801623739055,4.419855677399698e-05,0.07319178818844488,3.197772321159537e-05,4.570065395300576e-17,1.1204948016800343e-07,1.2963240109115908e-05,8.140206162734147e-05,3.8324004026023057e-08,0.0006738178144418776,0.00017801434189591001,0.00020529102816756114,1.2795018056333501e-06,0.00019306357924864055,1.8415723922941007e-06,0.0016662220605453938,5.833461798031651e-06,7.867399096047269e-07,6.437945127273437e-05,0.011481533752745765,1.206030477480226e-09,1.8596336378738817e-05,1.8226620253345414e-05,2.94270023976017e-09,1.9748274224480063e-09,3.2101264043091947e-07,2.1229195809657572e-10,4.421823087623157e-06,2.6694444808276303e-08,2.0579424873002534e-05,0.0006720393703833453,5.4387456579659125e-08,7.255143682733391e-10,1.6445747152309042e-05,0.0007057514540737705,1.4670657544095933e-07,1.5259565442741012e-10,4.4213655806308403e-10,5.2524350281017454e-08,0.0002481809431563481,2.2398088551316674e-08,4.519791226225502e-05,2.704086999860016e-07,0.0005043959997901394,0.0036351480671626517,0.0006313145236004471,4.6031481287919815e-08,2.5390786107245853e-05,0.0015030341619194103,0.0007928035176166585,1.8082933485670535e-05,7.097069539918586e-06,6.353072566236472e-05,3.5834279254958206e-07,3.173444800622732e-08,0.006623440418249255,5.299615121334374e-09,2.620060914362018e-07,2.3778341985060266e-09,0.0001446945487579274,0.0014392461597627164,2.223521934115596e-05,0.0017729392673836856,7.219520718029418e-09,1.2642214479140597e-08,1.6504282092669823e-10,1.90623413201765e-06,8.031294125000152e-08,3.559417141220244e-06,3.4407997436936926e-06,3.918728760121773e-09,1.8957142728471395e-06,7.374660768838424e-05,3.2014933565931826e-14,5.137614353444711e-05,0.0005412272246560759,0.001245953526390872,1.710452899209775e-08,1.1062538234010262e-08,1.7974464241131386e-06,1.245872059290394e-06,9.224701960348857e-11,5.242226798887572e-07,4.34735941014743e-05,8.555337236103759e-08,0.00021660934599923993,6.5900941406402545e-09,5.234161684585349e-07,3.822567298456905e-12,1.0959667881051717e-05,0.009349911704500983,7.361036884889945e-06,3.4645676265009654e-10,1.5751327065967305e-05,8.654714828779157e-15,7.282296434874836e-07,3.845746636045066e-08,2.8832366826186527e-05,6.822181422437125e-07,2.9507484186788207e-07,0.006510495494227496,6.362003235923561e-08,4.758374272572822e-06,6.966769502074978e-08,1.6575862310699697e-10,0.0021925444364798087,1.877760302354384e-09,5.500581426750627e-10,2.6692887191966254e-06,8.461452075606113e-05,8.179994318298113e-11,1.0516276334301005e-05,4.586139491790917e-06,2.5552410480497557e-09,8.041878734473357e-09,7.707406596852105e-08,6.07403685942587e-05,0.001226168010574852,5.2274777471372255e-08,0.0006814831157028264,3.9611701243932157e-07,7.769179691992085e-12,1.8562643792854583e-07,0.032548968227439176,0.0018763567255002966,4.011334496810464e-05,4.8921058868275294e-05,4.072122435664019e-05,8.266622581710007e-05,4.00931250672724e-05,1.0042208734439785e-09,1.2251098956131136e-07,1.6705180889304813e-06,9.530018583245888e-08,5.84472701291513e-11,2.7372466572390045e-10,1.0858827274433895e-06,7.652425809119266e-12,0.002300735336223861,3.839977816005372e-07,4.764903559703899e-07,0.0008368425738729237,2.8709546487874063e-09,0.0003346515706737977,0.0031900131373929093,2.6243383679433614e-09,8.483104162295742e-06,5.6821471713735235e-05,0.002406770215092677,4.870754513219166e-09,5.323132306853626e-08,1.4596370803542548e-08,0.00016708602959707543,2.7157580673454306e-06,0.03841924269634753,1.3386162581772754e-06,1.19542768613552e-05,3.980481178610146e-05,2.508538708339334e-07,1.5283525345863342e-06,3.9105909882530126e-08,1.4205437407150212e-07,7.935693089195739e-06,0.0002446846870156424,9.544964597001184e-07,2.3063295048248607e-06,7.247225689416769e-09,8.46898232850318e-09,1.2801342151930273e-07,1.3848766967069184e-11,0.0008666175387686284,1.7300438650418675e-05,2.119319074423803e-05,9.153587446211142e-05,1.8635635302459888e-06,1.7624070591052905e-11,4.51345526321174e-09,0.000698579640880085,1.1452865891567506e-09,2.4935491615054564e-07,3.357296013971454e-06,0.003335003875376377,5.628080256805417e-06,7.276749948908967e-09,1.2088619098876926e-06,2.4401777750052066e-08,5.726277503062797e-06,1.1345550791153803e-10,3.54482165358073e-10
82.9145728643216,7.625965542631652e-07,1.5704111891355197e-07,3.3296672330091906e-07,0.000898636501312535,0.00804160179700927,8.035019467961217e-09,1.2707225635918905e-07,9.014693661494246e-09,3.9540082400299875e-06,3.0136746140863954e-11,1.894703823664569e-06,0.00027314704401204813,3.215416364697993e-05,0.06906156104932915,2.4530178388959058e-05,1.7020879129438258e-17,8.464364395221863e-08,9.692416559370239e-06,6.828214696991806e-05,2.5748641946396347e-08,0.000557407376826279,0.0001566932740050413,0.0001714143238973354,9.438225591651205e-07,0.00013656145202954815,1.3844805119782324e-06,0.001383281598464017,3.9699995818860746e-06,5.182026655576675e-07,5.328144227984902e-05,0.010393742001244549,5.881294056185973e-10,1.2896297021156778e-05,1.5588899602076128e-05,1.6249643207294678e-09,1.2024404984790442e-09,2.412207257075875e-07,1.427897556600538e-10,4.3376323064154585e-06,1.7226578576605612e-08,1.557968395275348e-05,0.0005760222366473035,3.4972778419426383e-08,4.421089293499981e-10,1.4356496589100311e-05,0.0005311627602782454,9.344721430167936e-08,8.833278829419572e-11,2.364426998550047e-10,3.9348579754142535e-08,0.00021187964838158114,1.2072759247342989e-08,3.506813564035947e-05,1.6219184266195486e-07,0.00042025310626145584,0.0031321564751042724,0.0005069822563015442,2.6453929127534664e-08,1.7765065906567134e-05,0.0012067681808000524,0.0006069412289243198,1.3213176108389738e-05,4.686280468342529e-06,5.6190389701969766e-05,2.5366891015285624e-07,1.986623323700115e-08,0.005748200823122968,3.6516982274733085e-09,1.800502244885485e-07,1.2954970574739474e-09,0.00012131998786269721,0.0011852397793720424,1.7211409664098897e-05,0.0013719152970244166,3.822475752260599e-09,6.55401620708641e-09,1.0254935571020103e-10,1.4699628910117524e-06,6.069916759992607e-08,2.6730776810546507e-06,2.949414459834979e-06,2.37777926510127e-09,1.3733905511015e-06,5.794073583010745e-05,1.7744141252600344e-14,4.153800682327662e-05,0.00046000792660674014,0.001027041354036961,1.0221657766827785e-08,7.356268460390647e-09,1.455426638167139e-06,8.499340645993108e-07,5.721227696252905e-11,3.7522574074800194e-07,3.370190290204168e-05,5.027464129099097e-08,0.00015789989442692296,3.758831971036604e-09,3.5763514276527857e-07,2.0763579069847113e-12,7.3701372560301345e-06,0.007640762788204726,5.7514737886999915e-06,1.7081775561254344e-10,1.3613534193771262e-05,4.1087484729889e-15,4.6927795483122103e-07,2.5104146111435116e-08,2.1291655599187592e-05,4.781607294965717e-07,2.149583514354826e-07,0.0059651069152722135,3.961002098587273e-08,3.66507128309543e-06,5.5779186043874823e-08,1.032902944701253e-10,0.001814067500526205,1.1890381888625583e-09,3.445077169911908e-10,1.8946915930072694e-06,5.7460030841753395e-05,5.350815750851444e-11,7.842897709419032e-06,3.464638325779196e-06,1.740906582348737e-09,4.875165645118403e-09,5.953147103231127e-08,4.3477720570270434e-05,0.0009963908575590015,3.880497598610574e-08,0.0006138038730303089,3.1632069023948134e-07,5.441828203424635e-12,1.2530588172617997e-07,0.031163888036035217,0.0015554770200601165,2.4357591443119768e-05,3.4259014615392025e-05,2.896638279050098e-05,6.142999705401992e-05,3.146097445069891e-05,7.5129503901425e-10,8.253847479032923e-08,1.1107214949852463e-06,8.336733703483598e-08,3.335316351680031e-11,1.9025918954078852e-10,7.069244839226138e-07,4.3999026684343236e-12,0.0019438668977403044,2.5960741873535116e-07,2.839686811967849e-07,0.0006669676986456625,2.30827930899118e-09,0.000271040160899213,0.0026404940574228865,1.872630751736382e-09,6.023557962805679e-06,4.584946905615278e-05,0.0020316324794116677,3.5298164272816576e-09,3.119840128133216e-08,8.383242657932307e-09,0.00013547419123036586,1.6112176661395667e-06,0.035620162252766444,1.0062656578988384e-06,9.18234895524321e-06,2.6686955943056553e-05,1.6951936688633046e-07,1.1732452908205886e-06,2.5772017215452385e-08,1.02211806590997e-07,5.510521681608429e-06,0.00019460862846460396,6.33242759355668e-07,1.5330733109638464e-06,4.422221253978157e-09,5.491586230565647e-09,8.139311988350869e-08,9.753868498287197e-12,0.0006523551653857157,1.3960487786573896e-05,1.7621393846839774e-05,6.338367806042427e-05,1.367330775874134e-06,9.529571259177822e-12,2.937901810739743e-09,0.0006075904502394899,7.669819588413732e-10,1.4757816306513697e-07,2.4990740655734317e-06,0.00298317064237538,4.317411154207974e-06,4.1954567728752395e-09,7.43601636719582e-07,1.3206149948648918e-08,4.732392362924243e-06,6.162750130458091e-11,2.0786889645499438e-10
83.16582914572864,4.7209325578959426e-07,1.0318575154643356e-07,2.302019707342055e-07,0.0006990787233917374,0.00732729727906962,4.3790110757349505e-09,8.408444043687934e-08,5.736292434271357e-09,2.328497936706877e-06,1.8631090339577775e-11,1.624022746246973e-06,0.00023749235626541193,2.335896972938033e-05,0.06475920110272494,1.8791492260713773e-05,6.3766838008841245e-18,6.416275606318685e-08,7.266369659347879e-06,5.746514949032738e-05,1.7285872404635195e-08,0.0004601290461531862,0.00013837884396216267,0.00014340395306778367,7.004008113704034e-07,9.630779244199611e-05,1.043264239757807e-06,0.0011443565564348598,2.7060723422281653e-06,3.4264165633109557e-07,4.400940770446156e-05,0.009393470402819406,2.8632525050780253e-10,8.904436138359744e-06,1.3375192220744052e-05,8.953069693008071e-10,7.298842814704982e-10,1.8129196869349906e-07,9.747558423820234e-11,4.288493966704745e-06,1.1111866227081821e-08,1.1770076277710548e-05,0.0004948708953616044,2.2499662998837667e-08,2.702522744495944e-10,1.259085910031126e-05,0.0003976995743756302,5.969936477711151e-08,5.142415409545609e-11,1.266159480204461e-10,2.9624430444958675e-08,0.0001808629892669925,6.496696839469891e-09,2.7134909019599998e-05,9.706000404227622e-08,0.00035004789063684805,0.00270134846835355,0.0004072617665279425,1.5228602532577775e-08,1.2400252549840732e-05,0.0009696424508764607,0.0004631604096305629,9.646802637020113e-06,3.077175627951978e-06,4.9601368514993465e-05,1.8061886880222497e-07,1.2403063160874743e-08,0.004980634158058869,2.536697806329669e-09,1.234077542383666e-07,7.067024663074768e-10,0.00010208459833581963,0.0009751847816155453,1.3354091066505849e-05,0.0010547974655501023,2.013519575395273e-09,3.382505831010438e-09,6.395962234083555e-11,1.1347696881476904e-06,4.621736198436354e-08,2.0090193071021014e-06,2.5399432498822967e-06,1.451402198511114e-09,9.944329605298893e-07,4.547218782253413e-05,9.893471471624286e-15,3.35549089789309e-05,0.0003922937709394655,0.0008460208810275317,6.121658466342501e-09,4.913826820372434e-09,1.1784110995820778e-06,5.785403446522998e-07,3.569766279203965e-11,2.6915947393241927e-07,2.6102538238022533e-05,2.9442931811861617e-08,0.00011469387728056581,2.1538123278706674e-09,2.456056591892669e-07,1.1318626268129017e-12,4.954732786862133e-06,0.006207920099816967,4.536682449914858e-06,8.396401488924421e-11,1.1749828076631022e-05,1.9527073012674193e-15,3.0410654879882196e-07,1.642317336901507e-08,1.5693202651270636e-05,3.36837953971821e-07,1.5775386877159516e-07,0.005461951951205374,2.465851012902226e-08,2.819236416739177e-06,4.477438470662457e-08,6.436789825514007e-11,0.0014996884918085619,7.565665130314397e-10,2.17235355522669e-10,1.3427293735583654e-06,3.8872171570574164e-05,3.5215522258201645e-11,5.860191469246056e-06,2.6359188998165322e-06,1.1904616080125435e-09,2.960886346919511e-09,4.623207418564799e-08,3.111694782916571e-05,0.0008092095903994626,2.888202717588194e-08,0.0005523302174447419,2.5426029808470147e-07,3.825261798668267e-12,8.480482121459459e-08,0.0297548198582073,0.001287463583826381,1.459994651357208e-05,2.3836961975438662e-05,2.061544906531892e-05,4.545838319902867e-05,2.484111393801703e-05,5.657136084432119e-10,5.554986195092966e-08,7.347168779376712e-07,7.355246951847483e-08,1.914554317024929e-11,1.3344947276314602e-10,4.6065333096978866e-07,2.5400632977057143e-12,0.0016421863694906953,1.7535290374292316e-07,1.6833824005795752e-07,0.000529007110683374,1.864604027308969e-09,0.0002189819576883347,0.002184519646039218,1.3570023459728303e-09,4.264655891628691e-06,3.71750755805079e-05,0.001713159942118276,2.5868815137598485e-09,1.8313540106079432e-08,4.8089596210987484e-09,0.00010973704648190624,9.500315047853615e-07,0.03299544833727685,7.582406807170338e-07,7.059203833145802e-06,1.7782528402229615e-05,1.1474329251020758e-07,9.036053518589285e-07,1.699810497070744e-08,7.400196365642077e-08,3.831044679435345e-06,0.00015407085993299354,4.188238645778646e-07,1.01663453616257e-06,2.709040813597506e-09,3.57309021451594e-09,5.1932142177071235e-08,6.9623550672306175e-12,0.0004892381404073753,1.1290392450948036e-05,1.4738180541426354e-05,4.361035836871758e-05,1.0039080814577872e-06,5.161144156168397e-12,1.9169739388484587e-09,0.000530867057616517,5.147895827583822e-10,8.74147635914754e-08,1.8616345409800119e-06,0.00267015640190007,3.3303895539548713e-06,2.4233625968815777e-09,4.576967556010526e-07,7.1574638807238775e-09,3.9354900218697664e-06,3.362051892567704e-11,1.2279022206485787e-10
83.41708542713567,2.9233482104198815e-07,6.827843371204723e-08,1.6027653124917853e-07,0.0005434049054891047,0.006681742411870605,2.391057226518767e-09,5.5716135961422094e-08,3.6546548835522897e-09,1.3598903591258271e-06,1.1646500829238945e-11,1.4010876038888004e-06,0.00020704887729473695,1.69515107424491e-05,0.06033830101298449,1.4374881771558712e-05,2.405394167246307e-18,4.881111131136842e-08,5.462683759242159e-06,4.8521553275653074e-05,1.1596439714026885e-08,0.0003790748303379421,0.000122627943546424,0.00012020147672428109,5.230259983203095e-07,6.775023021491342e-05,7.881066239317703e-07,0.0009434041541138722,1.8486247654876567e-06,2.2754147348687576e-07,3.6282006240772584e-05,0.008476220043981225,1.393042487662152e-10,6.12313478626099e-06,1.1513287297142041e-05,4.923761061383377e-10,4.4161022169276917e-10,1.3630383813305887e-07,6.754173591401595e-11,4.271807244137234e-06,7.169014979953576e-09,8.871502061077127e-06,0.0004261964252941232,1.4491696717838452e-08,1.6573813444109715e-10,1.1089862884288836e-05,0.0002963476258774457,3.827410575620383e-08,3.0126521705633315e-11,6.794975122561068e-11,2.2415937585088353e-08,0.00015437359920004,3.49277118627444e-09,2.093839890700185e-05,5.799312797953276e-08,0.0002914582149737639,0.002332550004489678,0.00032735525893597036,8.787780840385687e-09,8.639141837513326e-06,0.0007800990803349002,0.0003524211424464445,7.03901651789793e-06,2.010102651057825e-06,4.37003321807728e-05,1.2942073934332962e-07,7.725627879056382e-09,0.004308819519013591,1.7771752593661233e-09,8.437370801793939e-08,3.862280500192161e-10,8.621875506281791e-05,0.0008018438841763151,1.0386773869098965e-05,0.0008060037636932908,1.0558403249907069e-09,1.7391600047209026e-09,4.0055867032651456e-11,8.77076656909149e-07,3.5454759908678485e-08,1.5115713608324046e-06,2.1972943900640127e-06,8.916946438204849e-10,7.196604598552848e-07,3.565735188435889e-05,5.550602705886875e-15,2.708173117619225e-05,0.0003358089498683935,0.000696617745040755,3.675842062952205e-09,3.2989666271144097e-09,9.539452529512963e-07,3.9306552014197375e-07,2.2417771349685823e-11,1.9356007204351525e-07,2.0201799273918692e-05,1.718805749009667e-08,8.305205299153513e-05,1.2404364452375502e-09,1.6955305636355514e-07,6.193353939105191e-13,3.332280401021549e-06,0.005014924878041208,3.614318900159633e-06,4.1176186685568334e-11,1.012598738983666e-05,9.29467779050833e-16,1.9836057376129233e-07,1.0773003789253244e-08,1.1547232371085801e-05,2.386065609128366e-07,1.166618765825168e-07,0.004997952731182913,1.5352879728095323e-08,2.1665949248245827e-06,3.602294218489267e-08,4.0095064885170183e-11,0.0012390027554133813,4.83881036925754e-10,1.3791481075359294e-10,9.500050833713323e-07,2.6212355488343463e-05,2.3324090930982583e-11,4.3890999921946135e-06,2.0204179941008554e-06,8.174493868412614e-10,1.8027192093846353e-09,3.610028830031464e-08,2.2279199684547704e-05,0.0006569913450849248,2.1558480023820427e-08,0.0004965543947949841,2.056948553405712e-07,2.6985606004804252e-12,5.755777132786956e-08,0.028328678902257178,0.0010641180565428556,8.63921555579201e-06,1.6481478427294547e-05,1.4688313072536487e-05,3.350894091033538e-05,1.9744819062592018e-05,4.2870350958945765e-10,3.7351709560452795e-08,4.83552085049292e-07,6.54148122198526e-08,1.1060160885008698e-11,9.447352932379674e-11,3.0059447833052646e-07,1.4728226748183594e-12,0.001387465343036767,1.1835510203164593e-07,9.931590593435404e-08,0.0004175717204860802,1.5128369885778471e-09,0.00017652588529994627,0.0018069590503695203,9.989604534334751e-10,3.011786987709402e-06,3.0300684990353686e-05,0.001443459705827498,1.9177725221938936e-09,1.0772761938234495e-08,2.7569298016354033e-09,8.88008172735465e-05,5.5703663038525e-07,0.03054378691653567,5.72852840236568e-07,5.433755869001026e-06,1.1780271914156084e-05,7.781544933612223e-08,6.981388584936101e-07,1.1224719341843796e-08,5.392905382239566e-08,2.66788021151587e-06,0.00012142359020833069,2.762128192350991e-07,6.726708328611971e-07,1.6673149047477276e-09,2.3331759745818192e-09,3.325447607955751e-08,5.036752379398121e-12,0.00036571248015282735,9.149234233193281e-06,1.2401420325300846e-05,2.9818494133795755e-05,7.377448782210206e-07,2.800772198695877e-12,1.2541294768307696e-09,0.000466071971317812,3.46277336554607e-10,5.186160258631558e-08,1.3886743813803568e-06,0.002391769969426307,2.584922325341631e-06,1.4029504930037702e-09,2.8214043633142e-07,3.887513839531297e-09,3.2920868207205267e-06,1.842896361599137e-11,7.310014907544718e-11
83.66834170854271,1.812122154178884e-07,4.554497554925923e-08,1.1243090525055785e-07,0.00042222187918247587,0.006098189786899859,1.3085400859027952e-09,3.698062345621954e-08,2.332205173693013e-09,7.878309801571932e-07,7.364235076467232e-12,1.2166825866605848e-06,0.00018101282790701764,1.2292734462535434e-05,0.055853725907301977,1.0980009853396182e-05,9.144922491658535e-19,3.726878365629469e-08,4.118252907712701e-06,4.1105209946499164e-05,7.775038657783801e-09,0.00031172629992173964,0.00010906313701733531,0.0001009437689419028,3.9311172311059334e-07,4.7564560701466804e-05,5.969361414184924e-07,0.0007750583130464863,1.266434463710763e-06,1.518286190879052e-07,2.985789839219926e-05,0.007637372601932399,6.780318352859748e-11,4.1945988384049434e-06,9.943923433153617e-06,2.703929634428859e-10,2.6629652345881846e-10,1.0254163577002727e-07,4.750441649242624e-11,4.2855580314119155e-06,4.629136566583938e-09,6.669824733492019e-06,0.0003679959770529327,9.350422330578804e-09,1.0198456239528872e-10,9.80612908043812e-06,0.00021985926821496108,2.4637911939225823e-08,1.7771543143091957e-11,3.657353457043051e-11,1.7048436267488645e-08,0.00013176040514554634,1.8772980609397853e-09,1.611180006031587e-05,3.462342389200483e-08,0.00024255521798778482,0.0020169187256485325,0.0002633612178854097,5.086814247467038e-09,6.01035530497657e-06,0.0006287112410768902,0.0002674735917694358,5.134532824400172e-06,1.306769253088489e-06,3.842768856415157e-05,9.33682063429713e-08,4.8027956437726976e-09,0.0037219057586736926,1.2561045271037894e-09,5.754936884554591e-08,2.1160020221192282e-10,7.309796602010672e-05,0.0006590666924781608,8.09931743583411e-06,0.0006122787368145786,5.514878161732195e-10,8.915435673921484e-10,2.5197608783906436e-11,6.788363903414997e-07,2.7403465799261073e-08,1.1388670838613488e-06,1.909361813711572e-06,5.516537838449398e-10,5.205488185502835e-07,2.79459762468454e-05,3.134252506751877e-15,2.1837029028782227e-05,0.000288651959549691,0.0005735064258174304,2.21399856459859e-09,2.227231455926636e-09,7.720228599583801e-07,2.6664520715305774e-07,1.4175222881094634e-11,1.395938389703424e-07,1.5626290020385768e-05,1.0004225470455397e-08,5.9980740517217816e-05,7.183517814583934e-10,1.1767756447692662e-07,3.402460361875628e-13,2.2436203983269933e-06,0.004028317783238994,2.9095370843382144e-06,2.016113019270597e-11,8.712328650836867e-06,4.4331935035678087e-16,1.303473145733851e-07,7.089270820706387e-09,8.483935552079557e-06,1.700427686408325e-07,8.695796869062931e-08,0.004570244012579996,9.56269593137408e-09,1.6641846294541218e-06,2.9041000584879915e-08,2.4952631486286734e-11,0.0010231643958058905,3.1117617735574305e-10,8.814789508290378e-11,6.710188145945254e-07,1.762806981956503e-05,1.5550365554906128e-11,3.2966434403200962e-06,1.5607930578371352e-06,5.639274917724091e-10,1.1009973203329667e-09,2.8343459513914055e-08,1.5966178433722986e-05,0.0005333863315022466,1.6141971799788107e-08,0.00044601270339784645,1.6745763978811652e-07,1.9105960976734177e-12,3.9185529029687303e-08,0.026893037449569623,0.0008783937239867322,5.047129516544679e-06,1.1326406628637103e-05,1.0482953035229797e-05,2.4612461908335238e-05,1.580461884382486e-05,3.269449190586723e-10,2.509566223422616e-08,3.166846243645351e-07,5.8612717995834576e-08,6.432899398765361e-12,6.751539635877791e-11,1.965091582356018e-07,8.580550473572836e-13,0.0011725870472331322,7.98395051933711e-08,5.834674835215937e-08,0.00032804866027202846,1.2324503264483793e-09,0.0001420146325039706,0.0014948606247043963,7.472158904884131e-10,2.1225810826496218e-06,2.483773198650997e-05,0.0012155728138930353,1.4385878553196356e-09,6.353624815205816e-09,1.5805050895878767e-09,7.178384952760263e-05,3.249689137436915e-07,0.028261973280348067,4.340280865184794e-07,4.189500301823507e-06,7.761083794310421e-06,5.2886809859780705e-08,5.410358639394243e-07,7.424163190213864e-09,3.9569938951231966e-08,1.8618530542364313e-06,9.526364305090865e-05,1.8167326075529868e-07,4.441600192439902e-07,1.0317306603180395e-09,1.5292542573354935e-09,2.1372860060759067e-08,3.6925831118141584e-12,0.00027261608804746124,7.42711584779328e-06,1.04997286370535e-05,2.026429238674995e-05,5.427710337552405e-07,1.5234035796039901e-12,8.228307757941604e-10,0.00041125647701228935,2.3342259073449385e-10,3.0842055576593406e-08,1.0378970801223362e-06,0.002144168383938456,2.0200192221818057e-06,8.143616063796072e-10,1.743278867725759e-07,2.1174014298642238e-09,2.7689749963965635e-06,1.0153966508657338e-11,4.3876945302157234e-11
83.91959798994975,1.1253254679091312e-07,3.0655320979709324e-08,7.949495288978787e-08,0.00032804552573400034,0.005570555149773422,7.179693173620119e-10,2.459375494983069e-08,1.4912962008452727e-09,4.528666340669971e-07,4.711506440060045e-12,1.063491560798162e-06,0.00015870781238542584,8.910815197960215e-06,0.051360040002306616,8.373906904759572e-06,3.507504472526228e-19,2.85632265722524e-08,3.113383508823689e-06,3.4936765025295404e-05,5.210502381256361e-09,0.00025591292354058695,9.73634227562376e-05,8.49269735094701e-05,2.9744262000230676e-07,3.33413869455632e-05,4.534038900959857e-07,0.0006345819124571805,8.70548073676531e-07,1.0183473364198783e-07,2.4530435517265515e-05,0.006872235783180572,3.305185695224032e-11,2.863387882926229e-06,8.618338945596887e-06,1.4833861317556673e-10,1.6002559530636522e-10,7.720669897745502e-08,3.3912234263304617e-11,4.328207283162226e-06,2.99363515595388e-09,5.000758853994802e-06,0.00031859286143388926,6.047412821374498e-09,6.297129182108014e-11,8.701501448081107e-06,0.00016247027154379828,1.5932480074419055e-08,1.0561799166897549e-11,1.975902384526057e-11,1.3033811017186713e-08,0.0001124639857491117,1.009410199640642e-09,1.2363033360975419e-05,2.067107841708405e-08,0.00020173566370390575,0.0017468004900103844,0.00021212078162757817,2.955577436639668e-09,4.177744630355183e-06,0.0005078369278479491,0.0002025494020044772,3.74499313657519e-06,8.458087049904421e-07,3.3727476227264564e-05,6.784978395336897e-08,2.9810860666577566e-09,0.003210069285661387,8.959465034622638e-10,3.916513182742155e-08,1.1628071635196283e-10,6.221600513609137e-05,0.0005416526498500473,6.331974439109169e-06,0.00046251134645726357,2.871043896894794e-10,4.560248411628467e-10,1.5926647070240132e-11,5.262240266652906e-07,2.1340553505251224e-08,8.594872418895781e-07,1.6664006445893239e-06,3.4382536960337413e-10,3.763463109765426e-07,2.189704061697148e-05,1.7816955855239126e-15,1.759131030919489e-05,0.0002492386400765645,0.00047219091646118596,1.3381793442807389e-09,1.512906161846274e-09,6.245822804157625e-07,1.806768892481448e-07,9.028743021476299e-12,1.0100004044302954e-07,1.2082577463699617e-05,5.807029102747292e-09,4.322389291077576e-05,4.1845234009340236e-10,8.211898702203765e-08,1.8771048543487104e-13,1.5133903991334428e-06,0.003217815697894148,2.3674554742798485e-06,9.863436457442002e-12,7.482981247022422e-06,2.1199117491685296e-16,8.636332572224808e-08,4.682342659994239e-09,6.22525275516904e-06,1.2196369548486574e-07,6.534586939151463e-08,0.00417616104181993,5.959923556731017e-09,1.2781763423225815e-06,2.345492020409874e-08,1.5507705564552868e-11,0.0008446865059727732,2.0126933161277695e-10,5.671150247739533e-11,4.731551914685928e-07,1.1829477336368955e-05,1.0438758948463472e-11,2.484279825928704e-06,1.215603921718198e-06,3.910323773616022e-10,6.749583155534738e-10,2.2375207694232988e-08,1.1458334037866396e-05,0.0004331357803459317,1.2126425089582726e-08,0.0004002791510517936,1.371714902525546e-07,1.3576448495326763e-12,2.6765618191436047e-08,0.025455894687715346,0.0007242610007189449,2.9114547236394702e-06,7.738019638054047e-06,7.4985049754554736e-06,1.8019109545212875e-05,1.27440503433273e-05,2.5092627674584883e-10,1.685048368371311e-08,2.0640857928744737e-07,5.2879563784169944e-08,3.768558372992675e-12,4.871547175292263e-11,1.2875542798050142e-07,5.024586192015984e-13,0.0009914288715670036,5.3838440342841135e-08,3.415265083914342e-08,0.00025651656634817445,1.0078101638604339e-09,0.00011404843329115731,0.001237216413175711,5.679532682366254e-10,1.4935073940328512e-06,2.0482896729479833e-05,0.001023401872676336,1.0922246121383788e-09,3.758938307072851e-09,9.066033787737799e-10,5.796347092648082e-05,1.8874308486120563e-07,0.026145242896158938,3.298528474306824e-07,3.2368344384849525e-06,5.086686882123641e-06,3.6030915042182336e-08,4.2051470337116456e-07,4.920230020203448e-09,2.924013154531683e-08,1.3027366502747658e-06,7.440561732734979e-05,1.1919400222621169e-07,2.927034763515982e-07,6.423603492167178e-10,1.0062504887421983e-09,1.3787751989731525e-08,2.743068405675231e-12,0.0002027537690583776,6.038123986843528e-06,8.945579468292926e-06,1.3689964204751913e-05,3.998871448864109e-07,8.308038973144065e-13,5.415173971966806e-10,0.00036479791695331995,1.5767422633263642e-10,1.8399745601629825e-08,7.776835016663168e-07,0.0019238571280511226,1.5903557369637914e-06,4.741194802339564e-10,1.0805167893633131e-07,1.1572553365578723e-09,2.340687980212205e-06,5.625597328994316e-12,2.6563353954312638e-11
84.17085427135677,7.006079654815348e-08,2.0838654805143606e-08,5.667551256096164e-08,0.00025494844284790083,0.005093360029693488,3.9506513506336364e-10,1.6393151517238534e-08,9.558947430024945e-10,2.5835670816675343e-07,3.0505857346021922e-12,9.356884852433529e-07,0.000139564524890034,6.45885178384392e-06,0.04690997647129445,6.37604008811741e-06,1.3585012730552664e-19,2.1976086000916012e-08,2.360144648216895e-06,2.9790417367309575e-05,3.490744501660734e-09,0.00020977296768304993,8.725611136273805e-05,7.157694886046823e-05,2.2659309715392707e-07,2.3345987354703664e-05,3.453904873218989e-07,0.000517817156870331,6.007813967754504e-07,6.868255287385386e-08,2.012308021035331e-05,0.0061760899716943015,1.6154550089440135e-11,1.948352245839618e-06,7.496310399893157e-06,8.133383449840913e-11,9.582495452719073e-11,5.819358055543899e-08,2.4568811913604166e-11,4.398595124001941e-06,1.9402207618349106e-09,3.738278739117514e-06,0.00027658496201816,3.922618056639175e-09,3.90191212389147e-11,7.74517623267225e-06,0.00011964311204921993,1.0354906171815854e-08,6.3272130050051545e-12,1.0723071687132998e-11,1.0017553179003094e-08,9.600392648060637e-05,5.433126127795714e-10,9.459988160681708e-06,1.2351162445466224e-08,0.0001676658612722252,0.0015155924785939464,0.00017108611761331363,1.7247886201942008e-09,2.902871879478088e-06,0.00041131322366206143,0.00015309254218418128,2.7318413189919815e-06,5.452810511183935e-07,2.9547274189839653e-05,4.968680042712994e-08,1.8481588687271079e-09,0.0027644593463951976,6.450674574769578e-10,2.6597799124747125e-08,6.413115425235381e-11,5.316272001233592e-05,0.00044522514985479496,4.963230344120198e-06,0.00034751391483854035,1.4906896840765253e-10,2.329306875304303e-10,1.0117927489975305e-11,4.0864307397145046e-07,1.6744651999050863e-08,6.498950138909669e-07,1.4605392620615265e-06,2.159828066758246e-10,2.719666088582338e-07,1.7158492157208102e-05,1.0198603580372016e-15,1.4157470697324864e-05,0.00021625246932482561,0.0003888942893065781,8.119760741295074e-10,1.0345299214937548e-09,5.051122954278605e-07,1.223322231595599e-07,5.794955382155977e-12,7.334073127881438e-08,9.340717526107978e-06,3.3623945467839803e-09,3.109450946737731e-05,2.452547769923496e-10,5.762183527668353e-08,1.0401718207075783e-13,1.0234068979710557e-06,0.0025563522881636392,1.9477019261020543e-06,4.8252507375771934e-12,6.415308317359465e-06,1.0169276203130017e-16,5.774016519432838e-08,3.105472955705709e-09,4.5629149215050885e-06,8.807720242731414e-08,4.951543410118877e-08,0.0038132271182126053,3.7176608093702424e-09,9.820643545530278e-07,1.8974502135516295e-08,9.620532029046161e-12,0.0006972584116586283,1.3096967621642856e-10,3.671926746336987e-11,3.330640904693161e-07,7.92521912047329e-06,7.057218259128922e-12,1.8791140115373353e-06,9.54809237059132e-07,2.726682991487092e-10,4.1560635622983246e-10,1.7760040656967454e-08,8.23899515524305e-06,0.00035190224811826884,9.141721427905514e-09,0.00035896032825046416,1.1304231414764966e-07,9.682857877022874e-13,1.8345874040707504e-08,0.024025439590623178,0.0005965821986358277,1.6585469470464494e-06,5.256658387173925e-06,5.3787904909982504e-06,1.315325679362381e-05,1.0354879603606933e-05,1.9381296024143978e-10,1.1308960859404376e-08,1.3390805241167375e-07,4.800589759864334e-08,2.2244455871085175e-12,3.5495127358970793e-11,8.458891080465678e-08,2.958519621385328e-13,0.00083874859298003,3.629994916037118e-08,1.9929637977763973e-08,0.00019966512820037812,8.269484675720315e-10,9.145161968365757e-05,0.001024729220887297,4.3866732331569636e-10,1.049708185539815e-06,1.6999406615349533e-05,0.0008616353033151346,8.395292275177519e-10,2.231780357962974e-09,5.206431790045316e-10,4.6748183588128234e-05,1.0920385481623261e-07,0.02418758033452583,2.51494741821799e-07,2.5070068195219156e-06,3.3176979550605573e-06,2.4611792599599223e-08,3.2776292892206217e-07,3.2685119084126333e-09,2.176479405630898e-08,9.143203275875892e-07,5.785574982155305e-05,7.80213821465923e-08,1.9253554992448022e-07,4.026869680104912e-10,6.647936628910088e-10,8.927921096945685e-09,2.064360511204659e-12,0.00015052530725980133,4.914900913325637e-06,7.67000312091192e-06,9.19569593444367e-06,2.951117594875293e-07,4.544297647964472e-13,3.575487117957514e-10,0.0003253463173657992,1.0672167755032123e-10,1.102002676135605e-08,5.844944262150849e-07,0.0017276827461604769,1.2622266263514405e-06,2.7693426285278696e-10,6.723429447514686e-08,6.350596933098525e-10,1.9876108951577777e-06,3.135089734807093e-12,1.622568874554322e-11
84.42211055276383,4.3761408491859084e-08,1.4318306487755045e-08,4.0756625683705e-08,0.00019826061616487063,0.004661675830108856,2.1806418651979163e-10,1.0955062791657819e-08,6.14437822257394e-10,1.4631338937457777e-07,1.999204638187148e-12,8.28619050924594e-07,0.00012310360566844037,4.682730112333906e-06,0.04255301771822563,4.846648785546505e-06,5.3183949482599444e-20,1.6975429842437303e-08,1.7938454926602816e-06,2.5483342323181283e-05,2.3382376073678822e-09,0.0001717171128467346,7.850973961556059e-05,6.042510716840164e-05,1.7381711619784283e-07,1.6336810468412804e-05,2.6390378200586907e-07,0.00042113533917189884,4.1646292945969833e-07,4.6595631885765905e-08,1.648542868256027e-05,0.005544234442995174,7.925959995128636e-12,1.3218343677095521e-06,6.544577518404313e-06,4.4591825557392326e-11,5.7175946836267213e-11,4.3920370012985165e-08,1.8060655280228768e-11,4.495856796886881e-06,1.2611138176916068e-09,2.7857321037392276e-06,0.0002408005880537624,2.553136553140291e-09,2.4264137453121054e-11,6.912225800567534e-06,8.784041617119154e-05,6.766758740615675e-09,3.822568627009716e-12,5.850030626078127e-12,7.741170574650624e-09,8.196790193966684e-05,2.929174724821199e-10,7.2186253838615546e-06,7.392046974463334e-09,0.00013923529313376922,0.0013176154668906547,0.0001382089724274391,1.0115323122329735e-09,2.017431786148588e-06,0.000334191851726865,0.00011552887422165937,1.993423588863087e-06,3.5029203895458954e-07,2.583812074988857e-05,3.668197798336325e-08,1.1448587166542496e-09,0.002377135540852197,4.68898861271012e-10,1.8027920399951526e-08,3.551782260858366e-11,4.5605812248720284e-05,0.0003661173523412691,3.900561301978549e-06,0.0002597839785294222,7.724335690363669e-11,1.189089968454479e-10,6.462209989482895e-12,3.179680636948052e-07,1.3237661453707575e-08,4.924838779619662e-07,1.2853968617077142e-06,1.368015923743524e-10,1.964501202354112e-07,1.3450355599813247e-05,5.879714942748188e-16,1.1382993950097038e-05,0.0001886015920520049,0.0003204581348085072,4.948024237718029e-10,7.124889626860027e-10,4.083424906189655e-07,8.279878105652815e-08,3.749315107119725e-12,5.346891673013862e-08,7.220985152261513e-06,1.9426143364429526e-09,2.234007380425259e-05,1.4465567062606366e-10,4.065814821494922e-08,5.790756184462318e-14,6.942817752371301e-07,0.0020200149918838603,1.620466819797324e-06,2.3622578038836465e-12,5.4894394653259915e-06,4.896718008691528e-17,3.898197455422043e-08,2.0691630719469e-09,3.3414753746420158e-06,6.406227541405214e-08,3.783994468886448e-08,0.0034791412221833557,2.3214704962708717e-09,7.551772385640112e-07,1.5373112983157204e-08,5.9552594043852446e-12,0.0005755809376062617,8.576210024527108e-11,2.3919754274923154e-11,2.3405067523127279e-07,5.303420085222745e-06,4.806114927742702e-12,1.4272919832867729e-06,7.565551672264881e-07,1.9128734559050527e-10,2.5720760251648303e-10,1.417322076266033e-08,5.938329882261535e-06,0.00028612150244620765,6.916944855760927e-09,0.0003216913340535224,9.370868713955337e-08,6.931796839991313e-13,1.2620544527646232e-08,0.0226098178291159,0.0004909967178940222,9.331757757496666e-07,3.5517473756550214e-06,3.871185646293375e-06,9.576218172682314e-06,8.47999912598832e-06,1.5066412047979875e-10,7.587660865717558e-09,8.648278207466496e-08,4.3826142364153484e-08,1.3233809370518833e-12,2.611971646350667e-11,5.5745603118450574e-08,1.7523141571963858e-13,0.0007100768823674638,2.447717596122718e-08,1.1601316281702944e-08,0.0001547195745635886,6.806557865724194e-10,7.324209044982185e-05,0.0008495904220739747,3.4423318590981697e-10,7.373496322343154e-07,1.4202377707713309e-05,0.0007256709399811931,6.534520504812508e-10,1.3303254052856248e-09,2.9950793064006265e-10,3.765444767625785e-05,6.298189323354424e-08,0.022382003027456947,1.9240237596235486e-07,1.947372342121226e-06,2.1541493374969872e-06,1.6859107715729338e-08,2.561644731295685e-07,2.17716754639628e-09,1.632156421927389e-08,6.439682670037272e-07,4.478703722055047e-05,5.096204540818478e-08,1.2642245030342473e-07,2.543545068509989e-10,4.410391968842105e-10,5.802710433197925e-09,1.573513188368669e-12,0.00011160757947391898,4.004462871198772e-06,6.618496637981201e-06,6.142942124823032e-06,2.1821639942058705e-07,2.4937800988741345e-13,2.368971588168642e-10,0.0002917792117044401,7.237608549777264e-11,6.6310534439065406e-09,4.4086553759306395e-07,0.001552819412082934,1.0105407285740214e-06,1.623249238796779e-10,4.202972948347288e-08,3.501168405591402e-10,1.6945682211985207e-06,1.7580168140533598e-12,1.0002821738887903e-11
84.67336683417085,2.7442784330447558e-08,9.951694478407594e-09,2.9571534032456524e-08,0.00015431922791830251,0.0042710705211066605,1.207678652209214e-10,7.341862206535178e-09,3.9622357994792627e-10,8.227476110048695e-08,1.3262060103599026e-12,7.385527183068973e-07,0.00010892120920550162,3.3969015724589735e-06,0.038334146187735105,3.677644405033591e-06,2.1065381669145775e-20,1.3166358789056995e-08,1.3668074605912474e-06,2.1867240913047987e-05,1.5662856321138697e-09,0.0001403948836069692,7.09279293610179e-05,5.1088709626683874e-05,1.3426793778107058e-07,1.1429944218411327e-05,2.0226493180676654e-07,0.0003413870654073206,2.9012057916181e-07,3.1806219181080484e-08,1.3489734544939364e-05,0.00497203159966915,3.908230402923779e-12,8.944041544941043e-07,5.735574590485454e-06,2.4458283602713543e-11,3.399287548930907e-11,3.3199818604781234e-08,1.3467733218013619e-11,4.619347395680283e-06,8.22632567114357e-10,2.0690276519214e-06,0.00021026090272235998,1.6682745934435318e-09,1.5143550689263073e-11,6.182431694873278e-06,6.4329578605755e-05,4.447969219632506e-09,2.3299843342820604e-12,3.210740328922874e-12,6.015422423692687e-09,7.000224974590912e-05,1.5827366382357707e-10,5.4933877983146674e-06,4.435083641627098e-09,0.00011551833269926458,0.0011479967239943845,0.00011184727815108126,5.965054376679476e-10,1.4031482913542395e-06,0.0002725142835132788,8.70720428394581e-05,1.455327216198724e-06,2.243324589512295e-07,2.2554434324563346e-05,2.731148494947694e-08,7.088829385631966e-10,0.002041001212824769,3.4416453277383153e-10,1.2197533422790457e-08,1.9764282505247526e-11,3.927595644225129e-05,0.0003012697994845487,3.073424819826282e-06,0.00019326583032746808,3.997141921453323e-11,6.071801886123781e-11,4.150508192402188e-12,2.479664889931642e-07,1.0543844179635091e-08,3.7409783195926933e-07,1.1357827999610757e-06,8.740327184469182e-11,1.4184099804868118e-07,1.0550755882792362e-05,3.4149102205262684e-16,9.143592068175313e-06,0.00016538197792709047,0.00026425227169030326,3.0292890816384284e-10,4.944588876746801e-10,3.299990870071254e-07,5.604433990153868e-08,2.446090108565271e-12,3.915177263833356e-08,5.5832391326762595e-06,1.1202035466953394e-09,1.603667504657537e-05,8.58722679071809e-11,2.8849675114560487e-08,3.239450504670734e-14,4.728216212139391e-07,0.0015879059974030468,1.3636476231171868e-06,1.158219560431219e-12,4.687889425337106e-06,2.3683922787443217e-17,2.6593475174165017e-08,1.3856581330806105e-09,2.445284572513133e-06,4.694331820621788e-08,2.916820861620681e-08,0.0031717659906201827,1.4514871132854314e-09,5.814626642847881e-07,1.2472848685120187e-08,3.677047437525109e-12,0.00047521969894382245,5.6526603300345075e-11,1.5671459333810744e-11,1.641953232258908e-07,3.5465367224801955e-06,3.297799107626548e-12,1.089059754705264e-06,6.048833694372073e-07,1.3506815233703358e-10,1.6008919290387456e-10,1.137159518503441e-08,4.292276660750191e-06,0.00023287459114678925,5.253567203281957e-09,0.00028813259675422126,7.813183255104255e-08,4.981309443042508e-13,8.714767917926282e-09,0.021216912967693888,0.0004038170973159647,5.186719290928039e-07,2.387516742880821e-06,2.7968705340936445e-06,6.95593749864569e-06,7.000617192358729e-06,1.1788702094376911e-10,5.090427530617825e-09,5.5611852754366095e-08,4.02086415910858e-08,7.937562053142747e-13,1.9414199058382412e-11,3.6867434834397196e-08,1.044459408594072e-13,0.0006016177314439374,1.651079713155485e-08,6.740945783572253e-09,0.00011937058546628329,5.618080798753218e-10,5.860374671402298e-05,0.00070527376290478,2.743834255487331e-10,5.179126553576237e-07,1.194734801467833e-05,0.0006115411286576827,5.151623028971482e-10,7.964277333842449e-10,1.7268660115466954e-10,3.028738044684327e-05,3.6231199538532036e-08,0.02072081782757867,1.477126487267472e-07,1.5176883951207147e-06,1.3928522963620852e-06,1.1583018508766216e-08,2.0073389087223618e-07,1.4546151882290021e-09,1.2332519750318043e-08,4.5534808805224707e-07,3.451605352627695e-05,3.3222396657263684e-08,8.287010111177059e-08,1.619915991506922e-10,2.9385129511159923e-10,3.785507642789937e-09,1.2144093162239783e-12,8.268831284334704e-05,3.2649814473874797e-06,5.747863132111269e-06,4.082145074429389e-06,1.6172173421166013e-07,1.3734538935957828e-13,1.5752855004057859e-10,0.00026316357899672265,4.917748272328874e-11,4.0117407874269654e-09,3.338744042318221e-07,0.0013967509458837298,8.165927614472245e-07,9.549782606009059e-11,2.6413060530682333e-08,1.9402962695989262e-10,1.449764895780649e-06,9.922622125724103e-13,6.225105253722832e-12
84.92462311557789,1.7289136813858366e-08,7.0012064688133766e-09,2.1653603144451324e-08,0.00012026242356937572,0.003917558708304831,6.71213936588959e-11,4.9357749917142515e-09,2.564304635723014e-10,4.594869905505721e-08,8.905242252694472e-13,6.624891816603048e-07,9.667688620181928e-05,2.4662562839909984e-06,0.034292815582404955,2.785518954746118e-06,8.449447680213022e-21,1.0254936785887415e-08,1.0438161563801653e-06,1.8821584438001397e-05,1.049430703789543e-09,0.00011466393773849395,6.434409615815062e-05,4.325482426981143e-05,1.0444896445943978e-07,7.999001665323564e-06,1.5550727915214292e-07,0.00027585381148204275,2.0319438168074883e-07,2.184968574704635e-08,1.1027856671899449e-05,0.004454947872633091,1.9390890753688347e-12,6.037579539656999e-07,5.04640564806597e-06,1.3428080550438914e-11,2.0137764328228995e-11,2.5141693673804157e-08,1.0184350414637268e-11,4.76857305256428e-06,5.388917679094787e-10,1.5314104907179146e-06,0.00018414810650484818,1.094811328867353e-09,9.486110623160099e-12,5.539360459110432e-06,4.701765803394559e-05,2.9420596667226517e-09,1.433413045594604e-12,1.7740856825307007e-12,4.70120299457498e-09,5.980383153079519e-05,8.575960038676891e-11,4.169471207394923e-06,2.6698871453983373e-09,9.574266684692815e-05,0.0010025641594014606,9.068760265287023e-05,3.53890203866524e-10,9.772317238238013e-07,0.00022312316382801727,6.556228686797324e-05,1.0631823602939086e-06,1.4328470438685473e-07,1.9653930418066688e-05,2.051467285866549e-08,4.389025346341579e-10,0.0017497354428824715,2.550969699077322e-10,8.239559965752905e-09,1.1056290599096394e-11,3.395469853828959e-05,0.00024813957877027566,2.4279515727483582e-06,0.00014312366939236198,2.067021610998502e-11,3.1038957460595784e-11,2.6813140314162444e-12,1.938568515444139e-07,8.460976645191226e-09,2.849137037730989e-07,1.0074595506306742e-06,5.635039974402141e-11,1.0236802613248004e-07,8.284428828759685e-06,1.998512725651937e-16,7.338019096225071e-06,0.00014584606454674096,0.00021809468035099397,1.8639056061015148e-10,3.4594284695709553e-10,2.6661157081683385e-07,3.7953090155563713e-08,1.6096639766979517e-12,2.880385809188754e-08,4.318438508843638e-06,6.449410568238122e-10,1.1506776923310601e-05,5.130907349998543e-11,2.0586177544273114e-08,1.821398214166656e-14,3.2344803861140165e-07,0.0012419500942841655,1.1607816720677895e-06,5.691844585256879e-13,3.995243206130621e-06,1.1514492998154294e-17,1.8343009404150584e-08,9.330295871726184e-10,1.7885515429485408e-06,3.466455195640687e-08,2.268131102459077e-08,0.0028891162438866285,9.088841184623408e-10,4.4850393078051544e-07,1.0133394006839719e-08,2.2639174090734407e-12,0.00039247575809787965,3.750912552651338e-11,1.032238245650555e-11,1.1500065637088193e-07,2.371108179354338e-06,2.280393254689137e-12,8.350823187284486e-07,4.88092743176456e-07,9.602962242189183e-11,1.0027529002959736e-10,9.172328383444805e-09,3.1126522451902073e-06,0.00018977834450917126,4.005901546065375e-09,0.00025796743653776476,6.551478150363159e-08,3.593628111860939e-13,6.041197670641697e-09,0.019854150811762852,0.0003319358727866273,2.848404510844721e-07,1.59717271024646e-06,2.0294411329007303e-06,5.042656234095796e-06,5.826677321271863e-06,9.285443274694538e-11,3.4155186681444952e-09,3.561195461966019e-08,3.704816824700297e-08,4.80104723639044e-13,1.457698948456018e-11,2.4479317440952176e-08,6.267502527758584e-14,0.0005101577028831421,1.114401244098625e-08,3.9121807049947236e-09,9.17099571897115e-05,4.6486507744054175e-10,4.6861865952943714e-05,0.0005863481389177417,2.2207616906463814e-10,3.6396479835514204e-07,1.0121325325939824e-05,0.0005158409569316304,4.1144954196947064e-10,4.79031021169096e-10,9.984364293873107e-11,2.4324769864299968e-05,2.0802770238343945e-08,0.019195849366775607,1.1381210463772103e-07,1.1872358902555378e-06,8.971890561378623e-07,7.982992373689905e-09,1.5770081031472675e-07,9.750818645333345e-10,9.389780878963027e-09,3.233838047442834e-07,2.648176288102104e-05,2.1619318361420848e-08,5.4232403725865326e-08,1.0409124322260582e-10,1.9664564492891008e-10,2.4786304784796625e-09,9.486956595866726e-13,6.12470113796858e-05,2.6633065849528114e-06,5.0237637609814206e-06,2.6992573706892407e-06,1.201604676291722e-07,7.594192718984755e-14,1.0514701990326249e-10,0.00023872390588433498,3.347701524425986e-11,2.4420183835239433e-09,2.539781741369604e-07,0.0012572496586466377,6.664131851010088e-07,5.639768737395249e-11,1.6697211934851588e-08,1.0814676909140494e-10,1.2439897193953865e-06,5.63892706448235e-13,3.91166742475906e-12
85.17587939698493,1.0949612358009868e-08,4.988444241374656e-09,1.600507267405057e-08,9.386132887431895e-05,0.003597555540173446,3.7445470395475606e-11,3.329464992866518e-09,1.6662388328335515e-10,2.549259553317178e-08,6.052535113950348e-13,5.980069903885388e-07,8.608342496126889e-05,1.7926421333162216e-06,0.030462179410706107,2.1058244108886054e-06,3.4351838951352696e-21,8.02179245369481e-09,7.988005536630442e-07,1.62482106336763e-05,7.03452376665881e-10,9.356220935736452e-05,5.86169128816774e-05,3.666728194365871e-05,8.182649418426048e-08,5.60187278631402e-06,1.1993228168285467e-07,0.00022220150241179348,1.4313500960606536e-07,1.5108463146861974e-08,9.008571926428994e-06,0.0039885901878759745,9.692220039138474e-13,4.0671427767103625e-07,4.458014044497999e-06,7.383460620642265e-12,1.1887977295163985e-11,1.9078961122406223e-08,7.807188594257807e-12,4.943126872899981e-06,3.5475836177723074e-10,1.1294522359626976e-06,0.00016177861556502697,7.218552097485824e-10,5.9644348819026225e-12,4.969629704373848e-06,3.431437513744004e-05,1.958845674440253e-09,8.903376939273956e-13,9.875756324452504e-13,3.6958425914675066e-09,5.1113004303610945e-05,4.662283176619923e-11,3.1565977330873974e-06,1.614044264452372e-09,7.926325371542882e-05,0.0008777517316264012,7.368127409880336e-05,2.113295858968194e-10,6.819331655596196e-07,0.00018350604641996314,4.933428945035786e-05,7.773238498755948e-07,9.131677474748458e-08,1.709753023238912e-05,1.5550318191730354e-08,2.718267761367415e-10,0.0014977256394908005,1.9094740947437515e-10,5.558120330809164e-09,6.2210205923198995e-12,2.9464649156933955e-05,0.00020462051648323894,1.9229290237456408e-06,0.00010553399869889135,1.0689163027449301e-11,1.5898666017200045e-11,1.7426171826323376e-12,1.5197031581243907e-07,6.839909221928966e-09,2.1759970365291266e-07,8.969552980469869e-07,3.667437259499278e-11,7.38475817249953e-08,6.513336981862721e-06,1.178782849140315e-16,5.883840614538303e-06,0.0001293762406786177,0.0001801812838318654,1.1529992825241663e-10,2.4411629938366213e-10,2.153588770011528e-07,2.5724910336127732e-08,1.0686761251848426e-12,2.129828048526268e-08,3.341904709877557e-06,3.7085829297608374e-10,8.256107046010357e-06,3.0857262656223887e-11,1.4772483340104006e-08,1.029500353557254e-14,2.2238939136975191e-07,0.000966668137898769,9.995475708370942e-07,2.805801519891219e-13,3.3978931759608666e-06,5.631253759480221e-18,1.2799054248464042e-08,6.319557443987337e-10,1.307802188864307e-06,2.5800412950812263e-08,1.779356481550339e-08,0.0026293481959434022,5.700774181971635e-10,3.467302560970548e-07,8.24360531228399e-09,1.38953949624721e-12,0.0003242725768799069,2.506309283201286e-11,6.832465830767449e-12,8.041881918121552e-08,1.5855559323311572e-06,1.589380997479716e-12,6.437109633041407e-07,3.975662522575274e-07,6.876940859197261e-11,6.324877749593793e-11,7.437346129996179e-09,2.2655242342097175e-06,0.00015489240014178088,3.0668600006448633e-09,0.0002309002242198595,5.524270513956244e-08,2.602897036949657e-13,4.204600664243451e-09,0.01852833384993688,0.0002727428631194838,1.5459203212526217e-07,1.0636450444435903e-06,1.479613839151737e-06,3.6496164702252544e-06,4.889699930803475e-06,7.363468683373107e-11,2.2925522385651477e-09,2.2714157138544664e-08,3.426025752845151e-08,2.929033840400098e-13,1.1057364735083957e-11,1.6325748847909682e-08,3.7879357309104866e-14,0.00043298434335716337,7.528380456807381e-09,2.2692630448802196e-09,7.01721990283747e-05,3.854948909366096e-10,3.746132057671587e-05,0.0004883106028336001,1.8243124398071796e-10,2.560523679391325e-07,8.635810400113856e-06,0.0004356607762463001,3.329742961749171e-10,2.8956230884271087e-10,5.791817711917801e-11,1.9503876595400044e-05,1.1929309076435596e-08,0.01779864007875293,8.801249090699445e-08,9.325903032804539e-07,5.759421471314399e-07,5.519700344259413e-09,1.2420365239365314e-07,6.559578605167351e-10,7.204162238900432e-09,2.3076239296749226e-07,2.0226494321320235e-05,1.4046089454903115e-08,3.5435051649856825e-08,6.752719950755084e-11,1.3218722503862557e-10,1.6288069619154025e-09,7.498925581237194e-13,4.537749012197525e-05,2.1730595811308084e-06,4.4188174325196976e-06,1.7765639788625733e-06,8.953677415421238e-08,4.217118912403234e-14,7.045725296404373e-11,0.00021781547940009287,2.283070532211156e-11,1.4967147876197581e-09,1.9413880530842378e-07,0.0011323532392588942,5.495471024732919e-07,3.343713592775726e-11,1.0623672437681435e-08,6.065605425189344e-11,1.0700139073021645e-06,3.2275184970653937e-13,2.4821958407136254e-12
85.42713567839195,6.975245683191913e-09,3.6014413257452384e-09,1.1943467947659019e-08,7.338461811301196e-05,0.003307834658707715,2.0972484712018446e-11,2.2540741898827936e-09,1.0874589577051268e-10,1.4054184270812344e-08,4.1633087692894995e-13,5.431448851747398e-07,7.689834222866383e-05,1.3048940277225047e-06,0.026868598893683128,1.5888787132946774e-06,1.4168204710284697e-21,6.302756385879112e-09,6.124076219933653e-07,1.4066997225421325e-05,4.718671959666895e-10,7.628285419948862e-05,5.3626437145409306e-05,3.111607901915347e-05,6.455601018711587e-08,3.927584661000331e-06,9.278136844929267e-08,0.00017843663998606907,1.0144518750075564e-07,1.051694572212202e-08,7.355207042898218e-06,0.003568737194548645,4.886198858166101e-13,2.734883346249246e-07,3.954507524137951e-06,4.0683138136913225e-12,6.993888273565519e-12,1.4512096362410467e-08,6.064627631669495e-12,5.142628453029675e-06,2.348467360882367e-10,8.299702503124229e-07,0.00014258054346100098,4.783418910291345e-10,3.764407059559863e-12,4.462323146522153e-06,2.5020284353641288e-05,1.3132519077346276e-09,5.585038227594222e-13,5.54223069604192e-13,2.923255964015234e-09,4.370754992312355e-05,2.544344820828024e-11,2.3840028437149303e-06,9.807268747142085e-10,6.554083788514481e-05,0.0007705157172837268,5.999214187270366e-05,1.270861567253752e-10,4.77090829896947e-07,0.0001516671861474407,3.7110074725674225e-05,5.688484657539787e-07,5.809577897278446e-08,1.4849257959607808e-05,1.1898159374747516e-08,1.684633997015393e-10,0.0012800021467423196,1.4434004531817842e-10,3.744879368028505e-09,3.522578537486922e-12,2.5661558850332334e-05,0.00016897369764797115,1.5267635184490286e-06,7.750140559138177e-05,5.5315237301874766e-12,8.166947929545326e-12,1.1395454729880269e-12,1.1949142148925617e-07,5.5700125488612886e-09,1.6668378195437983e-07,8.01415379859654e-07,2.4103745832303348e-11,5.324881801194895e-08,5.129050858894752e-06,7.008925758295343e-17,4.713981124574772e-06,0.00011546254982802403,0.00014902497426642607,7.172945757126701e-11,1.7381737725682012e-10,1.7394648151925138e-07,1.7459605929908635e-08,7.159651058276533e-13,1.583306605481979e-08,2.587991680805909e-06,2.130715156320399e-10,5.925740640475231e-06,1.86774516642789e-11,1.0660280316937366e-08,5.850932217620664e-15,1.537679916719032e-07,0.0007489312877463843,8.706766764520781e-07,1.3884995320635903e-13,2.883817283413062e-06,2.77253184608595e-18,9.038409170186714e-09,4.3071808880685706e-10,9.561850503195426e-07,1.9358288484576772e-08,1.4083759864938226e-08,0.0023907494146721583,3.58235977257058e-10,2.687873485070669e-07,6.715110172812982e-09,8.500368582734371e-13,0.0002680579632714251,1.6866604087903737e-11,4.5425192250986e-12,5.6152821899483986e-08,1.0608892530013694e-06,1.116724569149852e-12,4.989607138874355e-07,3.2692886707529286e-07,4.961973875835643e-11,4.019790044844108e-11,6.061919606783407e-09,1.655643108060956e-06,0.00012664081544314226,2.3575774043637215e-09,0.0002066550001505109,4.6838671514828813e-08,1.8930531844744494e-13,2.9383343295099875e-09,0.017245510478837163,0.00022405229170964502,8.293869209004318e-08,7.053883401195693e-07,1.0843361365070536e-06,2.637924707714224e-06,4.137435274466811e-06,5.880005194362341e-11,1.5397694154238663e-09,1.4433032704125183e-08,3.1776895447957983e-08,1.8027344311104964e-13,8.474234980489287e-12,1.0941150223432492e-08,2.3067254813378657e-14,0.0003678136847350169,5.091785589903835e-09,1.3164521035969653e-09,5.348210395244572e-05,3.2029194784011917e-10,2.9947496293832073e-05,0.00040743961055990835,1.520309058782785e-10,1.8043236124498596e-07,7.421367706399549e-06,0.0003685237725375933,2.73082567156213e-10,1.7595458255374884e-10,3.3725223934041457e-11,1.5610569164750044e-05,6.836743915601546e-09,0.016520622461114052,6.831088085057367e-08,7.359022437309205e-07,3.686071307192548e-07,3.829198129278277e-09,9.806307961228518e-08,4.429344717578347e-10,5.5696407606270756e-09,1.6552107920732533e-07,1.5379126963855383e-05,9.112688160827504e-09,2.3117857265692236e-08,4.4253170423096954e-11,8.926504360353975e-11,1.0741587079069022e-09,5.995327466243348e-13,3.364609740468822e-05,1.7731634495454093e-06,3.9111223193766034e-06,1.164254854851644e-06,6.693031735022407e-08,2.352783139500522e-14,4.740091742341108e-11,0.00019990211830171414,1.5598022545369893e-11,9.242805579969461e-10,1.4916887177264928e-07,0.0010203407110222493,4.581509780583005e-07,1.990302891555919e-11,6.806569737470251e-09,3.42503961157197e-11,9.221352445343166e-07,1.8611431387237548e-13,1.5908153955097478e-12
85.678391959799,4.4719053662373775e-09,2.635509150396909e-09,8.999276244636858e-09,5.749028155507549e-05,0.0030454901972508087,1.179493231653722e-11,1.5319100430012008e-09,7.131214585995558e-11,7.701450678732992e-09,2.8978915515174784e-13,4.963085695254755e-07,6.891675645172744e-05,9.514949228363475e-07,0.023531436359805414,1.1964285795692554e-06,5.93319754085354e-22,4.9746276026788834e-09,4.702297665697851e-07,1.2212394636082516e-05,3.16827226516627e-10,6.215190315890192e-05,4.927081725795558e-05,2.6428772376931495e-05,5.1288193644187225e-08,2.758036815788017e-06,7.199337217403424e-08,0.0001428653546122563,7.23599472257791e-08,7.370243961050411e-09,6.0035536398955125e-06,0.0031913647613100718,2.4874062284665006e-13,1.836269959764653e-07,3.5226080443185864e-06,2.247689419164291e-12,4.101102118232619e-12,1.1067150276528213e-08,4.771673998945803e-12,5.3666662980207855e-06,1.5643534431067147e-10,6.076579608839801e-07,0.00012607486575055168,3.1865479137313995e-10,2.385060028821143e-12,4.008522282787068e-06,1.8236849297244023e-05,8.86800438765315e-10,3.5390543225088313e-13,3.13758690980641e-13,2.3268314438016366e-09,3.739743173292929e-05,1.3945156958133161e-11,1.796404211910193e-06,5.994705339367232e-10,5.412421165116026e-05,0.000678261172825845,4.895412024387055e-05,7.699848510362723e-11,3.348434056774695e-07,0.0001260232281825584,2.7913101079524462e-05,4.167133157754057e-07,3.691349391646196e-08,1.287612529308702e-05,9.1913104139416e-09,1.0451194703643885e-10,0.0010921758406512263,1.1017906763046887e-10,2.520786069372586e-09,2.0082669491777947e-12,2.2427927600401242e-05,0.00013976748621387096,1.2151821502762734e-06,5.6699186847629024e-05,2.8664834458133264e-12,4.211029546694682e-12,7.498766125291343e-13,9.425924647405537e-08,4.56876392178309e-09,1.2808067812232224e-07,7.184842226269823e-07,1.600364535247519e-11,3.837727003711064e-08,4.046598450429212e-06,4.2019169681297505e-17,3.773904628729058e-06,0.0001036840357585507,0.00012340314015167616,4.4891565907056615e-11,1.2493020180320107e-10,1.405077465666465e-07,1.1870461515242879e-08,4.841046998271809e-13,1.183660466148158e-08,2.005885352863889e-06,1.2236279568625793e-10,4.256074351075049e-06,1.1377050151914533e-11,7.735844782256495e-09,3.3441624750002188e-15,1.0697485531218946e-07,0.0005777081054626316,7.671604680539926e-07,6.903372522734482e-14,2.4423903504805206e-06,1.3753544122543693e-18,6.462113710566353e-09,2.9550584693231355e-10,6.991914827992408e-07,1.464393277375327e-08,1.1247248317860142e-08,0.0021717295464213555,2.255741357381408e-10,2.090392142977551e-07,5.477408671742444e-09,5.181922495001146e-13,0.0002217196079941559,1.1433869102470477e-11,3.0319516821677785e-12,3.9155263367831075e-08,7.105299589045744e-07,7.910787691874085e-13,3.8901709916502847e-07,2.714415681952537e-07,3.6082009935230075e-11,2.5757704974245428e-11,4.966259302034905e-09,1.2152844778006665e-06,0.00010374639881988413,1.819849790642584e-09,0.000184974430686657,3.993068725016855e-08,1.3826202290442404e-13,2.0620047240730113e-09,0.016010881319290158,0.00018403902660142635,4.399785652627985e-08,4.660180288656146e-07,7.990631083777175e-07,1.904798667830716e-06,3.5298680742753737e-06,4.7289906507468284e-11,1.0351172219661666e-09,9.138464804864611e-09,2.954321835110276e-08,1.1195016957872873e-13,6.561985491042768e-12,7.371797477208552e-09,1.4159589161918665e-14,0.0003127264676927842,3.4488165340372698e-09,7.64306429434442e-10,4.060820965117848e-05,2.6656419830254453e-10,2.394972817272065e-05,0.00034066765889559077,1.2845627818738688e-10,1.2742848454174568e-07,6.423405505080809e-06,0.0003123290028372298,2.2699704957318138e-10,1.0750935407499968e-10,1.9721702792265336e-11,1.2470402264267384e-05,3.918369650744542e-09,0.015353264718927843,5.321235581667425e-08,5.835754825023991e-07,2.3529930619397837e-07,2.665428249871873e-09,7.76138078025815e-08,3.0026113019269743e-10,4.33869555091023e-09,1.1938383157073824e-07,1.1640438583150824e-05,5.904602170084235e-09,1.5060265275897953e-08,2.9312358819064514e-11,6.056128355307658e-11,7.108455255448974e-10,4.846076162053804e-13,2.4979843780361173e-05,1.4467085308318642e-06,3.483102889924786e-06,7.599913422387128e-07,5.020645817196411e-08,1.3193387012923581e-14,3.201912807196626e-11,0.00018453764915511538,1.0675426903765437e-11,5.754867492994485e-10,1.1524495831890027e-07,0.0009197082956735367,3.8632444249415775e-07,1.1894259348600007e-11,4.393363961067101e-09,1.948026208994891e-11,7.95831245312704e-07,1.0816032840365038e-13,1.029789394268324e-12
85.92964824120602,2.886797927617393e-09,1.955431606526895e-09,6.8475337016279284e-09,4.513977695602092e-05,0.002807902681350769,6.662226763129971e-12,1.0453414483289664e-09,4.7005917111105856e-11,4.196129978717872e-09,2.040715105394783e-13,4.5619729457893987e-07,6.196541630607836e-05,6.95196693620845e-07,0.020463124445826125,8.990579936991272e-07,2.5247643019289793e-22,3.9446868347883464e-09,3.615080307118601e-07,1.0630644223230629e-05,2.1299161876342595e-10,5.0608494495118756e-05,4.5463498573846753e-05,2.246349411972783e-05,4.1031016408222265e-08,1.9406281656739897e-06,5.6025139563266655e-08,0.00011405562260998656,5.1958276139664864e-08,5.199985564068935e-09,4.900036985493817e-06,0.002852665550020323,1.2800915257736546e-13,1.2314259071827965e-07,3.151202012510903e-06,1.2459241927488752e-12,2.3973287787183416e-12,8.464225796010385e-09,3.8009257968229265e-12,5.614742887346158e-06,1.0491856584227961e-10,4.432599960753205e-07,0.00011185971751964151,2.1344739065983792e-10,1.5170908129383684e-12,3.6009294763698932e-06,1.3295112583332292e-05,6.033329174479604e-10,2.2657873536430625e-13,1.7929450523721126e-13,1.864278830225444e-09,3.2020265853500145e-05,7.679616757076935e-12,1.3507654836261698e-06,3.68932609666099e-10,4.4635553267474304e-05,0.0005987777677283173,4.0036870203757815e-05,4.7022292023868634e-11,2.3590091325466516e-07,0.00010531893554981321,2.100000093065537e-05,3.0560699762543246e-07,2.343573092894601e-08,1.1148003053814213e-05,7.169749772568859e-09,6.492782800502351e-11,0.0009303793455853851,8.491917612633292e-11,1.6956393075005857e-09,1.1533188039521558e-12,1.9667859049521916e-05,0.00011582615217592828,9.694932435111909e-07,4.133438313565377e-05,1.4885374693343508e-12,2.181374649657978e-12,4.96610114980941e-13,7.461486925584095e-08,3.7742587247419856e-09,9.87385509359806e-08,6.462112725574618e-07,1.0737888589249947e-11,2.764484469255661e-08,3.199526363530329e-06,2.540415306340912e-17,3.0193108504781923e-06,9.36932027970402e-05,0.00010231287418171976,2.827220719023574e-11,9.06733925112157e-11,1.1352438541231999e-07,8.08771363393763e-09,3.3039618323981144e-13,8.900739292675194e-09,1.5563043676144497e-06,7.026996554839423e-11,3.0599770171462016e-06,6.973185861646253e-12,5.644810506463824e-09,1.9226377798615265e-15,7.491402223230757e-08,0.0004438139616250914,6.836716431090276e-07,3.450986428257227e-14,2.0642223405928233e-06,6.879952842589684e-19,4.679005844131961e-09,2.0414734015187822e-10,5.114521232568852e-07,1.1169449865298705e-08,9.062407565432001e-09,0.001970811778276502,1.423517376602522e-10,1.6317638744335664e-07,4.474099317313088e-09,3.147623497547217e-13,0.0001835127864530148,7.809184163400143e-12,2.0306361546080694e-12,2.7269097599065288e-08,4.7651366544950273e-07,5.650575336549331e-13,3.051359022791202e-07,2.2756393785021302e-07,2.644762442839376e-11,1.6650013025897474e-11,4.089303585252242e-09,8.962808400057096e-07,8.517601287326127e-05,1.4106211422682876e-09,0.00016561899573905441,3.4227030445006125e-08,1.0142218155849739e-13,1.453202135034446e-09,0.014828742645467612,0.00015118315702371564,2.308561533519378e-08,3.068208332516741e-07,5.922959447851355e-07,1.3745251093550794e-06,3.036229577493473e-06,3.8312475347896244e-11,6.967134939640031e-10,5.76694047768823e-09,2.75149677336649e-08,7.015494065074349e-14,5.134140416677439e-12,4.995912650908691e-09,8.764699031981216e-15,0.0002661125303408911,2.3400391731399523e-09,4.4438567074807624e-10,3.072195391203651e-05,2.2217194729011753e-10,1.916704764128605e-05,0.0002854719273887537,1.0997735125409295e-10,9.024713089074002e-08,5.598898803940508e-06,0.00026530004345335723,1.9126161464201684e-10,6.606559795398153e-11,1.1587210003981008e-11,9.941306712923812e-06,2.2473018311780218e-09,0.014288191363502309,4.1598928218397636e-08,4.652536045468698e-07,1.4987870409031116e-07,1.8616793020795599e-09,6.157928402315197e-08,2.043631026502946e-10,3.405137302559114e-09,8.661576560088231e-08,8.770499841132674e-06,3.821763356745383e-09,9.797684691166627e-09,1.963433307178128e-11,4.12821560297627e-11,4.720130160237065e-10,3.9586294192550107e-13,1.8579102248769855e-05,1.18007493611798e-06,3.1206086872432184e-06,4.943534387006821e-07,3.7804352241121195e-08,7.439226534040036e-15,2.171759507635763e-11,0.00017135052610926858,7.319079834909961e-12,3.615067676157561e-10,8.954732889720573e-08,0.0008291458409597045,3.296158085268838e-07,7.136326089293829e-12,2.8579120288759445e-09,1.1165027102296306e-11,6.874942304540853e-07,6.336860501019656e-14,6.73354310055559e-13
86.18090452261306,1.877285670120993e-09,1.471224941963249e-09,5.261901935756906e-09,3.553036873364032e-05,0.002592708588687546,3.780133401324113e-12,7.163473788594092e-10,3.115578013888126e-11,2.273945413301117e-09,1.4535780095554153e-13,4.217459072597979e-07,5.589769320604839e-05,5.090918651601398e-07,0.017669486840477366,6.741773541754202e-07,1.0925470749318585e-22,3.1429525443195995e-09,2.781820597640107e-07,9.277543954803417e-06,1.4340496803503608e-10,4.1187526688409876e-05,4.2130859874297814e-05,1.91032818904038e-05,3.305136937607655e-08,1.3687875255248113e-06,4.371878924331367e-08,9.080277248089696e-05,3.75653576738059e-08,3.6934554325929555e-09,4.000113541320261e-06,0.002549062749433176,6.66692382655627e-14,8.25049507618182e-08,2.830971619722393e-06,6.933491914408862e-13,1.397303165078521e-12,6.493815827062903e-09,3.0636775712279097e-12,5.886222522052706e-06,7.08917208678652e-11,3.221654490584864e-07,9.959734114809824e-05,1.437884099600338e-10,9.688864341615054e-13,3.233562845258323e-06,9.699817368485568e-06,4.136738854960529e-10,1.4658297749373583e-13,1.0347711323482006e-13,1.5038820194930715e-09,2.743741045279039e-05,4.251222587216469e-12,1.0137038725757065e-06,2.2879682066953868e-10,3.675829257523022e-05,0.0005301840975129351,3.281818956833075e-05,2.8956565721631637e-11,1.669272171071506e-07,8.855950512368237e-05,1.5806801960504136e-05,2.2439185531178125e-07,1.487420376314421e-08,9.63748096394082e-06,5.648219059624583e-09,4.0407118638336884e-11,0.0007912122461868708,6.607610389791904e-11,1.140119832903675e-09,6.674816336248378e-13,1.7302920609136288e-05,9.618619006529834e-05,7.752683912501942e-07,3.0035558764529237e-05,7.751351697585341e-13,1.1362332798100243e-12,3.310051346739457e-13,5.928433604467534e-08,3.139798142901882e-09,7.63754175130972e-08,5.829758519926051e-07,7.283395855471514e-12,1.990276608482601e-08,2.5359535786387047e-06,1.5491754649593667e-17,2.414251699707276e-06,8.520311934837673e-05,8.493301742514236e-05,1.792276448942539e-11,6.64776444880032e-11,9.176207862888756e-08,5.524236097645306e-09,2.2761748700918464e-13,6.73340783401676e-09,1.2089166972481117e-06,4.037276413755296e-11,2.202936666957431e-06,4.299776339998785e-12,4.14155183422784e-09,1.1120807163096205e-15,5.283126945994863e-08,0.0003396699308283198,6.161398621595184e-07,1.7359118638823224e-14,1.7410188840529695e-06,3.473462098828444e-19,3.4318104802523302e-09,1.4205281861479132e-10,3.7434784380138525e-07,8.590215368362094e-09,7.36706102006285e-09,0.0017866249837157064,9.004331629611287e-11,1.2790968243259746e-07,3.6599524101559808e-09,1.904972366529985e-13,0.00015199883777549782,5.374493356991176e-12,1.3639615082150136e-12,1.8970538519622986e-08,3.2010881291018863e-07,4.0700132433463744e-13,2.408336794679467e-07,1.9263740959022686e-07,1.954331335476987e-11,1.0863429829911073e-11,3.3841125083328473e-09,6.643475231235936e-07,7.009525591363e-05,1.0979602959878377e-09,0.00014836631878356368,2.9497701741763833e-08,7.473266917387192e-14,1.0286000776636282e-09,0.01370246493405756,0.00012422210309625373,1.1984782787986005e-08,2.013946189201136e-07,4.417289897221487e-07,9.915620547661427e-07,2.632759976957821e-06,3.1273870085150034e-11,4.696702569284214e-10,3.6281415890788716e-09,2.5656509906915932e-08,4.4368645638996375e-14,4.058828864246994e-12,3.407246453583268e-09,5.472896424895941e-15,0.00022662269064185295,1.5909173738266002e-09,2.5892192598116273e-10,2.3162231834291855e-05,1.8540530456390912e-10,1.5356020142624324e-05,0.00023978123585498355,9.534381523059628e-11,6.412968343572493e-08,4.913845968564115e-06,0.00022593918555943707,1.6335714612206667e-10,4.0839010224703143e-11,6.8429706981081805e-12,7.907611152401843e-06,1.290590658940481e-09,0.013317280648342124,3.263262356818954e-08,3.730452966122699e-07,9.530596014763148e-08,1.3047320715224245e-09,4.897795806129018e-08,1.3966179269735778e-10,2.692110008110965e-09,6.323476985544235e-08,6.577949594549526e-06,2.471399145827909e-09,6.365931049140002e-09,1.3305614430445512e-11,2.827566186449479e-11,3.144609592986372e-10,3.2665120459419057e-13,1.3850155077522158e-05,9.622517392733418e-07,2.8122082315297296e-06,3.2056874190989153e-07,2.8582111852176786e-08,4.219853629317605e-15,1.4791093113322887e-11,0.00016003107847032603,5.026607905328935e-12,2.2925562238220626e-10,6.999406193209175e-08,0.0007475143034441854,2.8465586870774606e-07,4.2984207279083325e-12,1.8742465318539015e-09,6.451333249195777e-12,5.942282294553051e-07,3.74404610812495e-14,4.447497317867708e-13
86.4321608040201,1.230312414583171e-09,1.1225330836786026e-09,4.083706094798418e-09,2.804208735299914e-05,0.0023977732654315285,2.1549979345946594e-12,4.930640723160594e-10,2.0771824206090107e-11,1.2260924573019127e-09,1.0469734854485712e-13,3.9207899028922797e-07,5.058937801362748e-05,3.7375388768072585e-07,0.01515027402992313,5.044644511320834e-07,4.811205886335012e-23,2.5164489151189347e-09,2.141929257355304e-07,8.116651666153102e-06,9.672857245774812e-11,3.350455323018829e-05,3.92102172990514e-05,1.625147726365778e-05,2.6804634497917843e-08,9.681945820427431e-07,3.4203417553148556e-08,7.209830356503376e-05,2.735023235147849e-08,2.6407969867507984e-09,3.2668751594170085e-06,0.002277218281945186,3.5176030473572926e-14,5.524307963270497e-08,2.5540918899350248e-06,3.87607991468561e-13,8.1226478293665e-13,4.9990651371730855e-09,2.497498667810016e-12,6.180282427408593e-06,4.828500262117182e-11,2.3332269517616995e-07,8.900326430675158e-05,9.742605662830819e-11,6.213387503811726e-13,2.9015078021972268e-06,7.08613028119223e-06,2.85917272213474e-10,9.583494025023264e-14,6.034691875072819e-14,1.2217627222882869e-09,2.3530589843203614e-05,2.366615461695774e-12,7.594190767044456e-07,1.4309668610832692e-10,3.0227053756613565e-05,0.00047087957322925714,2.6961888736397858e-05,1.798822663277791e-11,1.1871091260042672e-07,7.495647129335969e-05,1.190688228561316e-05,1.6496664766391214e-07,9.441972690337464e-09,8.319717463565319e-06,4.493994842343437e-09,2.520024789874337e-11,0.0006716904792073875,5.1896357339398616e-11,7.665080887244345e-10,3.8947026386633885e-13,1.526881390316231e-05,8.005942612545216e-05,6.21342578583494e-07,2.176096606555602e-05,4.0504387789089075e-13,5.956302887051521e-13,2.2205513551905353e-13,4.7288876836722896e-08,2.6299576540491735e-09,5.928284292277275e-08,5.274269739396442e-07,4.995847264095005e-12,1.4320354935876058e-08,2.0154328487626248e-06,9.530292929117512e-18,1.9295906004511407e-06,7.797674923641453e-05,7.059220981466745e-05,1.1439745946341267e-11,4.924736447870333e-11,7.421816471486376e-08,3.784064354665313e-09,1.5829183132602832e-13,5.125110756039498e-09,9.403225160853091e-07,2.3217708556780537e-11,1.5884828720987188e-06,2.6667714194045565e-12,3.054984101539499e-09,6.472639067432343e-16,3.7533991834610485e-08,0.00025907639631419697,5.614396473503654e-07,8.79317974793221e-15,1.4654603036273258e-06,1.7714264593202027e-19,2.5500288920833557e-09,9.958474570799421e-11,2.742340221000711e-07,6.661504032129913e-09,6.041822623995051e-09,0.001617896481275012,5.709656785545841e-11,1.0073210162785097e-07,2.998626254018772e-09,1.1487006394681256e-13,0.00012599310387365496,3.727869379885011e-12,9.183527841639006e-13,1.3185340113207713e-08,2.1547189523043002e-07,2.95629021691363e-13,1.9129279870971914e-07,1.6465508713065074e-07,1.4559737332780557e-11,7.1580511715665724e-12,2.814439385111672e-09,4.950512966624504e-07,5.783109478184163e-05,8.581220636757938e-10,0.00013301056921300705,2.5560409605879008e-08,5.532140085561665e-14,7.312893213957612e-10,0.012634502931418375,0.0001021094642944793,6.158184879120311e-09,1.3184788178216046e-07,3.3153614273189433e-07,7.153175221913187e-07,2.3010297179668663e-06,2.5726572287401732e-11,3.172188520914275e-10,2.2761884873016453e-09,2.3939278096003217e-08,2.8321236739578538e-14,3.2421138231005477e-12,2.339703988034613e-09,3.448609332150765e-15,0.0001931273967059009,1.0840688451050415e-09,1.5127833754224983e-10,1.7404984920027123e-05,1.5489062344287495e-10,1.232044910149343e-05,0.00020189750494408617,8.364264683558173e-11,4.574891849664255e-08,4.3412952358772585e-06,0.00019298695998557427,1.414340582845589e-10,2.5399528841921507e-11,4.0636798772084905e-12,6.275160470894162e-06,7.425897849315725e-10,0.012432740921785911,2.5683785837438123e-08,3.0093343601815023e-07,6.052952435643818e-08,9.174975893496679e-10,3.905292249620134e-08,9.583707443098125e-11,2.143674778628184e-09,4.646908984368139e-08,4.910960657284821e-06,1.5970049637475142e-09,4.131404603591616e-09,9.125891223663689e-12,1.9461391520329532e-11,2.1017188236445032e-10,2.721517332754589e-13,1.035353467637841e-05,7.843069620078895e-07,2.548634490617019e-06,2.0732720645733706e-07,2.1703733647259692e-08,2.4092282153227457e-15,1.0115147340870445e-11,0.0001503209467692505,3.45806980552479e-12,1.468615626207688e-10,5.504543248139822e-08,0.0006738246350067245,2.4888640580403833e-07,2.5990039181240264e-12,1.2395129104185242e-09,3.759614409957713e-12,5.136927575601431e-07,2.231586109941192e-14,2.967327036509119e-13
86.68341708542712,8.128945658034154e-10,8.68534651469686e-10,3.2009612548995807e-09,2.219633557298263e-05,0.002221166870984742,1.234611896256138e-12,3.409294410055445e-10,1.3934981129158156e-11,6.580348890086201e-10,7.623403055258538e-14,3.6647447641043983e-07,4.593514920830367e-05,2.751608741352319e-07,0.012899868402444184,3.7665677674980976e-07,2.1574722395906632e-23,2.024952922749172e-09,1.6497049530310028e-07,7.11783844690478e-06,6.538263262739347e-11,2.724272759393745e-05,3.6648141001485145e-05,1.3827991124374605e-05,2.1884064607899945e-08,6.870699841034435e-07,2.682224904408844e-08,5.710195830751023e-05,2.0054753643282428e-08,1.9004219015629637e-09,2.6698396622994223e-06,0.0020340359749391784,1.8820106730034915e-14,3.697671401262218e-08,2.313981161048984e-06,2.1781636159154894e-13,4.710569259529617e-13,3.862487879553465e-09,2.0579846882781944e-12,6.495867876737818e-06,3.316952605792312e-11,1.6840205316528904e-07,7.983734551088344e-05,6.640236564311406e-11,4.0015586601586836e-13,2.600713597808957e-06,5.1864712398492486e-06,1.992555774399707e-10,6.332382380026808e-14,3.558004852946427e-14,9.998746597654307e-10,2.0198981776915386e-05,1.3254261726742157e-12,5.68043900749873e-07,9.032832967737665e-11,2.4819306766654407e-05,0.00041950301171459175,2.2200121380270555e-05,1.1277073632625153e-11,8.489208347584842e-08,6.38846419411126e-05,8.978326416060623e-06,1.214376714144639e-07,5.997636882485388e-09,7.172282043125841e-06,3.6114418473024725e-09,1.5755424600119044e-11,0.0005691999485309362,4.1133091864330624e-11,5.154322049586474e-10,2.2920519281229267e-13,1.351269649961669e-05,6.680205058573267e-05,4.99054405120874e-07,1.572443398008582e-05,2.125344591346894e-13,3.145044337075562e-13,1.4993266461999716e-13,3.787604302330477e-08,2.2177166355160884e-09,4.6179861279081057e-08,4.784350003465663e-07,3.4664462603462623e-12,1.0297140791559565e-08,1.6064650536592135e-06,5.915422893386104e-18,1.5417418902570717e-06,7.181814967312284e-05,5.8742157800667574e-05,7.35364180712608e-12,3.6873275847093805e-11,6.007900939707046e-08,2.600289625923916e-09,1.1111766766299078e-13,3.925154620329042e-09,7.324832292974988e-07,1.3371708769757662e-11,1.1475481902173414e-06,1.6632389456994616e-12,2.265356762093912e-09,3.791461482846027e-16,2.6872087939847097e-08,0.00019700490058270346,5.171598385736407e-07,4.488729210711716e-15,1.2310960621457486e-06,9.133640720630152e-20,1.919767192292308e-09,7.035007620930738e-11,2.0112459364627923e-07,5.208564578026229e-09,4.998275382156645e-09,0.0014634453300204305,3.629821767001788e-11,7.973463784100615e-08,2.460874400774019e-09,6.901735180576056e-14,0.00010452110354765141,2.606437261876434e-12,6.194933150376569e-13,9.157731385464477e-09,1.453748732178909e-07,2.1654654446038522e-13,1.5292437667382004e-07,1.4209384739329638e-07,1.0935861208004934e-11,4.76558900503558e-12,2.352169309268445e-09,3.709506975308981e-07,4.784119018211546e-05,6.733975396201346e-10,0.00011936188484980935,2.226993060101462e-08,4.114685633511057e-14,5.222700535212454e-10,0.011626432506073658,8.397984195571537e-05,3.1331129648764577e-09,8.612912775717473e-08,2.504617142387893e-07,5.16225197155179e-07,2.0266773007188415e-06,2.1331839416706707e-11,2.1474062580633857e-10,1.4244446753488807e-09,2.2340530329498348e-08,1.8246965245546656e-14,2.616591147269602e-12,1.6184991846634524e-09,2.1936087197490527e-15,0.00016468140781556337,7.405547725418247e-10,8.868738296854467e-11,1.3037395657006074e-05,1.295187710867392e-10,9.902725470606636e-06,0.00017042990737311137,7.420025838833339e-11,3.2781344138612175e-08,3.8598133461089985e-06,0.0001653866669816656,1.2412478639798132e-10,1.589647999111391e-11,2.4275738180902527e-12,4.967334647384589e-06,4.283450584512781e-10,0.011627168076931486,2.02780040619903e-08,2.443252463432196e-07,3.8414461941406235e-08,6.47342073919325e-10,3.121890051182629e-08,6.60330828002809e-11,1.7188822265754658e-09,3.4384055896125296e-08,3.6496960187041937e-06,1.0314164231656145e-09,2.6784857649426383e-09,6.336905237077378e-12,1.3460838979745202e-11,1.4090902205643817e-10,2.288360122843166e-13,7.764770841482991e-06,6.389732527143162e-07,2.32234834453183e-06,1.3379781312425068e-07,1.6556567035137112e-08,1.3851376221096057e-15,6.945707528172436e-12,0.00014200433573743372,2.3830113499654954e-12,9.508926039993751e-11,4.356027022860095e-08,0.0006072183008439445,2.2035864275431454e-07,1.5773442423534956e-12,8.268379139329145e-10,2.2106027390528416e-12,4.439823040676088e-07,1.3422593529593534e-14,1.999799041134277e-13
86.93467336683418,5.416666785544874e-10,6.813799044958534e-10,2.534093322122315e-09,1.7623702966016174e-05,0.0020611430227416385,7.109742437758165e-13,2.3684769857628894e-10,9.409608565039538e-12,3.516748033960023e-10,5.6097471313016426e-14,3.443347010443566e-07,4.184560260871018e-05,2.0319156164257114e-07,0.010908107709674115,2.806168333051496e-07,9.857599445675725e-24,1.637831118292839e-09,1.2705563938109448e-07,6.256122475548384e-06,4.4301053886754986e-11,2.2141600693481935e-05,3.4399036883042966e-05,1.1766272835766265e-05,1.7984249048949482e-08,4.893579238076267e-07,2.107858803429909e-08,4.511692470115854e-05,1.481073191389167e-08,1.376265337001298e-09,2.1839088323746742e-06,0.0018166603116513507,1.0219606152590813e-14,2.47490130443239e-08,2.1050951497763816e-06,1.2311795187441415e-13,2.72621165079754e-13,2.99603074278343e-09,1.7132252128742419e-12,6.831652338767653e-06,2.2993331431583094e-11,1.2114990259321572e-07,7.189637626909373e-05,4.55275154656356e-11,2.588399641897638e-13,2.3278259598574525e-06,3.805329498358822e-06,1.400460690864321e-10,4.228882781006161e-14,2.1217014673081978e-14,8.245275267555304e-10,1.7356706119497974e-05,7.470778689415944e-13,4.243353988693971e-07,5.759083545778357e-11,2.0348425962361092e-05,0.0003748971034922191,1.831931148981714e-05,7.137267817030845e-12,6.107895524493616e-08,5.484792698075772e-05,6.7787371101676415e-06,8.95155511848267e-08,3.814197440845468e-09,6.174992864670167e-06,2.931237032867141e-09,9.878544847645937e-12,0.000481454303002269,3.289310314951075e-11,3.4678797668754484e-10,1.3609623176214432e-13,1.1991026266500223e-05,5.588876883450539e-05,4.016676851724953e-07,1.1336296211310218e-05,1.1205955851387787e-13,1.6740753873299458e-13,1.0189051908325335e-13,3.046690957545286e-08,1.8823520136300137e-09,3.610433723590541e-08,4.3505269351876993e-07,2.4338459097531047e-12,7.399188906310237e-09,1.2845383162829198e-06,3.705065583271537e-18,1.2316392915329395e-06,6.656522518080244e-05,4.89353881964955e-05,4.761725274395275e-12,2.7909462913237585e-11,4.868517859418069e-08,1.7930078565253517e-09,7.873224505914906e-14,3.0248080426649116e-09,5.715007998983226e-07,7.716589334285093e-12,8.307455916585032e-07,1.0429173498183572e-12,1.6884366833315008e-09,2.235540174580995e-16,1.939259401587331e-08,0.00014941034409441718,4.814325426241996e-07,2.31088240933414e-15,1.0322520588756364e-06,4.7653731506317387e-20,1.4643098943567837e-09,5.00887193967761e-11,1.477194181827893e-07,4.105894603955314e-09,4.1705394771741795e-09,0.0013221760879249854,2.3137514550515125e-11,6.346439607787704e-08,2.0231306615471262e-09,4.132246837415339e-14,8.678181996078789e-05,1.8372590073510095e-12,4.1847901203276896e-13,6.3570881983443544e-09,9.83383911924841e-08,1.5995602374864046e-13,1.230472280341244e-07,1.2379139219288292e-07,8.280739984793348e-12,3.207287169615184e-12,1.975397923506451e-09,2.795696000811305e-07,3.968881788927876e-05,5.305392423074008e-10,0.00010724577889270341,1.9509992779298745e-08,3.07533627488254e-14,3.7472220648888434e-10,0.010679008916402066,6.911891472103417e-05,1.5789880997012569e-09,5.61662617765467e-08,1.9047787276758285e-07,3.7281389030931366e-07,1.7984577905003278e-06,1.7832134986336627e-11,1.4575706903738492e-10,8.894765679103582e-10,2.0842343413152935e-08,1.1866614850251138e-14,2.1335423105212203e-12,1.1284612950607251e-09,1.4089412600752794e-15,0.00014049378840724257,5.07278376125275e-10,5.220304520069904e-11,9.736226418490644e-06,1.0838989053330932e-10,7.976611656789624e-06,0.00014423998012253462,6.65146480529264e-11,2.3605530919381197e-08,3.4522968334036203e-06,0.00014225352052626752,1.1041144965712207e-10,1.0013166513065129e-11,1.4593670518187767e-12,3.921804794686478e-06,2.47833786540315e-10,0.01089358629988736,1.6056786267281588e-08,1.9971037860770824e-07,2.4373714414203557e-08,4.582233191555136e-10,2.5022159395965293e-08,4.568112652835105e-11,1.3875795989936282e-09,2.5625044187861092e-08,2.700058486654188e-06,6.658992785532562e-10,1.7350206969161957e-09,4.456059578275947e-12,9.356933196388882e-12,9.47592663279942e-11,1.940978065766224e-13,5.844772238022136e-06,5.203224822131613e-07,2.1271941083455233e-06,8.620121203606075e-08,1.269109719896034e-08,8.023702576767777e-16,4.788679229363365e-12,0.0001349007716694728,1.6449212985681832e-12,6.226272954961511e-11,3.469061931424832e-08,0.0005469495579229708,1.9758336574629522e-07,9.607674848258001e-13,5.564331345191538e-10,1.3119296024657555e-12,3.8353315760431604e-07,8.149917335946687e-15,1.3613404411802556e-13
87.1859296482412,3.6411447083077394e-10,5.418977338938209e-10,2.0261660433712693e-09,1.4039014952638549e-05,0.0019161198295758845,4.1163990287986595e-13,1.6533899580886558e-10,6.397327959896e-12,1.8723989523968144e-10,4.170393699584332e-14,3.25163307446275e-07,3.8244751723680775e-05,1.5053782602926065e-07,0.00916117445171749,2.0860941783702053e-07,4.5915781474652446e-24,1.3316810539926257e-09,9.782111300083995e-08,5.51072771367256e-06,3.009771239618421e-11,1.7987573422053058e-05,3.242395234455121e-05,1.0010850774805708e-05,1.4874630899946462e-08,3.4995427973614966e-07,1.6595668925752363e-08,3.556799728510415e-05,1.1016333638483059e-08,1.0027701127359933e-09,1.7884758748964322e-06,0.0016224714465902304,5.636738356545795e-15,1.656888160078601e-08,1.92275667517568e-06,7.004198309041252e-14,1.5751221584146138e-13,2.3336445150769995e-09,1.4400566072597019e-12,7.1860038240513825e-06,1.6092153143253906e-11,8.689098738963668e-08,6.500797500369953e-05,3.140216447987018e-11,1.6818826528571935e-13,2.0800490423243126e-06,2.8003063910168086e-06,9.929340728336465e-11,2.854297030836102e-14,1.2801221860369301e-14,6.85296646071856e-10,1.4930661433976613e-05,4.23957300633683e-13,3.166402873439645e-07,3.7112224754775373e-11,1.6657909067878456e-05,0.00033607800172767564,1.5148968902021402e-05,4.561916503406026e-12,4.423676116864145e-08,4.7452291805901544e-05,5.1259075187580385e-06,6.607673310609277e-08,2.429691624206568e-09,5.309752503785311e-06,2.4028208947468134e-09,6.213744452266574e-12,0.0004064567411731594,2.6531724701701903e-11,2.33535548918562e-10,8.156073897687236e-14,1.0667824725723105e-05,4.689133419537744e-05,3.2393022707964534e-07,8.156825855114681e-06,5.94075871716726e-14,8.990102601242937e-14,6.968797610572575e-14,2.46156097747776e-08,1.6078847093470645e-09,2.8332186969092822e-08,3.964837282837239e-07,1.7296565820363319e-12,5.312999310694525e-09,1.0305865351015051e-06,2.341991385195081e-18,9.838919688683035e-07,6.208377271249854e-05,4.080682524387137e-05,3.1066699236740425e-12,2.135848853914643e-11,3.9502938221746125e-08,1.2409132847849195e-09,5.630226667002056e-14,2.345346415173845e-09,4.4667123254836154e-07,4.4645462522724225e-12,6.027881715686849e-07,6.573021765099055e-13,1.2646802703950749e-09,1.327015313589525e-16,1.4109800474899555e-08,0.00011306443767918321,4.528056285156366e-07,1.2006544027180616e-15,8.639486076398038e-07,2.5179358726618948e-20,1.131538610734288e-09,3.5948108285717705e-11,1.0868708918177698e-07,3.2628285709963465e-09,3.5092277514435096e-09,0.0011930729674143792,1.478891226896453e-11,5.0815732481259613e-08,1.6663868344151626e-09,2.4657883614776045e-14,7.211708775500373e-05,1.305883505868498e-12,2.8295801860341597e-13,4.411609900556295e-09,6.671387719680488e-08,1.191448656551644e-13,9.965194257325088e-08,1.0885584484684382e-07,6.320446583601846e-12,2.1829824800420215e-12,1.6669846449947512e-09,2.1196193070928079e-07,3.3022440624353684e-05,4.1960535648321337e-10,9.650250985458897e-05,1.71870535868832e-08,2.3099709702191284e-14,2.701359155693078e-10,0.009792240942988473,5.6938098211894254e-05,7.885902838758196e-10,3.658085878205665e-08,1.4584043825694688e-07,2.695319464853138e-07,1.6075234667309914e-06,1.503081387230434e-11,9.923938778905796e-11,5.544007576230708e-10,1.943078377511216e-08,7.78982704013836e-15,1.7574982630778242e-12,7.934383094261829e-10,9.140358974663794e-16,0.00011990253700109618,3.48507492847159e-10,3.08704314179285e-11,7.249827425764444e-06,9.077065771795622e-11,6.441262420982073e-06,0.00012239610077169192,6.02079220231444e-11,1.709013913703953e-08,3.105048729565841e-06,0.00012284798238335946,9.953182873648614e-11,6.34899702256038e-12,8.831797753163489e-13,3.087891278569565e-06,1.43903563359408e-10,0.01022547427339109,1.2748384855536122e-08,1.6440133203610545e-07,1.5469345198520576e-08,3.253843601909341e-10,2.0110090660663936e-08,3.172635498548806e-11,1.1274316182573717e-09,1.9240289364011812e-08,1.988548031544625e-06,4.2984772445593583e-10,1.1231072949178098e-09,3.1737751142221523e-12,6.537091070668762e-12,6.391283051559363e-11,1.659950425907359e-13,4.417614217802303e-06,4.235088448549465e-07,1.9581270352287093e-06,5.54715011199701e-08,9.777020455714013e-09,4.685576551095723e-16,3.3147314647453418e-12,0.00012885910259683852,1.1373199035616305e-12,4.124991218341255e-11,2.7804534503130986e-08,0.0004923695438207958,1.7941925773342445e-07,5.872567990545733e-13,3.7782322006122493e-10,7.861228882517705e-13,3.310512524948755e-07,4.996942002453012e-15,9.36033206228901e-14
87.43718592964824,2.469818510581873e-10,4.36769443960271e-10,1.6361550746938236e-09,1.1222036116221555e-05,0.0017846630304404884,2.3967695487584525e-13,1.159946337371322e-10,4.380319568420304e-12,9.936481957946384e-11,3.131144275566772e-14,3.085467668012301e-07,3.506792342588459e-05,1.119195682828472e-07,0.0076425010530710895,1.5474338057087615e-07,2.1813245169841477e-24,1.0885682080537112e-09,7.526476283744593e-08,4.8643230585639865e-06,2.0508750708161253e-11,1.460581230498505e-05,3.068957090656682e-05,8.515336733717608e-06,1.2380223743503448e-08,2.513750126100732e-07,1.3086787866424958e-08,2.7982491777917916e-05,8.252332406617303e-09,7.349306353358876e-10,1.4666653919514412e-06,0.0014490771929494915,3.160142701200128e-15,1.1098407208875837e-08,1.763014635525892e-06,4.013003633338917e-14,9.088904474274189e-14,1.825733924588074e-09,1.221499185434544e-12,7.556958706990385e-06,1.1375715462422394e-11,6.214557818242182e-08,5.902554870722425e-05,2.178938541263178e-11,1.0979606148058499e-13,1.8550315141307048e-06,2.067954952654151e-06,7.103195891689554e-11,1.94704927381268e-14,7.817137617422234e-15,5.742145082177851e-10,1.2858663134511376e-05,2.4231669997908707e-13,2.3608055873947495e-07,2.4187468049405942e-11,1.3616554108872965e-05,0.00030220934851638806,1.2552814828509056e-05,2.9456797898183355e-12,3.226588693764115e-08,4.138439138728776e-05,3.883062579533815e-06,4.884495112201176e-08,1.5511199250380845e-09,4.56038450638911e-06,1.989086176479383e-09,3.922581872975806e-12,0.0003424656528413457,2.158017691194332e-11,1.57473240629343e-10,4.934654255817444e-14,9.51327623661272e-06,3.9460799831910154e-05,2.6173652031778547e-07,5.859894184637339e-06,3.168681664783741e-14,4.8744030524335494e-14,4.7967398020560705e-14,1.9978333415354476e-08,1.3819279786909289e-09,2.231730327219344e-08,3.6205713862971065e-07,1.2445135674556059e-12,3.81214536370072e-09,8.297814327076875e-07,1.4941514150106374e-18,7.86094359338149e-07,5.8262594120221043e-05,3.405860002766699e-05,2.0425829969909262e-12,1.6527782366888884e-11,3.210090914195003e-08,8.621454428873826e-10,4.063024269362084e-14,1.8295554654776164e-09,3.497520010602728e-07,2.591146229270582e-12,4.3847236352235074e-07,4.162859911851896e-13,9.5178758762507e-10,7.93142254375864e-17,1.03520630864468e-08,8.541034687893303e-05,4.3014721217162753e-07,6.300020256566469e-16,7.21827284051526e-07,1.3484527981222424e-20,8.857325222747042e-10,2.6008311271876428e-11,8.013720967309909e-08,2.613472276458454e-09,2.9770904038170173e-09,0.0010751943341219688,9.479147322304923e-12,4.094700505999457e-08,1.3752988363076988e-09,1.4667394426423503e-14,5.998617412794238e-05,9.361064859615692e-13,1.9142395366063112e-13,3.0612875923025496e-09,4.540340017495632e-08,8.948386202916686e-14,8.122737808294484e-08,9.659899344184818e-08,4.861934397836298e-12,1.50324881592736e-12,1.4134587293649874e-09,1.6169504594288933e-07,2.7559123545501898e-05,3.331098946835431e-10,8.698640477997604e-05,1.5225506544324258e-08,1.7438767623609408e-14,1.9569042022298787e-10,0.008965475538701443,4.695317757532786e-05,3.9047693041548357e-10,2.3806551344400773e-08,1.1242441155326449e-07,1.9514070891108048e-07,1.4468782425385797e-06,1.2777085154025535e-11,6.780527143867898e-11,3.4504313817484077e-10,1.8095211693385034e-08,5.161697245594012e-15,1.4624491808572631e-12,5.628869410541315e-10,5.990682575831413e-16,0.00010235322429063388,2.4017682752592754e-10,1.835089609432546e-11,5.383342869998111e-06,7.606103374838026e-11,5.21630192254313e-06,0.00010413589032280828,5.499276994196833e-11,1.2445464081016818e-08,2.807060788565947e-06,0.00010655285117662718,9.09121277245697e-11,4.052932685662782e-12,5.382357667299001e-13,2.424412516210386e-06,8.389425842758647e-11,0.009616778900389244,1.0146121680394216e-08,1.3633654320116323e-07,9.825895753368832e-09,2.3176526610900406e-10,1.6208046337844018e-08,2.2118756073875584e-11,9.217937970105435e-10,1.4558564053555241e-08,1.458057386317466e-06,2.7748529799003847e-10,7.266517431943665e-10,2.289818299736737e-12,4.590424303049029e-12,4.3232091258076306e-11,1.4306811171603413e-13,3.3539698641717913e-06,3.445649117910507e-07,1.8109972233827648e-06,3.567337216790108e-08,7.571207389765599e-09,2.759952030114941e-16,2.303512004200627e-12,0.00012375252324388952,7.876411773084393e-13,2.766473233840368e-11,2.24294980316254e-08,0.00044291216417088425,1.6498952066054422e-07,3.601623681040835e-13,2.5887523468690357e-10,4.757581382377631e-13,2.8545624295113853e-07,3.0947426421835273e-15,6.500436848148391e-14
87.68844221105527,1.6908782965445454e-10,3.5665536093739824e-10,1.334292549500313e-09,9.002573926808467e-06,0.0016654709872627887,1.403751035187758e-13,8.1791877144059e-11,3.0213444325465423e-12,5.258602382667302e-11,2.3733994674333704e-14,2.9413954588547517e-07,3.22599863862796e-05,8.351856268784189e-08,0.006333646178403563,1.1454090126976359e-07,1.0573559375935905e-24,8.94704650182193e-10,5.7855858188554305e-08,4.302406443409453e-06,1.4019827844125229e-11,1.1853445746463223e-05,2.9167365784947935e-05,7.240806837460611e-06,1.036750550863685e-08,1.8143482862499728e-07,1.0333046137530151e-08,2.1973688065162726e-05,6.225201119604893e-09,5.416613062363974e-10,1.2046899197462026e-06,0.0012943026723875486,1.8018981115256983e-15,7.440226709549333e-09,1.6225270388971582e-06,2.3169436098708055e-14,5.240117856355386e-14,1.435012360604331e-09,1.0449875955472607e-12,7.94220432018027e-06,8.126190061772646e-12,4.433572242271432e-08,5.382413406852238e-05,1.520998373620345e-11,7.202306140001587e-14,1.6507728246942918e-06,1.5332753109346441e-06,5.128160955617187e-11,1.3422699182652407e-14,4.8326941592351584e-15,4.851691212368742e-10,1.1087842969917811e-05,1.395419216830955e-13,1.75915217780501e-07,1.595230304326373e-11,1.1114428226197924e-05,0.00027258012862909107,1.042174818261334e-05,1.9221170044791844e-12,2.3711168037959094e-08,3.639471556700364e-05,2.9476376583982727e-06,3.615994594060068e-08,9.929064683693493e-10,3.912473173083938e-06,1.6626234782551762e-09,2.4860506297431347e-12,0.0002879638693956965,1.769502498278364e-11,1.0636598853670992e-10,3.0149849740310895e-14,8.502596435895761e-06,3.331290363280803e-05,2.1186926945530123e-07,4.204866140592449e-06,1.7014364233661615e-14,2.6702439338442838e-14,3.322545280116329e-14,1.6289582705552814e-08,1.1948293588002142e-09,1.7646854118486356e-08,3.3120649194429064e-07,9.068070716976502e-13,2.733140441845864e-09,6.705885814244171e-07,9.621801665241e-19,6.282621559085294e-07,5.5009487966500196e-05,2.8447573367659467e-05,1.3536131847028356e-12,1.2933205660160573e-11,2.6130940247478865e-08,6.013939922380825e-10,2.958419115184554e-14,1.4356834134010292e-09,2.743959925353966e-07,1.5094655677277365e-12,3.1979575845953815e-07,2.648631599602722e-13,7.195590103798459e-10,4.7738583667815185e-17,7.659544235324648e-09,6.443771843402765e-05,4.125737281074552e-07,3.3406823740913387e-16,6.020851551755726e-07,7.324875246332376e-21,7.021887325721955e-10,1.8970100087211862e-11,5.9232807991584486e-08,2.1096407602555904e-09,2.5458605414058704e-09,0.0009676675082537848,6.093062507212014e-12,3.3217090028976105e-08,1.1374722350449952e-09,8.699292533796992e-15,4.994475323909097e-05,6.768770939651557e-13,1.2951696246933535e-13,2.1246273746108536e-09,3.100667995901672e-08,6.775920289039058e-14,6.663290219171418e-08,8.648677888421396e-08,3.768336853364354e-12,1.047711320681023e-12,1.2041886908705713e-09,1.241292829736867e-07,2.3071110067315786e-05,2.653964755777538e-10,7.856513509545391e-05,1.3563970225132315e-08,1.3232685851660144e-14,1.4247306996839506e-10,0.008197488142718772,3.8766360854799697e-05,1.9178886253406396e-10,1.5488920254296617e-08,8.725583755208043e-08,1.4153389837072565e-07,1.3109624597364436e-06,1.0954832542735431e-11,4.651142318937379e-11,2.1451346847082092e-10,1.6827687528411293e-08,3.452329344186613e-15,1.2291846684886296e-12,4.0312284447480716e-10,3.9675877826403973e-16,8.738107330678123e-05,1.6606109574506206e-10,1.0971955744213731e-11,3.986663829627356e-06,6.37682560780807e-11,4.237794170056527e-06,8.883527332622579e-05,5.0648580426528725e-11,9.119748852969787e-09,2.5494548464078623e-06,9.285367975830821e-05,8.41185849879267e-11,2.605147713240815e-12,3.3042662962945176e-13,1.8979329842785325e-06,4.9128068518858034e-11,0.009061918486067296,8.092257693845435e-09,1.1393107633966819e-07,6.2495720534408685e-09,1.6557112976732164e-10,1.310164220512799e-08,1.5477395098559142e-11,7.58186967510607e-10,1.110458042728662e-08,1.0644550880780434e-06,1.79174109263831e-10,4.700200859722068e-10,1.6735660081880695e-12,3.2401724042549642e-12,2.9325769450967035e-11,1.2421087600896987e-13,2.5588074379285583e-06,2.8023878382287965e-07,1.6823778176069254e-06,2.2938497075012235e-08,5.894335179405777e-09,1.6407267962031078e-16,1.6070082420174307e-12,0.00011947444370131491,5.463478663235213e-13,1.8790279130878872e-11,1.8210925315596988e-08,0.000398081719931558,1.5361947182611995e-07,2.216003536708052e-13,1.7899749848156195e-10,2.9088490748562686e-13,2.458381421664493e-07,1.9366032130229357e-15,4.559345814896984e-14
87.9396984924623,1.1685985381640804e-10,2.9494402274698325e-10,1.0988257772198007e-09,7.248995269432119e-06,0.001557361315098523,8.272247004195643e-14,5.797550717817976e-11,2.099796716435367e-12,2.7768429229129775e-11,1.8156339032201584e-14,2.8165216479619466e-07,2.9773860069837643e-05,6.257054703458278e-08,0.00521510539696311,8.46055513760739e-08,5.231342273840002e-25,7.394561658895363e-10,4.442052722254114e-08,3.8128054517375443e-06,9.617159105023736e-12,9.613870688452592e-06,2.783288708187818e-05,6.154487919574163e-06,8.73405047438944e-09,1.316322705598157e-07,8.166734603542073e-09,1.72265667312183e-05,4.728317586406763e-09,4.0135791297664634e-10,9.913081803676968e-07,0.0011561782704568309,1.0454725105559528e-15,4.993380943600743e-09,1.4984638478176872e-06,1.3488012959863141e-14,3.020001058571956e-14,1.1334064281900802e-09,9.011374216490271e-13,8.339071550558924e-06,5.868389216310328e-12,3.1560578345738075e-08,4.9296960925907154e-05,1.0680862246866817e-11,4.7480847469022554e-14,1.4655465632080669e-06,1.1419694579876077e-06,3.73705674299562e-11,9.351094664106368e-15,3.0252992188122447e-15,4.134546653813996e-10,9.573274840590099e-06,8.099115739475274e-14,1.3104228231802835e-07,1.0652170900843893e-11,9.059491924050262e-06,0.0002465858122592855,8.668274589706545e-06,1.2678058890581058e-12,1.7561798129622918e-08,3.2284305579183984e-05,2.2427782602991134e-06,2.680956421999458e-08,6.3762163425591e-10,3.3532086101967383e-06,1.4030545128336278e-09,1.5824441664437381e-12,0.0002416312700685471,1.4622788337099074e-11,7.199910294573694e-11,1.8606480978281203e-14,7.615116741402923e-06,2.821607444066189e-05,1.7180087873612473e-07,3.015047065485068e-06,9.20224888168174e-15,1.478890817296009e-14,2.315794672831759e-14,1.3343990601612736e-08,1.0390281516284696e-09,1.4007991488454715e-08,3.0345283598274276e-07,6.692585787353418e-13,1.95798471372909e-09,5.440314841619076e-07,6.254540109807324e-19,5.023718317060994e-07,5.224796366638623e-05,2.3775122281876372e-05,9.042896433642627e-13,1.0233970596124781e-11,2.1312444242124237e-08,4.2122550226141684e-10,2.1731271136454282e-14,1.1331279819395002e-09,2.1571474683041768e-07,8.831369764812725e-13,2.3389430437139344e-07,1.692572576931272e-13,5.463262715291819e-10,2.893949784038514e-17,5.715794526405129e-09,4.857673640299286e-05,3.993954564051052e-07,1.7913028075053283e-16,5.014152086503191e-07,4.038735816231035e-21,5.636678685622658e-10,1.3949293402396005e-11,4.390615400179008e-08,1.7158797447298377e-09,2.1939575098820784e-09,0.0008696838412027835,3.9278139765612794e-12,2.7137083262637594e-08,9.428895411037998e-10,5.146048898033102e-15,4.162757319164794e-05,4.93782515597008e-13,8.761134853803464e-14,1.475160220631942e-09,2.1253396250781646e-08,5.1724612970214104e-14,5.5004171492550717e-08,7.810240761165689e-08,2.9420142579767582e-12,7.393140734546595e-13,1.0307490339318047e-09,9.590690840618471e-08,1.937498395641878e-05,2.1217582052494407e-10,7.111895095176296e-05,1.215240074149134e-08,1.0092984077004012e-14,1.0426524886456447e-10,0.00748657448666582,3.205126022101396e-05,9.348860968227188e-11,1.0079796277714414e-08,6.81814662152716e-08,1.0287374509957805e-07,1.1953357559196548e-06,9.474267611741364e-12,3.204565481992886e-11,1.3327547431685367e-10,1.5622457888800062e-08,2.330615185241262e-15,1.0434151797225313e-12,2.9159765739366403e-10,2.655814452478045e-16,7.459597540148408e-05,1.1520585233659606e-10,6.601702197234737e-12,2.944707610765159e-06,5.3486368445191635e-11,3.454962712168502e-06,7.598309236522458e-05,4.700427493590856e-11,6.726919469414554e-09,2.3250474112210433e-06,8.132211460815056e-05,7.882243753290455e-11,1.6864136544318095e-12,2.0440497980529404e-13,1.4813356175135335e-06,2.8908915917144786e-11,0.008555777169903203,6.46596569279475e-09,9.596341252493166e-08,3.982294171579753e-09,1.1861954771347888e-10,1.062319492476574e-08,1.0868364687695357e-11,6.271976438801063e-10,8.540352396431643e-09,7.738242521622723e-07,1.1574819065330386e-10,3.040162937403323e-10,1.2390490964605759e-12,2.2991264076019228e-12,1.9947876262626198e-11,1.0857832136663084e-13,1.962291389510823e-06,2.2786330426817648e-07,1.569428072094804e-06,1.475580219515462e-08,4.613839148491697e-09,9.849463871380296e-17,1.125404910092175e-12,0.00011593505195937766,3.795668168883545e-13,1.293067123220888e-11,1.4881702094059668e-08,0.0003574421809848275,1.447897179674709e-07,1.367685281899735e-13,1.2490320639852823e-10,1.7972378340603531e-13,2.1142370708172322e-07,1.2248104351121048e-15,3.2296347921045455e-14
88.19095477386935,8.154492448287905e-11,2.469107278460687e-10,9.137469259248617e-10,5.85938256512357e-06,0.0014592589644754793,4.9062069542953424e-14,4.13136555023865e-11,1.470685314753639e-12,1.463957099337506e-11,1.4012759049488557e-14,2.7084155052111984e-07,2.7569260519898836e-05,4.7071485095779347e-08,0.004267028696164498,6.236681796351168e-08,2.6425242331920037e-25,6.145941972478942e-10,3.405605026500277e-08,3.3852716577092516e-06,6.621321829689903e-12,7.792013705959345e-06,2.6665161209052468e-05,5.228691487713675e-06,7.40087207956732e-09,9.602749762315117e-08,6.458903897105625e-09,1.3485603503207683e-05,3.6154229261706202e-09,2.9891174637120445e-10,8.173713829282677e-07,0.001032926473488803,6.174783708934015e-16,3.3559054997589435e-09,1.3884261665881921e-06,7.921521020349008e-15,1.740715307468711e-14,8.997444417610635e-10,7.828775897397351e-13,8.744538508277381e-06,4.2859076832746376e-12,2.2425255170741387e-08,4.5352607768545176e-05,7.54522973272894e-12,3.146268102249541e-14,1.2978384508642224e-06,8.547609771991416e-07,2.7493997336170757e-11,6.582863123968319e-15,1.9180222858325416e-15,3.554347288482873e-10,8.27679647795635e-06,4.73946921961909e-14,9.761197623538367e-08,7.204901531491679e-12,7.374766605406189e-06,0.00022371231522706463,7.222095017439765e-06,8.455038335613701e-13,1.3113691108699915e-08,2.8894290823312496e-05,1.7109213641169503e-06,1.990785789098259e-08,4.1099069538599364e-10,2.8712386679548525e-06,1.1951283705671524e-09,1.0120173158651992e-12,0.00020232047683453778,1.2174996169419934e-11,4.886226284721241e-11,1.1600533109730829e-14,6.833542459947812e-06,2.398161834123464e-05,1.3954061896381185e-07,2.1612814224714294e-06,5.015748360663995e-15,8.285818983512842e-15,1.6240460596683892e-14,1.0982399453584279e-08,9.085719043722211e-10,1.1163028578898457e-08,2.7839066307397273e-07,5.003900520711308e-13,1.4015450846661732e-09,4.4311901359135174e-07,4.10420388118818e-19,4.019851529841514e-07,4.9914547441153454e-05,1.987880416297779e-05,6.090850264824001e-13,8.188488700601097e-12,1.741958229676956e-08,2.9625312087792476e-10,1.6100817974213396e-14,8.993539028866091e-10,1.6994187519323762e-07,5.192351877930753e-13,1.715688421382077e-07,1.0860876274499769e-13,4.1646471953947134e-10,1.767152502789064e-17,4.301846650960305e-09,3.6609498346947985e-05,3.900750116424358e-07,9.71848470598484e-17,4.1695207571852915e-07,2.2617893509364047e-21,4.5802843066299033e-10,1.034062162451518e-11,3.265070187378052e-08,1.4059384876816296e-09,1.9048059229519716e-09,0.0007804940518817476,2.5393825338386452e-12,2.2333622157222562e-08,7.834501108634156e-10,3.0371480421116702e-15,3.4734208076411586e-05,3.6347981561219064e-13,5.923290915461386e-14,1.024899182305724e-09,1.4625641339233432e-08,3.97993561070216e-14,4.568350998266434e-08,7.111874370525056e-08,2.312866192756384e-12,5.283523660230418e-13,8.86435391014527e-10,7.458910517482236e-08,1.6322938839762087e-05,1.7018332874967235e-10,6.453988412456642e-05,1.0949833667136346e-08,7.738110561602921e-15,7.671200848398435e-11,0.006830640497176321,2.6540365260568953e-05,4.525168510237349e-11,6.564741840779164e-09,5.363517885721716e-08,7.496133781816404e-08,1.0964339168626681e-06,8.265672553705293e-12,2.218665870752186e-11,8.278562621382367e-11,1.4475506722640329e-08,1.5879756871442302e-15,8.944366362015787e-13,2.1314564888595074e-10,1.7970661457153186e-16,6.366999570265645e-05,8.020293703426362e-11,3.999384691048055e-12,2.1696417907489077e-06,4.488000675245377e-11,2.8275336487146062e-06,6.516033069873635e-05,4.392586470300452e-11,4.996297843142847e-09,2.1280096895429207e-06,7.160177944547045e-05,7.477440950512505e-11,1.099607675947355e-12,1.274536952027915e-13,1.1526576195009549e-06,1.7099632616828255e-11,0.008093692242059261,5.174343145966509e-09,8.148958236763156e-08,2.543579847471884e-09,8.521470943756296e-11,8.641296283823136e-09,7.657512710354606e-12,5.216813415536072e-10,6.624449022459268e-09,5.602437169750952e-07,7.482618924758462e-11,1.966894159527579e-10,9.291714896020485e-13,1.6401094265003065e-12,1.3606113683837801e-11,9.551990347028661e-14,1.5130746758633077e-06,1.8525042643586447e-07,1.4697839105091896e-06,9.500977210616252e-09,3.6314691117747247e-09,5.974102114477642e-17,7.911217745256818e-13,0.00011305844669078134,2.640973704831021e-13,9.018811762702747e-12,1.2239784792633854e-08,0.0003206079880898097,1.3810092131976648e-07,8.466215572524764e-14,8.795793433949833e-11,1.1223697340829702e-13,1.8155038395668993e-07,7.830916291572287e-16,2.3103531102043108e-14
88.44221105527637,5.746035422326368e-11,2.0914704412370462e-10,7.671930790532045e-10,4.754727071548242e-06,0.0013701855993408787,2.9294174450306146e-14,2.96013079593045e-11,1.0382402732501315e-12,7.710209710644336e-12,1.0907050154721562e-14,2.6150321932825574e-07,2.5611646039892524e-05,3.556609711410052e-08,0.003469827106639244,4.5883755826973494e-08,1.3631323455521934e-25,5.137307055415391e-10,2.6066505026595378e-08,3.0111504153123213e-06,4.576347328678207e-12,6.310405753668895e-06,2.5646184553073983e-05,4.439948112471058e-06,6.306740282085827e-09,7.046296970679294e-08,5.110044912773184e-09,1.0544391858434882e-05,2.7823915867973773e-09,2.2369038674854697e-10,6.754451538000251e-07,0.0009229480837422252,3.71346548956578e-16,2.259188937044122e-09,1.2903789180412047e-06,4.69599313743304e-15,1.0040000871454774e-14,7.180299845380509e-10,6.848345692692593e-13,9.155246089516759e-06,3.166756712407194e-12,1.5911001422614006e-08,4.191264199109052e-05,5.361961190968469e-12,2.095899268373251e-14,1.1462969316690992e-06,6.432483337858173e-07,2.0424874741865173e-11,4.68235453777582e-15,1.2316616162980522e-15,3.082890630985717e-10,7.166000438311236e-06,2.797206686720312e-14,7.272763762368642e-08,4.9380699070533975e-12,5.99595321681414e-06,0.00020352236639962015,6.026612217644258e-06,5.702528970828662e-13,9.874811788582674e-09,2.6097648849315837e-05,1.3089615256508099e-06,1.4806551850498323e-08,2.660332789627564e-10,2.4565289615051955e-06,1.0273554084124471e-09,6.505011232083404e-13,0.0001690353651226827,1.0210489269146817e-11,3.3261595152552965e-11,7.307977731867362e-15,6.143350613450441e-06,2.045570841846539e-05,1.1351668391257313e-07,1.5495621120082911e-06,2.756405075123248e-15,4.6987422785613574e-15,1.1458511470219957e-14,9.081200629939463e-09,7.987507468841693e-10,8.930904118476636e-09,2.556762941372881e-07,3.7906401077314935e-13,1.0024308857927676e-09,3.624006831999554e-07,2.718740535210457e-19,3.2194343151174294e-07,4.795657200129263e-05,1.662557086111279e-05,4.1367234903632776e-13,6.624253777425979e-12,1.4270795318833485e-08,2.092177012122773e-10,1.2030005270695e-14,7.176843768159685e-10,1.341739496972342e-07,3.0696408047605245e-13,1.2623410812307228e-07,6.99639395009677e-14,3.186513457293303e-10,1.0871182301601325e-17,3.26531233945272e-09,2.7596805849007713e-05,3.841954858861795e-07,5.3377846530923e-17,3.4622238525368204e-07,1.2872748248104157e-21,3.766404085527326e-10,7.727222823295626e-12,2.4368970993823914e-08,1.1602581396177295e-09,1.665598804127343e-09,0.0006994038167952756,1.646567530841994e-12,1.8521070256327403e-08,6.525999090636536e-10,1.7890384388654554e-15,2.901737321068055e-05,2.7003480459025605e-13,4.001470871583007e-14,7.127165710935879e-10,1.0106898470321646e-08,3.08634125430624e-14,3.816834846699821e-08,6.527754980982884e-08,1.8302358872356166e-12,3.825083156932564e-13,7.658917301267332e-10,5.8397661306673386e-08,1.3795758281887079e-05,1.3692489668141633e-10,5.873093181077871e-05,9.92260928119416e-09,5.963290658584037e-15,5.675221552292562e-11,0.006227287689874495,2.20146265714407e-05,2.1761788531863142e-11,4.281075949376856e-09,4.247243454516072e-08,5.477926616410116e-08,1.0113817169278066e-06,7.274690796475444e-12,1.544292476646097e-11,5.143688429006447e-11,1.3384161560679792e-08,1.0919456243008595e-15,7.741750690027256e-13,1.575147667016832e-10,1.2293952409153224e-16,5.432697864800561e-05,5.6032708727718237e-11,2.4406324251374332e-12,1.5947140662671503e-06,3.76714716634307e-11,2.323593377091827e-06,5.602313993311605e-05,4.130735715577307e-11,3.7376424297988965e-09,1.953601521163933e-06,6.339635817764724e-05,7.178603984796338e-11,7.223208875670993e-13,8.012816608997967e-14,8.941401512299952e-07,1.0170047892522863e-11,0.007671435818752066,4.145680798157466e-09,6.977799435624744e-08,1.6293160463159403e-09,6.137806694432109e-11,7.05277634550599e-09,5.412456197835536e-12,4.3618242560348547e-10,5.183599675188149e-09,4.0401507391712806e-07,4.8416470345138465e-11,1.273178449179987e-10,7.056601144438912e-13,1.1763530136537516e-12,9.305842756766626e-12,8.45310517206294e-14,1.1733670034613186e-06,1.5060544654290902e-07,1.3814702231783901e-06,6.1264679557166824e-09,2.874200638768844e-09,3.663134976920674e-17,5.582219080947158e-13,0.00011078023869373587,1.8402236950347605e-13,6.377601195670825e-12,1.0131696650818285e-08,0.00028723624922713373,1.3324720923827258e-07,5.255659188761541e-14,6.250960951578387e-11,7.085899406029124e-14,1.5564611140045613e-07,5.06244215400412e-16,1.6690217184724025e-14
88.69346733668341,4.089116316367326e-11,1.791709256839237e-10,6.503117342901906e-10,3.873691855708742e-06,0.0012892501382279005,1.7614012042717696e-14,2.132806674695504e-11,7.388711363463846e-13,4.0591998513189284e-12,8.559205883236467e-15,2.5346492022332966e-07,2.3871331543313632e-05,2.699561077171005e-08,0.0028046600650989055,3.3694317773205684e-08,7.182045503936153e-26,4.3189005106699026e-10,1.991425706327474e-08,2.6831114318406453e-06,3.1757142823017467e-12,5.105945229088546e-06,2.476049628319736e-05,3.7683037863818034e-06,5.403943751321609e-09,5.202240522867841e-08,4.043084249720934e-09,8.23687483909782e-06,2.1546573765978876e-09,1.6816476322298934e-10,5.594959466000808e-07,0.0008248082266310607,2.2743753852051267e-16,1.5238476294012042e-09,1.202594657628896e-06,2.8114014270114896e-15,5.797852091287594e-15,5.76151951492613e-10,6.028914209644327e-13,9.567525918722427e-06,2.3679768398868866e-12,1.1277242571522445e-08,3.890965707810448e-05,3.833186780510945e-12,1.4038059804201173e-14,1.0096946114674261e-06,4.868894814737128e-07,1.532355316538643e-11,3.3649361899534944e-15,8.011360356321165e-16,2.6982251678531e-10,6.2133712762552806e-06,1.6655630967865924e-14,5.421547489057821e-08,3.4305228691805298e-12,4.869426264273453e-06,0.00018564392735266616,5.036162762922089e-06,3.890409221409421e-13,7.500032371630764e-09,2.3792715765560136e-05,1.0046184736414139e-06,1.103071144177965e-08,1.7301852665691942e-10,2.1002317694176454e-06,8.910216956877185e-10,4.204032781908583e-13,0.00014091211931419804,8.62277969885868e-12,2.272177175298938e-11,4.652443239939301e-15,5.532300423214725e-06,1.7512859574642534e-05,9.248495592116669e-08,1.1117331263166853e-06,1.527903463973139e-15,2.6982422769454093e-15,8.13299340757784e-15,7.544168877452318e-09,7.05819513234686e-10,7.173317611546686e-09,2.3501821053717648e-07,2.9096375332536355e-13,7.163975359599615e-10,2.9762165531015335e-07,1.818096229020876e-19,2.5811896406890283e-07,4.6330360728200815e-05,1.3906256465832622e-05,2.8332565787587275e-13,5.41718152050999e-12,1.1720268456820341e-08,1.483528061824995e-10,9.06260843274067e-15,5.757142842207234e-10,1.0617120039652858e-07,1.8257909456060953e-13,9.316977673380771e-08,4.523564463567274e-14,2.44639464560545e-10,6.738413915867643e-18,2.499501285820704e-09,2.0818400133809336e-05,3.8143579848638237e-07,2.9694365543476e-17,2.870992856188302e-07,7.449398890037017e-22,3.1331321568437323e-10,5.820199196258721e-12,1.8261459327861623e-08,9.64173861070183e-10,1.466382659012095e-09,0.0006257696146814635,1.070825173721281e-12,1.548044250137144e-08,5.450332376411442e-10,1.0522274716228488e-15,2.4273359221281975e-05,2.0250130848796625e-13,2.7004422442423085e-14,4.961967391032696e-10,7.015124000763459e-09,2.4117739840917962e-14,3.207294234803492e-08,6.037380444371078e-08,1.457274717851894e-12,2.8059539052061646e-13,6.648225374142019e-10,4.6030773832532015e-08,1.1697179545892825e-05,1.1048772455987861e-10,5.360523438512491e-05,9.042970679909716e-09,4.619047060368586e-15,4.2226141622778513e-11,0.005673892194850579,1.8294818047119683e-05,1.0403758007838235e-11,2.7970207834102523e-09,3.385260070062063e-08,4.0160417650129366e-08,9.378482677848612e-07,6.4587689267397245e-12,1.081145020224225e-11,3.198353656338128e-11,1.2346748856384127e-08,7.577114354378583e-16,6.764987579167878e-13,1.1773726448226258e-10,8.504315797093754e-17,4.633391696501833e-05,3.9286446720160784e-11,1.5009819989686408e-12,1.16939303677397e-06,3.163035447739049e-11,1.917868516651686e-06,4.828899706481686e-05,3.906405866696881e-11,2.816854257342049e-09,1.7979625322856231e-06,5.645956710761257e-05,6.971595482741541e-11,4.781040687907756e-13,5.080597489174257e-14,6.914517724144936e-07,6.0834418561535505e-12,0.00728519219457365,3.3244079616331127e-09,6.025992137295382e-08,1.0471888005197091e-09,4.4321053505095774e-11,5.776491833595669e-09,3.837163925455222e-12,3.6650944562889174e-10,4.092844594306217e-09,2.9025416752217286e-07,3.136424400101899e-11,8.247993781170323e-11,5.426169444324821e-13,8.484009258554468e-13,6.382107416161558e-12,7.521760756403887e-14,9.153162859055132e-07,1.2245703521605186e-07,1.3028303867577908e-06,3.958348917286352e-09,2.2875906171370194e-09,2.2718624207880662e-17,3.9535744918968585e-13,0.00010904553785492933,1.2840341831133335e-13,4.5736507325742005e-12,8.440338618049328e-09,0.00025702018745158144,1.2999604193123677e-07,3.271537059471152e-14,4.4830852764551734e-11,4.5232535891141655e-14,1.332136471530607e-07,3.3096557045374943e-16,1.2175605175250544e-14
88.94472361809045,2.939136976473582e-11,1.5515808815581014e-10,5.564513192301155e-10,3.168582752564193e-06,0.0012156403460144329,1.0668658818867578e-14,1.545512616266092e-11,5.301225404556597e-13,2.13764794523495e-12,6.769582524851695e-15,2.4658144930799133e-07,2.2322745048495383e-05,2.0588112838214664e-08,0.002253803417412715,2.4699933846084182e-08,3.865523673948318e-26,3.651837661548694e-10,1.5183246638244567e-08,2.3949283579978683e-06,2.2129577773083984e-12,4.127239160121978e-06,2.399481764875029e-05,3.196746921048595e-06,4.655114210270522e-09,3.8655116076607197e-08,3.1981057518413898e-09,6.429981274173513e-06,1.6785018835803465e-09,1.2697040977697447e-10,4.6463204286800294e-07,0.0007372224827192313,1.4187411771132166e-16,1.0301279831179175e-09,1.1236065820937255e-06,1.700595189178412e-15,3.354128030296435e-15,4.649201676133178e-10,5.338693035945579e-13,9.977440744446766e-06,1.7925018926007622e-12,7.988049907064519e-09,3.628563521191309e-05,2.7566819108083145e-12,9.455117550630298e-15,8.86898981912515e-07,3.708161913477454e-07,1.1611658671500176e-11,2.442970335295382e-15,5.278407771474649e-16,2.383204193121037e-10,5.3955487429797616e-06,1.0008590183382886e-14,4.0448087327038876e-08,2.4162561909840232e-12,3.95054099633403e-06,0.00016976035851207203,4.213822336744741e-06,2.6851769703429965e-13,5.7462632160018554e-09,2.1898073843879246e-05,7.737124000775337e-07,8.231961188000598e-09,1.1311357212023125e-10,1.7945642472063808e-06,7.794741224788457e-10,2.7327278837415e-13,0.0001172025699268132,7.330962990678174e-12,1.5584109959685456e-11,2.993490498681434e-15,4.990034813523981e-06,1.5050621416011643e-05,7.545826661853796e-08,7.985578501300217e-07,8.545771722175367e-16,1.5696877031099679e-15,5.8066371634746796e-15,6.296204464976573e-09,6.267855619940533e-10,5.784338370392689e-09,2.1616896136357613e-07,2.2630763645429403e-13,5.115782347968647e-10,2.454553690094258e-07,1.2273728490803946e-19,2.0721331721556375e-07,4.499973286391984e-05,1.1631107711988137e-05,1.957045967649505e-13,4.47735342983563e-12,9.650987122520299e-09,1.0561157663115506e-10,6.882121163410413e-15,4.6416658890034425e-10,8.420431503423123e-08,1.0932050327012942e-13,6.898700154598514e-08,2.9349190601206026e-14,1.883928914668298e-10,4.208973855653117e-18,1.9292536033386218e-09,1.5724713155797183e-05,3.8155143273221226e-07,1.6739169451454923e-17,2.3776082322131857e-07,4.385165703339391e-22,2.635654735277162e-10,4.418054910986598e-12,1.3745608531598654e-08,8.066209872185928e-10,1.2993770697260782e-09,0.0005589948305164659,6.984923141346211e-13,1.304344545092908e-08,4.564522647357683e-10,6.181926634147498e-16,2.0334209807908547e-05,1.5331152978014822e-13,1.82026048321349e-14,3.4593792745320414e-10,4.891701757050647e-09,1.8988364930944376e-14,2.7099868245448518e-08,5.624379836015331e-08,1.1669988361253465e-12,2.0860640127644225e-13,5.797696966925001e-10,3.653138289368678e-08,9.949373270751062e-06,8.939909173154361e-11,4.9085259761560876e-05,8.287950922534316e-09,3.595855103435539e-15,3.160431059043036e-11,0.005167676213597092,1.5234391967182976e-05,4.947458226717299e-12,1.8318385209237454e-09,2.7155056358130697e-08,2.9548764030882718e-08,8.739347519412375e-07,5.784458340596892e-12,7.616499710971083e-12,1.991306543683361e-11,1.1362294832183133e-08,5.30526513600373e-16,5.967198152623611e-13,8.905060132097516e-11,5.949242136387153e-17,3.9493795365257965e-05,2.7643696831696404e-11,9.3065560832861e-13,8.555679769112187e-07,2.6565160040645076e-11,1.5903499424593156e-06,4.172542669007402e-05,3.712760694533134e-11,2.139091836086227e-09,1.657947552562632e-06,5.058674107984149e-05,6.845974061699967e-11,3.1893344789173917e-13,3.249861667598396e-14,5.330532027226721e-07,3.66063127419431e-12,0.006931532039478801,2.6672864952294756e-09,5.2491834278287584e-08,6.756270277706535e-10,3.208254615772717e-11,4.748513507261633e-09,2.728123291888049e-12,3.0942266005811824e-10,3.261611887624594e-09,2.077788393023915e-07,2.0346178528302182e-11,5.3492120475030526e-11,4.22350261849912e-13,6.153344124809742e-13,4.389054131867273e-12,6.726954761893461e-14,7.183576546500326e-07,9.95999244095555e-08,1.2324694610090128e-06,2.5638981933989867e-09,1.8309140202685057e-09,1.425865742069558e-17,2.810534181902726e-13,0.00010780725793794397,8.971096783611786e-14,3.327062349094411e-12,7.075962302290648e-09,0.00022968369432756176,1.2817291425731728e-07,2.041837529536565e-14,3.2445014114009986e-11,2.919829965529605e-14,1.1381837214571462e-07,2.1884369669020226e-16,8.969164023555485e-15
89.19597989949749,2.133872597654893e-11,1.357554043803465e-10,4.805799903237251e-10,2.6022481733717297e-06,0.0011486153791476167,6.5113751112402524e-15,1.1265063157913611e-11,3.8348785702037323e-13,1.126799112658422e-12,5.394601167403922e-15,2.4073040560181167e-07,2.0943803748623967e-05,1.5779534111998048e-08,0.001800904685817382,1.8077258223211906e-08,2.125500675765185e-26,3.105627956320771e-10,1.1551088361779429e-08,2.141297952808787e-06,1.5486921958418624e-12,3.332426742893892e-06,2.333774717584452e-05,2.7107404921475037e-06,4.030835285471453e-09,2.8915040372162068e-08,2.5283616276601407e-09,5.017477849483558e-06,1.3149904959643417e-09,9.626192438046153e-11,3.868904708952911e-07,0.0006590434020209725,9.013523473299626e-17,6.980894925638833e-10,1.0521691272609926e-06,1.039814521528137e-15,1.9450505990487862e-15,3.7734385513336754e-10,4.752954705591393e-13,1.0380836892498156e-05,1.3739597218214924e-12,5.657258334124673e-09,3.3990577309466594e-05,1.994413574670663e-12,6.404819675768332e-15,7.76850993922888e-07,2.8425386464013563e-07,8.88811522815607e-12,1.791656496145545e-15,3.5226384583971786e-16,2.1243878006055126e-10,4.692699462872286e-06,6.0713803698657465e-15,3.0209758786459695e-08,1.7257697527226824e-12,3.202202672558629e-06,0.00015560206943472822,3.5296638174080736e-06,1.8752596998038328e-13,4.441502899245596e-09,2.034852240127133e-05,5.981229583764982e-07,6.1544366014520794e-09,7.437181517995938e-11,1.532696091858525e-06,6.87598960052052e-10,1.7872654476287333e-13,9.725956222622665e-05,6.273141299747169e-12,1.0736840214199647e-11,1.946823053304908e-15,4.507755595207055e-06,1.2985266901666111e-05,6.165142127820949e-08,5.745822488268254e-07,4.824389721872361e-16,9.254066674254305e-16,4.169750394775129e-15,5.278533922483997e-09,5.592460001120188e-10,4.682601478362846e-09,1.9891835261533194e-07,1.7835368756787195e-13,3.6503758335816654e-10,2.0329644727951902e-07,8.364566223653411e-20,1.6659393360081782e-07,4.393476929677387e-05,9.726164887428867e-06,1.3634193564478783e-13,3.7391206755773716e-12,7.969101251839137e-09,7.547210569002243e-11,5.267246352424922e-15,3.760653650890925e-10,6.693673066869916e-08,6.592935013132153e-14,5.124847976155595e-08,1.9104659002206857e-14,1.4547136422536745e-10,2.6496808638701773e-18,1.5012842780605266e-09,1.1898318571185694e-05,3.843591989244787e-07,9.565647842073264e-18,1.9665197067177114e-07,2.6267212028554593e-22,2.241236605030833e-10,3.379338519639855e-12,1.039674753379168e-08,6.791988747071545e-10,1.1584659848722356e-09,0.0004985261249624289,4.570144619768644e-13,1.1080391999067858e-08,3.833730728618539e-10,3.629626473238631e-16,1.7061328961864762e-05,1.1719963308209672e-13,1.2253505356950589e-14,2.415754878012629e-10,3.4275083035542397e-09,1.5060159811982135e-14,2.3018736737006813e-08,5.275605666806938e-08,9.3951496503474e-13,1.5720013348816692e-13,5.079388306345423e-10,2.919279853583815e-08,8.489320827541055e-06,7.252062432404707e-11,4.510200579543844e-05,7.638485317645559e-09,2.8131500108142326e-15,2.3799485241549707e-11,0.004705771261243556,1.2713582138679262e-05,2.3417381552618823e-12,1.2032916559031184e-09,2.1919169285452585e-08,2.1826978391194633e-08,8.180869155897264e-07,5.225361327224961e-12,5.401832598787431e-12,1.2420730932020423e-11,1.043026968318145e-08,3.747647367339783e-16,5.312307545398891e-13,6.818004997318739e-11,4.209287252379684e-17,3.3639663017052306e-05,1.9520606532218406e-11,5.819734784368954e-13,6.245958172917745e-07,2.2316503446650138e-11,1.3251957072632233e-06,3.614082017839773e-05,3.544226304989889e-11,1.6370272758527507e-09,1.5309962320578114e-06,4.560779165769296e-05,6.794245516979048e-11,2.1446322867612397e-13,2.0977740185230582e-14,4.096772218966011e-07,2.2162320799385487e-12,0.006607384465897047,2.140536739106086e-09,4.612670255491071e-08,4.3776726243329795e-10,2.3278775739687186e-11,3.918389036017684e-09,1.944857440670637e-12,2.6240290373872923e-10,2.6239159139048636e-09,1.4823607265384173e-07,1.322034212465042e-11,3.4741571860980185e-11,3.326581343029459e-13,4.488694107864276e-13,3.0268928908257207e-12,6.04414222023025e-14,5.672732379516852e-07,8.104780472012924e-08,1.1692082733396348e-06,1.6656541721691626e-09,1.4735992182297576e-09,9.060449370405739e-18,2.0054239298277778e-13,0.00010702468442876483,6.275323291209936e-14,2.4553945437967625e-12,5.969464379924961e-09,0.00020497684481638406,1.2764968093047304e-07,1.2776146937757289e-14,2.3693957834846193e-11,1.9061366615403506e-14,9.707875125204945e-08,1.4636857871420986e-16,6.671685238942494e-15
89.44723618090453,1.5649283751041547e-11,1.1995020280156713e-10,4.188657179000009e-10,2.1456927417331505e-06,0.0010874991988588012,4.005781805285936e-15,8.26031864557361e-12,2.797132409398054e-13,5.949365998414946e-13,4.3301308884054635e-15,2.3580870648888932e-07,1.971539044465966e-05,1.2156660045760442e-08,0.0014311371586357056,1.3210826631864912e-08,1.1940866254207514e-26,2.656282148791754e-10,8.76777956146716e-09,1.9176912498741124e-06,1.0885773286806396e-12,2.687402862507673e-06,2.277950290403044e-05,2.2978386496901165e-06,3.507833543051547e-09,2.177929775907695e-08,1.997249079318462e-09,3.914865771213161e-06,1.03573071125582e-09,7.326646407482527e-11,3.2306231657033605e-07,0.0005892475914940615,5.831636382572311e-17,4.743566543834087e-10,9.872248296939027e-07,6.429397317180753e-16,1.1313225033244235e-15,3.080912777972354e-10,4.252328548207287e-13,1.0773407872106058e-05,1.066635237829373e-12,4.0077405030785365e-09,3.1981353544197225e-05,1.4516574528266218e-12,4.363945299055389e-15,6.7855014301544e-07,2.193813214207064e-07,6.872906842122707e-12,1.3272540139992614e-15,2.3810715585415246e-16,1.9112066873970735e-10,4.087981828819585e-06,3.718990240030416e-15,2.259404613973204e-08,1.2500599637647864e-12,2.593655942293801e-06,0.00014293942890958148,2.9593730663471996e-06,1.3252838572463682e-13,3.463447979933875e-09,1.9091900901377767e-05,4.642620007998785e-07,4.60997838264667e-09,4.9200659685736555e-11,1.308646551743106e-06,6.114393889198821e-10,1.176491528668891e-13,8.05241225544471e-05,5.401632553112431e-12,7.434312576252601e-12,1.2798452062458093e-15,4.077958398367072e-06,1.1248292806249092e-05,5.04383754383537e-08,4.143498392385569e-07,2.749658254467393e-16,5.53055154552649e-16,3.011378113788181e-15,4.44502590923996e-09,5.012622314780621e-10,3.805433353243945e-09,1.8308768708050745e-07,1.4241390732382498e-13,2.602812035378308e-10,1.6910033584489006e-07,5.754558044014876e-20,1.3416203589218253e-07,4.311078936295612e-05,8.130334368468103e-06,9.580587495288899e-14,3.154192267935019e-12,6.599362664288779e-09,5.413125765705013e-11,4.062059776298613e-15,3.0613559958137194e-10,5.333421873661628e-08,4.0069402821179003e-14,3.819777986149234e-08,1.247491143152877e-14,1.125923219872543e-10,1.6814079580467363e-18,1.177571182189671e-09,9.023429517042689e-06,3.8972500203169254e-07,5.5432648066246795e-18,1.6245015773137623e-07,1.6014648999703272e-22,1.925751188814486e-10,2.604094558652148e-12,7.905089411666457e-09,5.754898302030894e-10,1.0388153329510777e-09,0.00044385007433694125,2.9995152483190656e-13,9.491047155302919e-09,3.229691997552879e-10,2.1307538740917164e-16,1.4340256412215677e-05,9.047778876744842e-14,8.237201257867605e-15,1.6901200106900323e-10,2.4136327209469375e-09,1.2030833956763659e-14,1.965024239995135e-08,4.9804383419170904e-08,7.600578812952519e-13,1.2009183316454756e-13,4.470636114968421e-10,2.3490855261403677e-08,7.265912286866762e-06,5.896889075428783e-11,4.1594230473694595e-05,7.078699945891253e-09,2.2114293154198553e-15,1.803585073139686e-11,0.004285272990269918,1.0634546847581456e-05,1.1039103372110402e-12,7.932162375286252e-10,1.780119373926433e-08,1.6192448082508296e-08,7.690265588044385e-07,4.760561983737944e-12,3.858631278068031e-12,7.766050493506544e-12,9.550373626117632e-09,2.67054665670737e-16,4.772378234349805e-13,5.285982121959367e-11,3.012505554003067e-17,2.8629726595781978e-05,1.3832989571223825e-11,3.671651511290702e-13,4.550199187111376e-07,1.8751556936318548e-11,1.1098588345668848e-06,3.137696529924232e-05,3.3962128998739906e-11,1.2626682907776188e-09,1.4150290381823002e-06,4.138132666627794e-05,6.811308847381262e-11,1.4540333456190258e-13,1.3668466648031169e-14,3.13902580334495e-07,1.3501531757441692e-12,0.006310007857730246,1.7176606527887468e-09,4.089208716140912e-08,2.849793630279306e-10,1.6930220411723584e-11,3.246234998429236e-09,1.3900158871948653e-12,2.2347972355810175e-10,2.131430428968394e-09,1.0542143352117102e-07,8.606377923503451e-12,2.2602995721127823e-11,2.650438629436079e-13,3.2936961746731694e-13,2.0934973833339945e-12,5.4537686768984015e-14,4.5077284821429294e-07,6.599451653734172e-08,1.1120461926721797e-06,1.0858587130339083e-09,1.1926105908170969e-09,5.831619353845162e-18,1.4363171775884413e-13,0.00010666226147750404,4.394428494609861e-14,1.8386039882097425e-12,5.067389056816104e-09,0.00018267223517879632,1.2833559916249546e-07,8.014200245712471e-15,1.7459055290975364e-11,1.258534307066048e-14,8.265880960495732e-08,9.902364020650535e-17,5.011084241281161e-15
89.69849246231155,1.1593293071835452e-11,1.0697796245249654e-10,3.683709991571794e-10,1.776239359109868e-06,0.0010316747751508628,2.484830655632486e-15,6.09434016606631e-12,2.0571520025951319e-13,3.148563448390243e-13,3.500029073264102e-15,2.317297182905378e-07,1.8620914004107237e-05,9.415981078652765e-09,0.0011312674884274949,9.641783515120748e-09,6.854089340645523e-27,2.2848620811935106e-10,6.63938484023821e-09,1.7202306522074668e-06,7.685812364745468e-13,2.164371449763946e-06,2.2311704251915963e-05,1.9473710751113243e-06,3.0676036081548845e-09,1.6521882271941793e-08,1.5760114507431642e-09,3.05516834617955e-06,8.198901030696706e-10,5.597308315326712e-11,2.7054995777687617e-07,0.0005269235096145497,3.841581139744235e-17,3.232731079222399e-10,9.278763613460266e-07,4.0217562916452797e-16,6.604124887756763e-16,2.5308460285387324e-10,3.821538635484318e-13,1.1150767711786534e-05,8.388059660259448e-13,2.841362382230108e-09,3.0220736335178207e-05,1.0630630576827346e-12,2.991103998983229e-15,5.910448180903448e-07,1.7050917647076565e-07,5.3691971713540764e-12,9.930820175757484e-16,1.6299465406190265e-16,1.7353234739362668e-10,3.5670908636234752e-06,2.3009013768512997e-15,1.6926214003984047e-08,9.18359528159904e-13,2.0994597794355095e-06,0.0001315767436501487,2.4831474426544964e-06,9.478741329076177e-14,2.7246740123409825e-09,1.8086582852122356e-05,3.6193158372426953e-07,3.460040081836087e-09,3.276338283855389e-11,1.1171904933270974e-06,5.479133731018278e-10,7.79710836241714e-14,6.651420773975204e-05,4.6794579625658485e-12,5.175942248871036e-12,8.505387496100163e-16,3.694216127784559e-06,9.783580580545714e-06,4.131880072404859e-08,2.996276496269535e-07,1.5825106950797758e-16,3.3514057194471904e-16,2.18700207858931e-15,3.759359773862257e-09,4.512628350057037e-10,3.1044192781532014e-09,1.6852487269869434e-07,1.1519959664890439e-13,1.8545674785062983e-10,1.4125912237987093e-07,3.9964591086919506e-20,1.082460444539313e-07,4.2507498042772596e-05,6.793022026262073e-06,6.790536188477447e-14,2.6867773459344684e-12,5.481440358614134e-09,3.8959518777689175e-11,3.155862929314007e-15,2.5036587333487717e-10,4.259544011759636e-08,2.4554071668205462e-14,2.8566390717035162e-08,8.170090749147725e-15,8.731701876341913e-11,1.0756744782478099e-18,9.308044114990602e-10,6.861979015241626e-06,3.9755384355438717e-07,3.25846717540181e-18,1.3403418237808787e-07,9.93968847646845e-23,1.6712595186126112e-10,2.0212195675964374e-12,6.044439866314652e-09,4.905608733183097e-10,9.365840368636137e-10,0.0003944900834009383,1.974968699744903e-13,8.197689302380557e-09,2.729454222564063e-10,1.251281596130237e-16,1.2076395604693934e-05,7.054646633279976e-14,5.5293614516360905e-15,1.184915488039122e-10,1.7084844320121966e-09,9.678774859273979e-15,1.685417165103855e-08,4.730250766923728e-08,6.175942103967599e-13,9.30151031606008e-14,3.9529933743747204e-10,1.9034980260765004e-08,6.237621902143279e-06,4.8055578831269916e-11,3.8507717720742466e-05,6.5953388237167754e-09,1.7465623963539187e-15,1.3757679760216548e-11,0.0039032877281028663,8.917375437372266e-06,5.186204452299606e-13,5.250422326969825e-10,1.4543196006414838e-08,1.2068234934786649e-08,7.256976551298198e-07,4.373423191190478e-12,2.777267279898783e-12,4.8702578024078414e-12,8.72236331878829e-09,1.9194056820064445e-16,4.3256412091825585e-13,4.1512009902420693e-11,2.1810507363598296e-17,2.4343288618795e-05,9.83642808977226e-12,2.337705171065802e-13,3.30817260126461e-07,1.5759497988854397e-11,9.343955950287927e-07,2.7302968619445025e-05,3.2649051613670375e-11,9.81653664486398e-10,1.3083635634409741e-06,3.7789749035059957e-05,6.894047091668959e-11,9.941715793252908e-14,8.992335968466893e-15,2.39804854108872e-07,8.277523196474174e-13,0.006036960227626612,1.3777878505916105e-09,3.657338372733267e-08,1.864591416598095e-10,1.2341370052968356e-11,2.7004697222261253e-09,9.958752543141765e-13,1.9110291065919947e-10,1.7485735136768615e-09,7.475198000847868e-08,5.6146375208958745e-12,1.4736020292055323e-11,2.1353398669577242e-13,2.4314263069517327e-13,1.4522310356333138e-12,4.9401624087591626e-14,3.604557556929948e-07,5.3782019713764245e-08,1.0601308571262016e-06,7.106645857962747e-10,9.705228491298277e-10,3.8034382684939244e-18,1.0326078298133951e-13,0.00010668856299126605,3.0803124055045645e-14,1.39694332182815e-12,4.328190423843593e-09,0.00016256201417719088,1.3017040761947347e-07,5.0394401474379065e-15,1.297986373112567e-11,8.404291959702014e-15,7.026212695681814e-08,6.776453589719132e-17,3.800418353780816e-15
89.94974874371859,8.67570261828978e-12,9.625658640392827e-11,3.268295238348239e-10,1.4761126063676686e-06,0.0009805790096934332,1.554700230559412e-15,4.524705632857245e-12,1.5254769023297225e-13,1.6713903476440119e-13,2.8481730500599674e-15,2.2842088676984608e-07,1.764593998577914e-05,7.333939372872928e-09,0.0008896529551948268,7.028937450462288e-09,4.019865966715734e-27,1.9763663639234272e-10,5.015483977052032e-09,1.545588087418397e-06,5.451103773454895e-13,1.7406694746960431e-06,2.1927187309393024e-05,1.6501816361288597e-06,2.6953584526531835e-09,1.2625601425291769e-08,1.2419843625331747e-09,2.3854730651756813e-06,6.520889670181196e-10,4.2915298006974236e-11,2.2725071169797986e-07,0.000471260054691302,2.57597446599161e-17,2.2100062322617317e-10,8.733628433026515e-07,2.5459724669733984e-16,3.8715748003106034e-16,2.0919573699938548e-10,3.448461589523548e-13,1.1508532101328304e-05,6.682913578443873e-13,2.0169473316413878e-09,2.8676584916097485e-05,7.833074871623317e-13,2.0625580243813048e-15,5.134267595179019e-07,1.3348825354472993e-07,4.237664735304156e-12,7.504444645584129e-16,1.1298405606128302e-16,1.5901435156339423e-10,3.1178715568546016e-06,1.4381682479740494e-15,1.2704696099114848e-08,6.842754355290543e-13,1.698619433799383e-06,0.00012134714299359936,2.0848179597623444e-06,6.861347455148222e-14,2.162339739083045e-09,1.7299498136881877e-05,2.8347045263387645e-07,2.602476589344783e-09,2.1970251379376157e-11,9.537731067168602e-07,4.94604375581232e-10,5.2041905053752625e-14,5.4814843432357824e-05,4.077750299641366e-12,3.625216475301332e-12,5.714172596721575e-16,3.35100186440424e-06,8.5450935221763e-06,3.389192084849073e-08,2.173833275378756e-07,9.198360913328558e-17,2.0596495410827828e-16,1.5970590972239268e-15,3.1928463924205663e-09,4.0796804270321155e-10,2.5420507183408492e-09,1.5510025546766804e-07,9.438320733588671e-14,1.3205491649009732e-10,1.1850533979667458e-07,2.801733177895466e-20,8.751575167524926e-08,4.210827034308595e-05,5.672220342639906e-06,4.854840728785733e-14,2.3101494264341093e-12,4.566951973547063e-09,2.8131473669136875e-11,2.4694788761134494e-15,2.056883894757538e-10,3.409860062352723e-08,1.5178144277162184e-14,2.1436048877538713e-08,5.366034569646469e-15,6.782467745415141e-11,6.938823793030716e-19,7.412377904247035e-10,5.235016525443089e-06,4.077814758114202e-07,1.943383518647146e-18,1.1045637688927065e-07,6.280894008266379e-23,1.4643073796253366e-10,1.5797949301764893e-12,4.649440579344227e-09,4.205972235689561e-10,8.487044277853658e-10,0.00035000356927463545,1.3046713648249793e-13,7.1398453493768196e-09,2.3143594459956392e-10,7.354447676749489e-17,1.0191517190202282e-05,5.5561271961909817e-14,3.706363622951711e-15,8.326306893340586e-11,1.2158035477643975e-09,7.840429397516558e-15,1.4520353663184594e-08,4.517994343606497e-08,5.038233767043089e-13,7.304739513444172e-14,3.511391550222955e-10,1.553278154535311e-08,5.370645861932756e-06,3.924227710690797e-11,3.5794584686919774e-05,6.1773006752242106e-09,1.3856779999056116e-15,1.056534373192386e-11,0.0035569711033751447,7.496810198364025e-06,2.4298096065781434e-13,3.4915878659417937e-10,1.1950557335337699e-08,9.039210045229865e-09,6.872237787576321e-07,4.050660941424323e-12,2.0149863691730785e-12,3.065236179161458e-12,7.945916807586094e-09,1.3911957017804274e-16,3.9550334198623676e-13,3.303035450517906e-11,1.5975991560911136e-17,2.0677384202123866e-05,7.018157244049554e-12,1.5024366231459655e-13,2.4005823321746204e-07,1.324776538676839e-11,7.909180486210789e-07,2.3810310503311763e-05,3.14710395564755e-11,7.692654803861705e-10,1.2096464488415765e-06,3.473517862704072e-05,7.04102647996524e-11,6.856658673908319e-14,5.975062010799566e-15,1.8267043080403542e-07,5.107343491712098e-13,0.0057860697513881796,1.1044148442657088e-09,3.3000976453161096e-08,1.226609316675476e-10,9.016921001836791e-12,2.2560426160399064e-09,7.151484395088023e-13,1.6404596454127601e-10,1.4490052970126733e-09,5.2860820902883535e-08,3.671563021673652e-12,9.63017207721298e-12,1.7388883657135116e-13,1.805987474825403e-13,1.0104937481780475e-12,4.490692008625818e-14,2.9005091192928096e-07,4.387393261865316e-08,1.0127334834058745e-06,4.671407772574398e-10,7.941010408640716e-10,2.514637746708615e-18,7.452129392830946e-14,0.00010707542041815289,2.1610291131316626e-14,1.0769171486148521e-12,3.7194267563045726e-09,0.00014445548878713665,1.3311892675582982e-07,3.1765434156062253e-15,9.735481348107526e-12,5.6762169876293116e-15,5.962696782102282e-08,4.690458785576495e-17,2.910218660622581e-15
90.20100502512562,6.5580872692933945e-12,8.733921716757148e-11,2.924817805024812e-10,1.2313458937422119e-06,0.000933698308685948,9.81484890488605e-16,3.381090914856793e-12,1.1405474042142235e-13,8.905810917792808e-14,2.3328746054357166e-15,2.2582177536497075e-07,1.6777879711053795e-05,5.745381137296257e-09,0.0006961846310912867,5.119256097242131e-09,2.4089208119276375e-27,1.718871665259701e-10,3.779479094769478e-09,1.3909003205120488e-06,3.8838867293535564e-13,1.397812036484012e-06,2.1619848360746918e-05,1.3984105814967162e-06,2.3792243794855285e-09,9.720565470262354e-09,9.772528286593945e-10,1.8641083017211778e-06,5.209031818747891e-10,3.301799254331011e-11,1.9146223771040898e-07,0.0004215359955119905,1.7577051589650128e-17,1.5158505470757153e-10,8.230397102954303e-07,1.6316834071538667e-16,2.280721467815604e-16,1.7401762147865473e-10,3.1234176250335246e-13,1.184240496628818e-05,5.394626126699196e-13,1.4342055655859478e-09,2.7321156243470525e-05,5.80794410939644e-13,1.4310061240284678e-15,4.4482857885593433e-07,1.0528373979263924e-07,3.37901142911084e-12,5.726990600192816e-16,7.929427544060381e-17,1.4704392270663997e-10,2.7299907325449035e-06,9.083509776675535e-16,9.557061893089577e-09,5.170903341851699e-13,1.3738517121078197e-06,0.00011210823169570413,1.7511485322381485e-06,5.0268448723651004e-14,1.731010433897291e-09,1.6704572076076416e-05,2.231162830692038e-07,1.9618847362600814e-09,1.4841152214609454e-11,8.144327486857218e-07,4.4960523252435605e-10,3.4991937739130725e-14,4.506947808278999e-05,3.573829493459839e-12,2.5555303060738478e-12,3.881023167531123e-16,3.043543851027833e-06,7.495008933660357e-06,2.7835988996824945e-08,1.5831687824959592e-07,5.400248877603993e-17,1.2839057390777107e-16,1.1725750754838184e-15,2.72274828962898e-09,3.703307602427395e-10,2.089183012145568e-09,1.4270306264224377e-07,7.830284201832213e-14,9.397202641071693e-11,9.983740065974342e-08,1.9827147807389005e-20,7.091334656219719e-08,4.189954580684536e-05,4.732961747467408e-06,3.5011456255338444e-14,2.004200755174458e-12,3.817077626814713e-09,2.037463775588791e-11,1.945862706020866e-15,1.6974382395319588e-10,2.7360462031776434e-08,9.468774444659015e-15,1.6140391146517688e-08,3.5340570570729685e-15,5.2749256655217184e-11,4.513985394334202e-19,5.944985924635928e-10,4.008347664499639e-06,4.203672701013298e-07,1.1761894914502873e-18,9.091788475479995e-08,4.040837115963972e-23,1.2947179397941022e-10,1.2431118142783502e-12,3.5990262893428964e-09,3.626311824287926e-10,7.727144781202523e-10,0.0003099794101692151,8.648219434700129e-14,6.270290569317955e-09,1.969222801132159e-10,4.328571605220002e-17,8.62089348753817e-06,4.420497931457305e-14,2.480949999704454e-15,5.865392000969864e-11,8.699325454646043e-10,6.394296877686964e-15,1.256180638981013e-08,4.3378773976796904e-08,4.1245855840515917e-13,5.816842451015112e-14,3.1334787307628835e-10,1.2764327871316169e-08,4.637409757620617e-06,3.2106179422842196e-11,3.3412634519371424e-05,5.815262787118712e-09,1.1041829467901638e-15,8.170328171114113e-12,0.003243559299560621,6.319559263061196e-06,1.1360371702380712e-13,2.334103079889263e-10,9.87561503111639e-09,6.8062860018565325e-09,6.528743054593355e-07,3.781629520517751e-12,1.4742294514720442e-12,1.9373291902093838e-12,7.220534564795483e-09,1.0166913395532775e-16,3.64710469834831e-13,2.663388126839539e-11,1.1840750491164904e-17,1.754399373979841e-05,5.023803516874294e-12,9.749239737262877e-14,1.7388649879975578e-07,1.1138971846079226e-11,6.731614886767809e-07,2.0808820280476066e-05,3.0401067217827476e-11,6.076342599024288e-10,1.1177973128688418e-06,3.2136063624684675e-05,7.252277052609461e-11,4.7711984389143704e-14,4.011033302774152e-15,1.3876240896027409e-07,3.1716351232445585e-13,0.005555406018216007,8.844407782803087e-10,3.004036632422416e-08,8.115566346929316e-11,6.603158315667137e-12,1.8930489912751953e-09,5.1470110613255e-13,1.4133316822845117e-10,1.2131215107936156e-09,3.728740966960348e-08,2.4071886579363185e-12,6.310588771658457e-12,1.430708176448723e-13,1.3499205337755437e-13,7.053748875483139e-13,4.0951214338165385e-14,2.3486047903468623e-07,3.583366672536989e-08,9.692286716253101e-07,3.085326914988609e-10,6.532507907593389e-10,1.685909709046146e-18,5.3989389565357377e-14,0.00010779718592097069,1.517209437840397e-14,8.422860587979004e-13,3.2156462918996653e-09,0.00012817719798978542,1.3716678867261743e-07,2.0071265575544998e-15,7.366374980534155e-12,3.877236070200045e-15,5.0522257494231145e-08,3.283497819386839e-17,2.250114655254652e-15
90.45226130653266,5.00730113238881e-12,7.988008872909152e-11,2.639533049240296e-10,1.0309374631419585e-06,0.0008905647377512553,6.253953721254653e-16,2.543296808074468e-12,8.597284162278719e-14,4.7665473722043094e-14,1.9229338663412974e-15,2.2388243696870347e-07,1.6005727911517666e-05,4.527923027706323e-09,0.0005421916988983541,3.725573194387635e-09,1.4749524650130132e-27,1.5028690472073405e-10,2.8410846165333135e-09,1.2536982940858412e-06,2.780074329837479e-13,1.1207174137883464e-06,2.1384511280026787e-05,1.1853117235973763e-06,2.1096209678982627e-09,7.541128196854777e-09,7.676191328518789e-10,1.458350240313077e-06,4.1779485131082237e-10,2.5488982614566306e-11,1.6180578798197266e-07,0.0003771102629819133,1.2200030560382271e-17,1.0433451382587111e-10,7.763615363170391e-07,1.0590222962135173e-16,1.3509321000657144e-16,1.4569197183373615e-10,2.8386329814444436e-13,1.2148267732486044e-05,4.412212274412698e-13,1.0220780427113496e-09,2.6130521457524424e-05,4.3338410861680296e-13,9.990146954431805e-16,3.8442341291287736e-07,8.366856795495725e-08,2.7219701445838435e-12,4.413491350494641e-16,5.633516090323716e-17,1.372060888958346e-10,2.3946588585601583e-06,5.798465193416015e-16,7.20699505087698e-09,3.9626017159677946e-13,1.1109638042644806e-06,0.0001037383940685086,1.4712756250827983e-06,3.727409666145899e-14,1.3976371106210186e-09,1.628149352854484e-05,1.765291517438732e-07,1.4825319526874307e-09,1.0102453132966246e-11,6.957313760229842e-07,4.114010321063798e-10,2.370759556692469e-14,3.697239969227697e-05,3.149764847499948e-12,1.8139698648529073e-12,2.664883348404948e-16,2.7677065740153712e-06,6.6022027763248956e-06,2.2892151904864528e-08,1.1579953926860455e-07,3.2024444360946155e-17,8.118856464137176e-17,8.655047165555182e-16,2.3309822631007245e-09,3.374903120942601e-10,1.7231026748291657e-09,1.3123836481281718e-07,6.5761416564763e-14,6.683394701835761e-11,8.446174720004586e-08,1.416353181982175e-20,5.7598087939827354e-08,4.187031121500743e-05,3.946067004299117e-06,2.5468958753233494e-14,1.7536901575624423e-12,3.200645824188515e-09,1.4798212360876e-11,1.5436216408315769e-15,1.407077071908072e-10,2.200483203291534e-08,5.963913015147794e-15,1.2194599445742187e-08,2.3337504338794582e-15,4.106093989874184e-11,2.961957721548138e-19,4.800552807051707e-10,3.0815245468641434e-06,4.3528797071511124e-07,7.224727655337868e-19,7.47468775188682e-08,2.64666212786208e-23,1.1547288456675037e-10,9.845280505080768e-13,2.8044017377153928e-09,3.143404632766854e-10,7.066289170562029e-10,0.0002740356478886893,5.753062776802555e-14,5.552004294195334e-09,1.681670210614437e-10,2.552502827233886e-17,7.310946402636164e-06,3.553063821795964e-14,1.658519443192427e-15,4.142853408250856e-11,6.259308554542183e-10,5.249530850440964e-15,1.090952505652192e-08,4.1851143067221194e-08,3.387061270901326e-13,4.6968837585919535e-14,2.8090949208493036e-10,1.0563397592194573e-08,4.015371608075963e-06,2.6313983489806637e-11,3.132475692964435e-05,5.50137438735377e-09,8.835939332392917e-16,6.363499621587367e-12,0.002960393576105788,5.342096734185607e-06,5.30401930584771e-14,1.5693673596687613e-10,8.205712526221253e-09,5.153636838190543e-09,6.220374493475185e-07,3.5577675349954993e-12,1.0880645164823475e-12,1.2303876739225307e-12,6.54547350563576e-09,7.490134242411437e-17,3.3911958970866406e-13,2.1767339794658357e-11,8.88065391629252e-18,1.486772973803792e-05,3.607620683143026e-12,6.388300814514888e-14,1.2574565015274235e-07,9.368353268694351e-12,5.761431154979127e-07,1.822339853766133e-05,2.9416172169683825e-11,4.837743355612447e-10,1.0319619370551138e-06,2.9924368157518865e-05,7.529134808704345e-11,3.350464802196114e-14,2.721084070592701e-15,1.0512926441538933e-07,1.9823085067224888e-13,0.005343252432432925,7.074273562637693e-10,2.7584565734609264e-08,5.4018756472230055e-11,4.846813093163615e-12,1.5956447791501835e-09,3.7123802455999067e-13,1.2218420670765647e-10,1.0262517045146246e-09,2.6242617549225824e-08,1.5826960839035204e-12,4.147914813902595e-12,1.188832387364211e-13,1.0155612435340822e-13,4.94031469369413e-13,3.745112979638759e-14,1.9135176034552907e-07,2.9306365334781588e-08,9.290778444855552e-07,2.0482951879767518e-10,5.402400856726186e-10,1.1465270616163102e-18,3.926863370156493e-14,0.00010883011462984068,1.065845901290065e-14,6.682565062508858e-13,2.796787758247274e-09,0.00011356536131568014,1.4231699604991759e-07,1.2712986543071163e-15,5.622514116940941e-12,2.678318397951554e-15,4.274418759289938e-08,2.3243957368199874e-17,1.7565376064253825e-15
90.7035175879397,3.861478838315368e-12,7.360961579658591e-11,2.4016396125411597e-10,8.661977762731865e-07,0.0008507526905407497,4.0235175806883705e-16,1.9261176891030297e-12,6.532977554019115e-14,2.5643075486040138e-14,1.5948298570708361e-15,2.2256205917558213e-07,1.531984067679247e-05,3.5905863998987955e-09,0.0004203204675595169,2.709792591581089e-09,9.227173465242433e-28,1.320749542373737e-10,2.130491654204031e-09,1.1318479824395833e-06,1.999276930450868e-13,8.970781609341091e-07,2.1216815135682655e-05,1.0050978528984988e-06,1.8787814297746743e-09,5.895669596925948e-09,6.018063560740598e-10,1.1425699450356914e-06,3.3634432726871636e-10,1.9741757903280816e-11,1.3716404782517236e-07,0.00033741309840742463,8.610015625552156e-18,7.207216418173654e-11,7.328673465876263e-07,6.96298603100414e-17,8.050612031256403e-17,1.227792866789146e-10,2.5878292796558543e-13,1.2422268278303519e-05,3.65623684850805e-13,7.303259347280674e-10,2.5084070630625354e-05,3.2548497955654e-13,7.018248673543121e-16,3.314259168548882e-07,6.700248273792178e-08,2.215033083247254e-12,3.4344761219932643e-16,4.0509699199649184e-17,1.2917135785662362e-10,2.1043943951529007e-06,3.741621190781592e-16,5.449598528147509e-09,3.079046969014684e-13,8.983290086863425e-07,9.61336507702129e-05,1.236259374184324e-06,2.797246028260498e-14,1.138029850721931e-09,1.6014743113668568e-05,1.4043542431391642e-07,1.1231728852825546e-09,6.931602018411227e-12,5.946920051835796e-07,3.7878076790169965e-10,1.6188596148775663e-14,3.026208174867549e-05,2.7912942569667736e-12,1.2970920905199529e-12,1.8499036488283802e-16,2.5198930592222497e-06,5.841019814872944e-06,1.8851732150668496e-08,8.510988541565355e-08,1.9183254354608258e-17,5.208486056301415e-17,6.422000045840215e-16,2.0031153645134556e-09,3.0873601634262326e-10,1.426054410157794e-09,1.2062448288796932e-07,5.588909963580532e-14,4.750890113368514e-11,7.174791875525406e-08,1.0213127822237224e-20,4.6902007910075364e-08,4.201165384241297e-05,3.2871309371635076e-06,1.868859239569246e-14,1.5469795665901948e-12,2.6926008127827812e-09,1.0775938317022994e-11,1.232511133156608e-15,1.1716160951737247e-10,1.7738325495408187e-08,3.79402975692006e-15,9.244988228987647e-09,1.5451642764753693e-15,3.1979706864769115e-11,1.9607398232126686e-19,3.901394156763836e-10,2.3794562968797667e-06,4.525320936731073e-07,4.50421649901335e-19,6.137951356270505e-08,1.764612870101473e-23,1.0383706265942357e-10,7.845783122048555e-13,2.200303900797301e-09,2.738973462115727e-10,6.488396660736454e-10,0.00024181742865706575,3.841400890552882e-14,4.9558485704865005e-09,1.441604216009299e-10,1.5088339318527176e-17,6.217313548442721e-06,2.8852975651762597e-14,1.1074054418096978e-15,2.934485386164588e-11,4.5292463846929836e-10,4.337772506632253e-15,9.508503743159611e-09,4.055728945447725e-08,2.788865643163411e-13,3.8456494949400853e-14,2.5298546556710167e-10,8.803754943243176e-09,3.486061127059905e-06,2.1601954839895027e-11,2.9498377417726193e-05,5.2290057926414826e-09,7.099554065893789e-16,4.992643524046327e-12,0.0027049387506444477,4.528863709632413e-06,2.474613133374827e-14,1.0618711803046611e-10,6.854428848628714e-09,3.925226074932704e-09,5.941986500890458e-07,3.3721670361468634e-12,8.103777508782588e-13,7.856952569927362e-13,5.919710250786489e-09,5.56168001137979e-17,3.178817266933751e-13,1.8033107521380772e-11,6.740767682127565e-18,1.2583913567561032e-05,2.5985976963672786e-12,4.227599075262919e-14,9.079518511698411e-08,7.881658544520317e-12,4.958929514618982e-07,1.5991345844379644e-05,2.849677637351987e-11,3.881982342251115e-10,9.514726441039779e-07,2.8043240379188806e-05,7.874130416895985e-11,2.3748808487579918e-14,1.866070403112268e-15,7.944878983802358e-08,1.24697401446442e-13,0.00514808010638539,5.65028767388984e-10,2.5548223751435545e-08,3.6181994268315767e-11,3.566086869438435e-12,1.3511949716249899e-09,2.68329605391571e-13,1.0597188283615213e-10,8.773581045191755e-10,1.8431767136024135e-08,1.0437750914630635e-12,2.735616534690141e-12,9.972290119041835e-14,7.690821988811432e-14,3.4721781334050563e-13,3.433841796946162e-14,1.5685747493047306e-07,2.4003998053268592e-08,8.918156372883064e-07,1.3673452592892163e-10,4.491206270799412e-10,7.911150597722279e-19,2.867615040888751e-14,0.00011015185360770643,7.491223261471721e-15,5.376966814943296e-13,2.446965422308678e-09,0.00010047062203126472,1.4858707782713248e-07,8.072103573039468e-16,4.328717111271858e-12,1.870849603941834e-15,3.6113292626620907e-08,1.6636603860464275e-17,1.384429967075695e-15
90.95477386934672,3.0073694611210904e-12,6.831607861831945e-11,2.202599399849149e-10,7.30244197526856e-07,0.0008138760015751453,2.6144555432482337e-16,1.4688805290124504e-12,5.003977731764095e-14,1.3876089006352691e-14,1.3307052195958133e-15,2.2182783394236653e-07,1.4711746794107375e-05,2.8655160365028954e-09,0.000324399508507374,1.9702711909264342e-09,5.897676908840202e-28,1.1664042370845803e-10,1.5938229714147326e-09,1.0235007373532179e-06,1.4445586388140064e-13,7.16850468368023e-07,2.111311891940044e-05,8.528090778623661e-07,1.6803800008037765e-09,4.645331964763007e-09,4.708411511961568e-10,8.967434731976658e-07,2.7169564276201823e-10,1.5340116399478322e-11,1.1663086531923132e-07,0.0003019380367660261,6.175562516061332e-18,4.997161087365551e-11,6.921680348588751e-07,4.639092399218747e-17,4.829542848723204e-17,1.041605513990168e-10,2.365907609943169e-13,1.2660906444934658e-05,3.069396201331052e-13,5.234913092859861e-10,2.416409135144934e-05,2.460623173009178e-13,4.961825700078156e-16,2.850939397552239e-07,5.407265798751032e-08,1.8207117779829656e-12,2.6985873326125624e-16,2.9478665158924226e-17,1.226784852046206e-10,1.852824317245787e-06,2.440925714712129e-16,4.132972725350328e-09,2.425498906264328e-13,7.264452427123761e-07,8.920498491209273e-05,1.0387233418942014e-06,2.124421150444175e-14,9.343698517012468e-10,1.5892827285970244e-05,1.1236154854419839e-07,8.532450249681364e-10,4.794991368288619e-12,5.087426384297824e-07,3.507703348083123e-10,1.114338922321041e-14,2.4715342447691518e-05,2.487006897583131e-12,9.347190751391727e-13,1.2982337813526154e-16,2.2969643969654954e-06,5.190274922154694e-06,1.5546179647545313e-08,6.288582412980209e-08,1.1607262890342671e-17,3.390020624027421e-17,4.78970262489386e-16,1.7275861635872285e-09,2.834783847141551e-10,1.1841156515348226e-09,1.1079077923612446e-07,4.804836030870707e-14,3.3756666034859236e-11,6.11936046913293e-08,7.433998499280732e-21,3.82945092971179e-08,4.231637125583147e-05,2.7356988599587203e-06,1.3832561590158925e-14,1.375116996637272e-12,2.2727772138256742e-09,7.86566799972506e-12,9.902822787370348e-16,9.799708117742365e-11,1.4331704122437425e-08,2.43870181808524e-15,7.032815592955171e-09,1.0257100438672262e-15,2.491201767890629e-11,1.309676520841093e-19,3.189826761017855e-10,1.8460505738667031e-06,4.720947988127761e-07,2.850206590309672e-19,5.034341849024868e-08,1.1974116448295296e-23,9.41015430369852e-11,6.289464312656679e-13,1.7386506855025342e-09,2.3985522531276745e-10,5.980384941796825e-10,0.000212995163102398,2.5750046117895485e-14,4.45879419607054e-09,1.2407730911367498e-10,8.945269124865783e-18,5.303255502559667e-06,2.3672789291085737e-14,7.386546472090437e-16,2.084777540877565e-11,3.2962174078038224e-10,3.607263392686177e-15,8.314685957472495e-09,3.946400040934391e-08,2.301567858121599e-13,3.192663777396795e-14,2.288813878395359e-10,7.389065638571095e-09,3.0343078521116724e-06,1.776064418249027e-11,2.790495480781938e-05,4.992542497592326e-09,5.726810918811794e-16,3.946509780910146e-12,0.002474796353815185,3.850798592439787e-06,1.1545123948500774e-14,7.23421840128195e-11,5.75511028678873e-09,3.0079988805459263e-09,5.689231702460849e-07,3.219237163186957e-12,6.092539270674451e-13,5.047960541220924e-13,5.34192941328634e-09,4.161515921800606e-17,3.0031755118964084e-13,1.5144357282546325e-11,5.178638925290365e-18,1.0636972639292623e-05,1.877310801891953e-12,2.8257397508410367e-14,6.547099217433882e-08,6.6334021506819595e-12,4.292418342979474e-07,1.4060183693147039e-05,2.7626178086975763e-11,3.1393586037538166e-10,8.758143479043329e-07,2.6445080350621307e-05,8.290913115215359e-11,1.6995356633763445e-14,1.2940257986069312e-15,5.990113813142652e-08,7.894659868852026e-14,0.0049685234957406454,4.50550887363118e-10,2.3863075963956215e-08,2.4392594827997396e-11,2.6301775026680175e-12,1.1496045133802807e-09,1.943540364321645e-13,9.218965808756201e-11,7.580916592785277e-10,1.2922238861158985e-08,6.905997341892494e-13,1.8108653723453208e-12,8.44091776691608e-14,5.863688487605042e-14,2.4492320407032235e-13,3.155695063374063e-14,1.2935517850286013e-07,1.9693076101598248e-08,8.570386953227246e-07,9.181273595990531e-11,3.752961907602706e-10,5.539840242613042e-19,2.102629905597573e-14,0.00011174102815971501,5.26705441600269e-15,4.3865085653360894e-13,2.15354242328907e-09,8.875501768829821e-05,1.5600666033254732e-07,5.138224987490983e-16,3.3613349339881015e-12,1.3213021155732132e-15,3.047188398313405e-08,1.2036990552441944e-17,1.101614372927126e-15
91.20603015075376,2.3651211382194623e-12,6.383205303818718e-11,2.0356248185989444e-10,6.176091379547728e-07,0.0007795854325727913,1.7164102523044676e-16,1.128183971682434e-12,3.86293794644604e-14,7.55756692966757e-15,1.1169099471689005e-15,2.2165401122105008e-07,1.4173986738301652e-05,2.3019319260943045e-09,0.000249300071229673,1.4323697989824688e-09,3.8512128907227505e-28,1.0349124499354972e-10,1.1895871364325802e-09,9.270514936853679e-07,1.0487288546682656e-13,5.71839158497204e-07,2.1070420794603755e-05,7.241999411801465e-07,1.5092412508807067e-09,3.689011307941796e-09,3.6757331922836116e-10,7.052595949372262e-07,2.2015384008927652e-10,1.1958261532318415e-11,9.947064322323616e-08,0.00027023469058314704,4.499528760184586e-18,3.478023249847326e-11,6.539355797762756e-07,3.132817775155751e-17,2.918099489882099e-17,8.896274326118261e-11,2.1687038807516044e-13,1.2861112994628942e-05,2.610025410074188e-13,3.7657979095095884e-10,2.3355408982391914e-05,1.8726820679998405e-13,3.5305185991802374e-16,2.447303652847743e-07,4.397853177810755e-08,1.5115296418304792e-12,2.140849434004487e-16,2.170472099379332e-17,1.1752115493057028e-10,1.634515349413146e-06,1.610075575051091e-16,3.14450352298695e-09,1.9366302411656104e-13,5.875642834486565e-07,8.287606714832258e-05,8.725648614721598e-07,1.6326749384383085e-14,7.734461169168546e-10,1.590767541106816e-05,9.043496409887768e-08,6.500729199227867e-10,3.3447762911891125e-12,4.356661151170367e-07,3.265814397584355e-10,7.733604975970128e-15,2.0142217108993728e-05,2.2277215003879245e-12,6.790857283865275e-13,9.210370904862325e-17,2.0961732418518002e-06,4.632441547345276e-06,1.2839111987237544e-08,4.673266591902145e-08,7.09391750993274e-18,2.238588788371886e-17,3.590479083715978e-16,1.495099282160478e-09,2.6122626198382625e-10,9.863344893259466e-10,1.0167578225164328e-07,4.176791723708226e-14,2.3976216394340596e-11,5.239742093357761e-08,5.462178627945677e-21,3.135411847335328e-08,4.277862672238827e-05,2.274596132698595e-06,1.0327227511979437e-14,1.2311666373097852e-12,1.924921488134731e-09,5.753935094134395e-12,8.004597624223187e-16,8.234363962523043e-11,1.1605496935856911e-08,1.584343854573335e-15,5.368253020525778e-09,6.826630892985482e-16,1.9404219729900904e-11,8.828638449477048e-20,2.6227369080895685e-10,1.4394170469061975e-06,4.939731210203618e-07,1.8305324460664713e-19,4.124345212123177e-08,8.267520217124622e-24,8.590469010420593e-11,5.070340800749059e-13,1.3839223960599144e-09,2.1106281148963498e-10,5.531565979945244e-10,0.00018726288341846148,1.7332114631989583e-14,4.042561761899626e-09,1.0724231707168167e-10,5.321569291195876e-18,4.5383419036553175e-06,1.9624005572433304e-14,4.922697254465728e-16,1.4857372416669324e-11,2.4127869085084783e-10,3.0185752977581448e-15,7.292617634190983e-09,3.854338997719182e-08,1.9030556209057772e-13,2.6874171617107856e-14,2.0802031995590512e-10,6.245456395590731e-09,2.6476203167911947e-06,1.462312821774974e-11,2.6519525794940652e-05,4.787215641076372e-09,4.637026687374778e-16,3.1434414405032838e-12,0.0022677131604482673,3.2841374436819628e-06,5.389885524923877e-15,4.964867528356092e-11,4.856076244817477e-09,2.3198420530737258e-09,5.458420263509013e-07,3.094440595352795e-12,4.624974445140532e-13,3.265152719886584e-13,4.810532394993058e-09,3.137163513724755e-17,2.858811851405934e-13,1.2892662644782428e-11,4.027213969301772e-18,8.979100843368444e-06,1.3600662683236063e-12,1.907741060360821e-14,4.715568128512039e-08,5.585416064981507e-12,3.7365442625774924e-07,1.2385875022639698e-05,2.6790173422578633e-11,2.558374885661583e-10,8.045951818509227e-07,2.5089940096359282e-05,8.784201044857382e-11,1.2281661391048954e-14,9.076410653304831e-16,4.506586774923292e-08,5.030208404411837e-14,0.004803357947912963,3.586090673323561e-10,2.2474410670980807e-08,1.655479404771018e-11,1.944766307583356e-12,9.827918341298317e-10,1.4106755148753433e-13,8.042659805144547e-11,6.621040184275036e-10,9.045085600914481e-09,4.584980003652519e-13,1.2035419581348769e-12,7.206493656191568e-14,4.501533929433028e-14,1.7342351828823417e-13,2.906035806869627e-14,1.0730455924675339e-07,1.6184544669452886e-08,8.243964455123463e-07,6.202974153987824e-11,3.151995532415532e-10,3.937644526804341e-19,1.5481061077201947e-14,0.00011357691824893583,3.704162178170955e-15,3.6269255110943944e-13,1.906421048006151e-09,7.829112278762374e-05,1.6461531105593947e-07,3.279098745289925e-16,2.632453251879678e-12,9.433937612408234e-16,2.5681761743142898e-08,8.801919762781493e-18,8.849411833170145e-16
91.4572864321608,1.87799620527987e-12,6.002428015686261e-11,1.8952898783180014e-10,5.239356891887189e-07,0.0007475664608254663,1.1388349600873917e-16,8.72838349103019e-13,3.005068802528897e-14,4.1456481859404005e-15,9.429414877000477e-16,2.2202110286860865e-07,1.3699974560652666e-05,1.8617008076165444e-09,0.00019079872896605776,1.0413982754024228e-09,2.56919520061232e-28,9.222978697173601e-11,8.859094189466357e-10,8.4110351265308e-07,7.650313254680899e-14,4.5535997395627217e-07,2.108628966020829e-05,6.156420757000817e-07,1.3611123345904904e-09,2.952729310220064e-09,2.863001770443436e-10,5.559700117086084e-07,1.788909750408096e-10,9.351884123387096e-12,8.508556498503773e-08,0.00024190229095449992,3.3285389654109182e-18,2.4300826607386343e-11,6.178938118833651e-07,2.1449187337633737e-17,1.7767707595745074e-17,7.650223998479413e-11,1.9927981973749412e-13,1.302031908088787e-05,2.2475920358402126e-13,2.7198662476237864e-10,2.2645078336322544e-05,1.4349413282658273e-13,2.5284137664849563e-16,2.096847339168784e-07,3.6048425011288546e-08,1.2672069600316249e-12,1.7146903214819607e-16,1.616697817145639e-17,1.1353769081641906e-10,1.4448312394141106e-06,1.0739208224187743e-16,2.400675554709536e-09,1.56693604875367e-13,4.7538137909368146e-07,7.708132038043096e-05,7.327216895186535e-07,1.2695766707901937e-14,6.453996083648538e-10,1.6054165876215194e-05,7.323511864843155e-08,4.968110280447628e-10,2.3530213765281192e-12,3.735553739532499e-07,3.0557244195902567e-10,5.4120090479334845e-15,1.63814575204829e-05,2.0060106546809135e-12,4.975636374571514e-13,6.605446003341317e-17,1.9151086328783576e-06,4.152991750216956e-06,1.0619993149808111e-08,3.494354688403479e-08,4.378882465964273e-18,1.4997649878083533e-17,2.705039559219853e-16,1.2981534255133478e-09,2.4156861020159253e-10,8.240677145737546e-10,9.32256012054457e-08,3.669643648149321e-14,1.7024357408908943e-11,4.503766566505861e-08,4.051302827237362e-21,2.5745982221339217e-08,4.33936419218567e-05,1.8893806612180275e-06,7.777020308575339e-15,1.1097163069736957e-12,1.6359111696861867e-09,4.217599229329507e-12,6.507649850266637e-16,6.951449052990231e-11,9.418907359782216e-09,1.0406517191040737e-15,4.111621859115958e-09,4.555479846535672e-16,1.5108104486095286e-11,6.00749284269315e-20,2.167690455574046e-10,1.1282636786782415e-06,5.181614940729082e-07,1.193130499533386e-19,3.374952122197303e-08,5.8065395756609876e-24,7.896168628583064e-11,4.109443122380207e-13,1.1098010049137746e-09,1.8659889751545112e-10,5.133171412832416e-10,0.00016433677395415026,1.1716661503271522e-14,3.6925778512795787e-09,9.310181975435224e-11,3.178265470911248e-18,3.897366001122926e-06,1.6436393257888614e-14,3.2785503854189255e-16,1.0622623353665441e-11,1.776436826722749e-10,2.541494292313431e-15,6.413633228764248e-09,3.777192977438152e-08,1.5760192511200727e-13,2.2933927231152262e-14,1.8992136200409573e-10,5.316002383324058e-09,2.3156860937785194e-06,1.2055927114502505e-11,2.5320294475925776e-05,4.608962042513665e-09,3.7684182082586385e-16,2.523241739634388e-12,0.0020815857750255537,2.8094354835130612e-06,2.5197130773990766e-15,3.4342858594240287e-11,4.1170480175063224e-09,1.800953793775068e-09,5.246405795343805e-07,2.9940862680217364e-12,3.545929181286992e-13,2.1276065760060688e-13,4.323662100949251e-09,2.3821657919074836e-17,2.741323417858948e-13,1.1125456836409315e-11,3.170399853516437e-18,7.569135364489198e-06,9.880032208767499e-13,1.3009428932582387e-14,3.39320817113541e-08,4.7056488138690655e-12,3.2709767568334356e-07,1.0931369252497225e-05,2.5976775200534032e-11,2.1007636964858022e-10,7.375209414588807e-07,2.3944199309608988e-05,9.359751190600738e-11,8.963992099537148e-15,6.44120091573813e-16,3.3838754928589293e-08,3.2255071662850136e-14,0.00465147926257249,2.848613288254236e-10,2.1338316982198045e-08,1.1312559098161129e-11,1.4416997464801763e-12,8.442740532343091e-10,1.0260738893135036e-13,7.034792508778827e-11,5.845437053226505e-10,6.322392362521503e-09,3.0550207317695396e-13,8.033730474882085e-13,6.203289112480133e-14,3.480148006007753e-14,1.2328380202211594e-13,2.681016411945074e-14,8.952711191753868e-08,1.332548263542539e-08,7.935834959386245e-07,4.217848645481418e-11,2.660498199560383e-10,2.8413147551720215e-19,1.1446218960439691e-14,0.00011563921912544291,2.605397108578524e-15,3.0382395827147793e-13,1.6974968902270402e-09,6.896131925120297e-05,1.7446054159166156e-07,2.098188540235394e-16,2.0791138909682268e-12,6.808400133639504e-16,2.1622149930948565e-08,6.503440900006415e-18,7.176339137087316e-16
91.70854271356784,1.5053706329137494e-12,5.678604757815435e-11,1.777233535839824e-10,4.457408012945419e-07,0.0007175372987453296,7.638872740447423e-17,6.803252396499919e-13,2.355346551055195e-14,2.2917366264141545e-15,8.006679042132441e-16,2.2291520845098416e-07,1.328387875899876e-05,1.5160851072345762e-09,0.0001454471959750679,7.573645786608899e-10,1.7508717319978733e-28,8.253372589373502e-11,6.583686121288481e-10,7.64438586087266e-07,5.607997293739886e-14,3.6196434755095336e-07,2.1158807159336087e-05,5.24039873187259e-07,1.2324837827704385e-09,2.3820810108521555e-09,2.2247152183436724e-10,4.394360227862391e-07,1.457302830263636e-10,7.337093090276438e-12,7.298915998853455e-08,0.0002165839360552407,2.4986582890904872e-18,1.7045293595370592e-11,5.838105261061504e-07,1.489224433845711e-17,1.0906945298189587e-17,6.624171996993774e-11,1.835365528217443e-13,1.3136513618982629e-05,1.9595472928572657e-13,1.9731583602605864e-10,2.2022118150622204e-05,1.1071270273262156e-13,1.8226355887841744e-16,1.7935438557999175e-07,2.9779028544596032e-08,1.0726713479284323e-12,1.3864734869788842e-16,1.2180526575158445e-17,1.1060313015737828e-10,1.2798120789725812e-06,7.24366685012919e-17,1.8395166254002762e-09,1.284398645193192e-13,3.847762862158952e-07,7.176427392564573e-05,6.149836479163494e-07,9.987511104267077e-15,5.428242405034964e-10,1.632975417204987e-05,5.96818981074667e-08,3.8092822507642477e-10,1.6695342893228588e-12,3.2077364372706715e-07,2.872181806003108e-10,3.8193263348523256e-15,1.3296583809027945e-05,1.8158347554145137e-12,3.6777504730882376e-13,4.788510452010275e-17,1.7516499733838097e-06,3.7398590156471646e-06,8.799100271545133e-09,2.6300420539221838e-08,2.7297668386954125e-18,1.019375842733217e-17,2.04808555217447e-16,1.1306724662461874e-09,2.241599395670396e-10,6.904712847782954e-10,8.53925940647292e-08,3.256982314578859e-14,1.2085506081846563e-11,3.885570877870737e-08,3.0333082354120684e-21,2.1203965916339672e-08,4.415742089160493e-05,1.5678941636500376e-06,5.9072241069908094e-15,1.006512987637168e-12,1.3951322003777041e-09,3.0971953723095356e-12,5.319895575285777e-16,5.896538827287214e-11,7.661245179585654e-09,6.912704079866233e-16,3.159837012678881e-09,3.048129964351313e-16,1.1755329044738947e-11,4.127126553548045e-20,1.8001303124588516e-10,8.891982991081968e-07,5.446475407346468e-07,7.891434601493019e-20,2.7586199684920344e-08,4.1468938921970656e-24,7.304646706744998e-11,3.347553467525764e-13,8.967224030361061e-10,1.6572249163698893e-10,4.777977717142083e-10,0.00014395385078241102,7.956708978071034e-15,3.397171028084381e-09,8.120126278464666e-11,1.9065345426599518e-18,3.3594468460988253e-06,1.3909150626948657e-14,2.1826222573536296e-16,7.620372285441297e-12,1.3155717537176815e-10,2.1527333112328184e-15,5.654447936309866e-09,3.7129676938256e-08,1.3068219844612962e-13,1.9839646940880256e-14,1.7418238486359514e-10,4.556625856060163e-09,2.0299686381920562e-06,9.951962259318129e-12,2.428826431767647e-05,4.454308371518557e-09,3.073452516997045e-16,2.0413368538675274e-12,0.0019144619108992435,2.4107694690788384e-06,1.1803580280507271e-15,2.3954448773682194e-11,3.5064749531410005e-09,1.4076518448907884e-09,5.050492663148485e-07,2.9151657035651076e-12,2.7463597313335414e-13,1.3974969811202317e-13,3.879239115834296e-09,1.8216472386665063e-17,2.647147550258319e-13,9.730252421238037e-12,2.5268305486288922e-18,6.3716115066959665e-06,7.195805308843526e-13,8.960576023069235e-15,2.439948256271748e-08,3.967168580916832e-12,2.879371700522958e-07,9.665411013274791e-06,2.51760031227259e-11,1.7379222175767445e-10,6.743728239746022e-07,2.2979469615294244e-05,1.0024343542518242e-10,6.6089617023944284e-15,4.626181048115124e-16,2.536484838139448e-08,2.0813729368642456e-14,0.00451188530079621,2.2579940983866656e-10,2.0419536196317777e-08,7.784482642369542e-12,1.0716325362758444e-12,7.288397273106978e-10,7.479401080182848e-14,6.167983718407176e-11,5.216854506082138e-10,4.413976600109976e-09,2.0432556574203284e-13,5.387523538791364e-13,5.3816347848769495e-14,2.709775643321597e-14,8.800201269404198e-14,2.4774305367076953e-14,7.511689626117134e-08,1.0992300897288494e-08,7.643333847236191e-07,2.8872628502425864e-11,2.25669475426913e-10,2.081565677182061e-19,8.499077945059344e-15,0.00011790788091513296,1.8326500424824067e-15,2.5773400996482077e-13,1.5202372970032052e-09,6.065716006526469e-05,1.8559587897561922e-07,1.3462376386372704e-16,1.6559099713481787e-12,4.965762233190537e-16,1.8187818868679737e-08,4.854114417886321e-18,5.87447175054912e-16
91.95979899497488,1.217935718803663e-12,5.4031417856573064e-11,1.677932129322632e-10,3.802306752457474e-07,0.0006892470761120006,5.181406477456798e-17,5.343101706175712e-13,1.859698176573125e-14,1.2774751021658203e-15,6.837545866087505e-16,2.243274387953301e-07,1.2920518910491208e-05,1.243349658901113e-09,0.00011045252930835449,5.510784517081583e-10,1.218818964594327e-28,7.414099228947147e-11,4.883078343219777e-10,6.959918194958353e-07,4.131199618417191e-14,2.8721472975368525e-07,2.1286518542589363e-05,4.467571834046928e-07,1.1204478704026205e-09,1.936848242842353e-09,1.7245685946540492e-10,3.483334431932088e-07,1.1898685659876949e-10,5.774985987780953e-12,6.278498998924412e-08,0.00019396149357753714,1.902355488726138e-18,1.2002956852620178e-11,5.514907656512319e-07,1.0487536773525215e-17,6.75304452775374e-18,5.775724981020519e-11,1.6940581636589636e-13,1.3208286406270397e-05,1.7291106349481689e-13,1.438377750205358e-10,2.1477281160955887e-05,8.601808055316542e-14,1.3225890924464126e-16,1.5318496893651287e-07,2.47913676876204e-08,9.16642952561399e-13,1.1317227147871546e-16,9.281213496577222e-18,1.0862315238233012e-10,1.1360722714035726e-06,4.941054562722701e-17,1.4150010252381675e-09,1.066264981173373e-13,3.115979897779133e-07,6.68761647233824e-05,5.158402701267866e-07,7.947339752366188e-15,4.6011990428277454e-10,1.6734181239115552e-05,4.895200260286368e-08,2.930900299286321e-10,1.1947676415338238e-12,2.7591911314579466e-07,2.7108660616726994e-10,2.718259769589095e-15,1.0772424470819384e-05,1.652258735080041e-12,2.743055452083327e-13,3.5086145823780756e-17,1.6039284191084004e-06,3.3830005767029527e-06,7.303505557253834e-09,1.993263370554017e-08,1.7184276888801115e-18,7.028831017862374e-18,1.5583188704303279e-16,9.877162473228796e-10,2.087086132072896e-10,5.80107166980442e-10,7.813425552577352e-08,2.9187938923613714e-14,8.578289253070537e-12,3.3642977100765145e-08,2.292664237151708e-21,1.7516430203896895e-08,4.506650102054956e-05,1.2998928883250888e-06,4.5257038024079856e-15,9.181914288785485e-13,1.1939824181149146e-09,2.278337207573093e-12,4.3718527417019625e-16,5.02632802758193e-11,6.245299725847964e-09,4.645026229267017e-16,2.4365892025952406e-09,2.0452274826948236e-16,9.138332362109356e-12,2.8631407998572646e-20,1.5013452156526478e-10,7.047135647783906e-07,5.734081365842109e-07,5.2955892350451544e-20,2.252392764412953e-08,3.0104257058498494e-24,6.79782135114515e-11,2.7399858054299255e-13,7.300914542318612e-10,1.4783449798697448e-10,4.4600086268228665e-10,0.00012587076612322198,5.429276713515773e-15,3.1469506616439386e-09,7.116683738297983e-11,1.149188725968792e-18,2.9072859861763818e-06,1.1892086615588215e-14,1.4527938217347583e-16,5.4855106401406655e-12,9.79967624692782e-11,1.834243013067692e-15,4.996060505624729e-09,3.6599656532216006e-08,1.0846533715356689e-13,1.7395600583245683e-14,1.6046606995570325e-10,3.9330317583528795e-09,1.7833817245625151e-06,8.225074621904717e-12,2.3406909668501993e-05,4.320275088577932e-09,2.515389925205094e-16,1.6645714677042564e-12,0.0017645389559050103,2.075087842138122e-06,5.544556569870369e-16,1.6856055755953012e-11,2.9995222250563474e-09,1.1079256848708602e-09,4.868360681207651e-07,2.8552232549178508e-12,2.1491957137324982e-13,9.258676127332081e-14,3.475005209569e-09,1.4025617406914195e-17,2.573393807031635e-13,8.623525175800952e-12,2.0389979872931613e-18,5.3559641987248256e-06,5.253793861092614e-13,6.233411945987087e-15,1.7537049512016338e-08,3.347334748282192e-12,2.548554169187387e-07,8.561563308278962e-06,2.437972411719055e-11,1.4483452881065117e-10,6.149881238439061e-07,2.217168827142903e-05,1.078577519462938e-10,4.922793722236389e-15,3.363549187602374e-16,1.898482967496008e-08,1.3515137776320106e-14,0.004383659626961126,1.7858433843824854e-10,1.9689780040775298e-08,5.394879085335448e-12,7.987683339036066e-13,6.322903120133034e-10,5.4641109199293474e-14,5.4197588592825974e-11,4.706562370389731e-10,3.078510042430944e-09,1.371895095924382e-13,3.630864479808838e-13,4.703689425339434e-14,2.125259799176084e-14,6.308609221229923e-14,2.2925949020968905e-14,6.337414226064413e-08,9.085181118014015e-09,7.364134525002138e-07,1.9901474462324633e-11,1.9234593599693692e-10,1.5483733766986512e-19,6.3379885039143536e-15,0.00012036302194189585,1.2890596720693844e-15,2.212938404072267e-13,1.3693544459514937e-09,5.327879976754395e-05,1.9807893260211274e-07,8.662206630252383e-17,1.3298638443158173e-12,3.659641486039317e-16,1.5287370762108493e-08,3.65905772008693e-18,4.853795512462721e-16
92.2110552763819,9.943863200778517e-13,5.169082512036906e-11,1.594523847670239e-10,3.2515657850987896e-07,0.0006624741212199512,3.5549044054583386e-17,4.2288804909832064e-13,1.4788906511571186e-14,7.184483260681239e-16,5.872383418649607e-16,2.2625341658407565e-07,1.2605275431248007e-05,1.0269948713356061e-09,8.356951576620585e-05,4.0126897664661244e-10,8.665954452010368e-29,6.683788751834723e-11,3.6151681946292947e-10,6.348302662323394e-07,3.058539087363727e-14,2.275008910007589e-07,2.146839103112554e-05,3.815534728056396e-07,1.022586182341468e-09,1.5871428241802146e-09,1.3336096664672128e-10,2.769843195863434e-07,9.734939585502222e-11,4.560294613211392e-12,5.4149467231666996e-08,0.00017375110149623203,1.4681462331278525e-18,8.485328812089065e-12,5.207711248157258e-07,7.492573393117182e-18,4.2187607324312416e-18,5.071308055200216e-11,1.566912834821872e-13,1.3234855416202325e-05,1.5437003370282318e-13,1.0540099633773718e-10,2.100285383549787e-05,6.730365565001041e-14,9.661786533090177e-17,1.3067025274281248e-07,2.07986604265904e-08,7.906221587022846e-13,9.32496219047848e-17,7.151367102302172e-18,1.0752947786043139e-10,1.0107142555070746e-06,3.40847318134537e-17,1.0929080436339555e-09,8.962065622629131e-14,2.524863979523935e-07,6.237474961395337e-05,4.3235730715181616e-07,6.395395092532938e-15,3.9302432163240606e-10,1.726924452541113e-05,4.0416205004417216e-08,2.263332251860914e-10,8.623345217704903e-13,2.3779366307778956e-07,2.568205854115649e-10,1.9511002985701344e-15,8.712088592531542e-06,1.5112316434336125e-12,2.0648732105640137e-13,2.5981360815934775e-17,1.4702942610702217e-06,3.074040433195291e-06,6.0738603074206865e-09,1.5216540753970733e-08,1.0922810685189177e-18,4.916263491739624e-18,1.1914720366170757e-16,8.652531951645266e-10,1.9496742523893531e-10,4.886392482543442e-10,7.141229618325666e-08,2.6397903369311574e-14,6.088615993653011e-12,2.9230734125347185e-08,1.7493477742294306e-21,1.4514942820354e-08,4.611772847366964e-05,1.0767423856012864e-06,3.4971357218841125e-15,8.420707993330552e-13,1.0254755571287324e-09,1.6786844614349868e-12,3.610779403120444e-16,4.3062274384326283e-11,5.10220694620622e-09,3.158111312977897e-16,1.885216926180479e-09,1.376279381064422e-16,7.096029514396852e-12,2.0061479336079312e-20,1.2569886922625866e-10,5.616854177365596e-07,6.044057830561642e-07,3.6048123565935e-20,1.8371576243949305e-08,2.2205153217983206e-24,6.361118359987577e-11,2.2528113524647895e-13,5.989784356797807e-10,1.3244811734834898e-10,4.1742977218070693e-10,0.00010986271472266865,3.7233377963945435e-15,2.9343254939949367e-09,6.269065161558408e-11,6.96313409360412e-19,2.526551672974145e-06,1.027213463528712e-14,9.671137863817163e-17,3.962703197470587e-12,7.342302636971717e-11,1.571957151751224e-15,4.4228945198192785e-09,3.6167365373127995e-08,9.008913028121402e-14,1.5456785206054463e-14,1.4848858794291178e-10,3.4184083358373542e-09,1.5700261455981707e-06,6.8057411436978546e-12,2.266188371351029e-05,4.204296640152072e-09,2.0657033428256869e-16,1.3681695320360986e-12,0.0016301603647452254,1.7916814747027899e-06,2.6134097461057763e-16,1.1971120267289565e-11,2.5765487228099493e-09,8.782367966790278e-10,4.698004072317378e-07,2.8122527964800184e-12,1.6996450287058447e-13,6.190784622883089e-14,3.1085705087470192e-09,1.0870597576790853e-17,2.517712370686267e-13,7.742833996229236e-12,1.6659177451497326e-18,4.495850643007577e-06,3.8449542140886637e-13,4.379138284855417e-15,1.2602600899503873e-08,2.827108404129314e-12,2.2678735807463404e-07,7.5974051969368905e-06,2.358152549882483e-11,1.2157682780633958e-10,5.592436595964632e-07,2.1500368891036164e-05,1.1652860955102213e-10,3.704963111740253e-15,2.4762907127194957e-16,1.4192232687091291e-08,8.830551627457535e-15,0.004265957125263173,1.40916400681633e-10,1.912641136793975e-08,3.7658237150063455e-12,5.970907088170405e-13,5.512356253220747e-10,4.001043048973126e-14,4.771607693226902e-11,4.2923191407889673e-10,2.1453173478356544e-09,9.248217908689644e-14,2.4598633245134216e-13,4.140394010276039e-14,1.6790793320482217e-14,4.5424572950958374e-14,2.1242544472138448e-14,5.375568707839628e-08,7.523538960841353e-09,7.096206533104566e-07,1.3815811599170593e-11,1.647263750086009e-10,1.1694604837449274e-19,4.746985623190628e-15,0.0001229849100798475,9.06624805598667e-16,1.9221069148601769e-13,1.2405507613860287e-09,4.673447239868525e-05,2.1196939861230153e-07,5.589977121027749e-17,1.0768600263588713e-12,2.724725245398299e-16,1.284167282747296e-08,2.7849087666082022e-18,4.04768088496726e-16
92.46231155778895,8.191192071400917e-13,4.9707692072744494e-11,1.5246726099964688e-10,2.787020040686782e-07,0.000637024284258212,2.4675827118482674e-17,3.3734037778414834e-13,1.1842693083483128e-14,4.078676297974316e-16,5.072089055798008e-16,2.2869283614471495e-07,1.2334010311880524e-05,8.544485568880349e-10,6.30059481570769e-05,2.924583916137138e-10,6.292808391958999e-29,6.04496711665002e-11,2.6720568139068225e-10,5.80134808192648e-07,2.275898965191986e-14,1.7988950286513782e-07,2.1703778524065787e-05,3.265281799038805e-07,9.368799538434268e-10,1.3106338575509383e-09,1.0287716756552313e-10,2.2098972370808307e-07,7.979196737724778e-11,3.612990877674066e-12,4.6818002490565143e-08,0.00015569921104714038,1.1478860045364292e-18,6.021908430133097e-12,4.915149329267135e-07,5.431274169910153e-18,2.6601244051382557e-18,4.4842290590239276e-11,1.4522770880043915e-13,1.3216077346159618e-05,1.3938140600365968e-13,7.7666245115779e-11,2.0592480942796864e-05,5.303493560505297e-14,7.106154749481788e-17,1.1135124496969588e-07,1.7582779318503064e-08,6.881608214006315e-13,7.755470796584249e-17,5.571454601704961e-18,1.0727644599127312e-10,9.012555336535204e-07,2.377787467636724e-17,8.47759466597936e-10,7.623919250878212e-14,2.0472520722493697e-07,5.822329811801518e-05,3.6207640258041275e-07,5.203515954140821e-15,3.382724061039589e-10,1.7938617419975582e-05,3.35922226341019e-08,1.7545570226978637e-10,6.276778100826264e-13,2.0537527552701738e-07,2.4412365693726255e-10,1.4123609377441633e-15,7.0343212820578494e-06,1.3894141988287252e-12,1.5690041969715192e-13,1.944119339524723e-17,1.3492891699747477e-06,2.8059778547042145e-06,5.06181443160427e-09,1.1704295349096205e-08,7.009482550440677e-19,3.4877577946756084e-18,9.15422238013663e-17,7.599809744006328e-10,1.8272598343649611e-10,4.125975700015569e-10,6.519188684051183e-08,2.4082027154879177e-14,4.32176778009599e-12,2.5482035230035157e-08,1.3475137992950158e-21,1.2065328258756721e-08,4.730805668467837e-05,8.911640798240875e-07,2.7255439469420337e-15,7.760013994518122e-13,8.839252456149458e-10,1.2387698440573035e-12,2.996405598968441e-16,3.708511711608999e-11,4.177467342292884e-09,2.1729919405059357e-16,1.463517767798604e-09,9.289380306358197e-17,5.503035751336737e-12,1.4200128729228798e-20,1.0559927295469383e-10,4.502558961027469e-07,6.375853474303232e-07,2.4886848024459974e-20,1.497018360115187e-08,1.6634491640806254e-24,5.982700746623552e-11,1.860112836295847e-13,4.951653443010813e-10,1.191658674208652e-10,3.916698177033351e-10,9.57224212616224e-05,2.5668911431076055e-15,2.7531292883457326e-09,5.551871780316783e-11,4.242720043365305e-19,2.2053685197052014e-06,8.963631771042999e-15,6.440606361053416e-17,2.8729814482440767e-12,5.5329916989842534e-11,1.3548553395627564e-15,3.922123487984129e-09,3.582037165085018e-08,7.486185927715208e-14,1.3915003875587231e-14,1.3801038915388336e-10,2.9916943738810386e-09,1.384976426563187e-06,5.6377142095750056e-12,2.2040759681892258e-05,4.104155060242739e-09,1.7021435514856212e-16,1.1335292757685151e-12,0.0015098103631909206,1.5517527468574131e-06,1.236887532411907e-16,8.584219364451235e-12,2.221949792944617e-09,7.012127733491259e-10,4.537682231964553e-07,2.784615099644592e-12,1.3585176470561544e-13,4.1801655022409615e-14,2.7774612391748416e-09,8.479453835799522e-18,2.478190348681616e-13,7.041198988964099e-12,1.3781412505982939e-18,3.768573320327995e-06,2.820255240212654e-13,3.106520081875884e-15,9.057805400070302e-09,2.3904774827535515e-12,2.0286942673918696e-07,6.753871655278134e-06,2.2776606748505384e-11,1.0278169890486082e-10,5.070417755579298e-07,2.094798237393518e-05,1.263543772142645e-10,2.817631424300271e-15,1.8464375596503023e-16,1.0599487061367377e-08,5.805371706327272e-15,0.004157991500736235,1.109317810317444e-10,1.8711407217669596e-08,2.647896591863948e-12,4.476559856503368e-13,4.829318015315412e-10,2.936789352790284e-14,4.2082366588633434e-11,3.9568555596505033e-10,1.4940255926339987e-09,6.260010220397315e-14,1.6757966868175345e-13,3.669261798266849e-14,1.336411804331611e-14,3.285645137859286e-14,1.9705058647319987e-14,4.583784476305007e-08,6.242331404761686e-09,6.837781496730714e-07,9.661357784178486e-12,1.4173751070228732e-10,8.968336193440376e-20,3.57094319699242e-15,0.00012575400557605495,6.375645692492039e-16,1.687884406123569e-13,1.1303198500883144e-09,4.094000318491182e-05,2.2732695627267264e-07,3.6183691017084095e-17,8.791443942144649e-13,2.0490675456161868e-16,1.0782427293687087e-08,2.1395647207048788e-18,3.406469717982372e-16
92.71356783919597,6.806223823146832e-13,4.8035813114668116e-11,1.4664619593970102e-10,2.3939417289948067e-07,0.0006127292557686301,1.733282637161969e-17,2.7125133426850736e-13,9.547678347767584e-15,2.338479932351927e-16,4.4056926371200724e-16,2.3164906702996058e-07,1.2102997080556287e-05,7.160944644157456e-10,4.734068935252384e-05,2.1339812170233908e-10,4.6663263269674646e-29,5.483307955699329e-11,1.97207417060257e-10,5.311847772123769e-07,1.702259990319703e-14,1.420008146096187e-07,2.1992391664269592e-05,2.800722324184572e-07,8.616382467357294e-10,1.090546020626697e-09,7.917019826845655e-11,1.7694273189695707e-07,6.550780216853072e-11,2.87205423552294e-12,4.05738348381522e-08,0.00013957911655532258,9.087363639546165e-19,4.290089050795402e-12,4.636081920928045e-07,3.9952395046066635e-18,1.6934498664712726e-18,3.9931873723633194e-11,1.3487507834189324e-13,1.3152441199965968e-05,1.272224913788453e-13,5.7568049575833266e-11,2.0241011099713476e-05,4.2088817667892524e-14,5.2625669496647024e-17,9.481467685662496e-08,1.497695256669334e-08,6.043343827856026e-13,6.510254073102599e-17,4.388321279506094e-18,1.0783855378192035e-10,8.055669279490017e-07,1.677425721361979e-17,6.605558507492826e-10,6.561666486046496e-14,1.6612092871907733e-07,5.438973964966779e-05,3.029333970930451e-07,4.279579500242688e-15,2.933469922356065e-10,1.874770522659539e-05,2.8109270239029638e-08,1.3656491258218358e-10,4.606929739830484e-13,1.7779376257196868e-07,2.3274881497672287e-10,1.0310203184544754e-15,5.671199138116928e-06,1.2840431533770275e-12,1.2035641453441328e-13,1.4697779412057724e-17,1.2396223996929886e-06,2.5729490658578444e-06,4.227940823759145e-09,9.073348201481717e-09,4.54082633314388e-19,2.5093565528931695e-18,7.067491342046038e-17,6.691845799723499e-10,1.7180452936461577e-10,3.4919509143522385e-10,5.944104464509966e-08,2.2149027679707718e-14,3.0681359050852475e-12,2.2285379630564624e-08,1.047901044027737e-21,1.0060576489092006e-08,4.8634367508495914e-05,7.370238987285976e-07,2.1423882238069193e-15,7.182484304313805e-13,7.64692631623795e-10,9.15514715209094e-13,2.497806853436855e-16,3.210884217363938e-11,3.4278515691365013e-09,1.513435589091234e-16,1.139961284366831e-09,6.289987926630629e-17,4.261509265830525e-12,1.0155762717425587e-20,8.897662367930873e-11,3.630027168529865e-07,6.728712437603338e-07,1.7421117507105818e-20,1.2187688189435102e-08,1.265009998336254e-24,5.652881402364688e-11,1.5419752869970123e-13,4.1244672690843647e-10,1.0766165324662666e-10,3.683729715260874e-10,8.325919039377881e-05,1.779374265370869e-15,2.598328758821904e-09,4.944120904953971e-11,2.600479344234121e-19,1.9338945066160204e-06,7.901271346137396e-15,4.292260382176003e-17,2.0905999010169046e-12,4.19345482073617e-11,1.1742589693832002e-15,3.4831381806079655e-09,3.554799041108631e-08,6.222546574347522e-14,1.2689002308954768e-14,1.2882868910488665e-10,2.636267822414391e-09,1.2241077664497816e-06,4.675375064377198e-12,2.1532802105412665e-05,4.017924661350306e-09,1.4072824365226937e-16,9.466175382639129e-13,0.0014021073926087587,1.348064737171832e-06,5.882008745541295e-17,6.217566391857716e-12,1.9232729134134233e-09,5.639822419292625e-10,4.3858803228111136e-07,2.770971430683173e-12,1.0976082167890791e-13,2.8519013064389436e-14,2.4791655633893667e-09,6.6554326068690965e-18,2.453269569312333e-13,6.483064700224824e-12,1.1543375440742507e-18,3.1545864418722047e-06,2.073110270638097e-13,2.2249632060598496e-15,6.51306355338778e-09,2.0239764947194603e-12,1.8239925039866325e-07,6.014709386993587e-06,2.1961678494129894e-11,8.750212722347467e-11,4.582987911965186e-07,2.0499445905463278e-05,1.3744370403290882e-10,2.1653742717007056e-15,1.3947182855573257e-16,7.911097666692519e-09,3.8399504350300386e-15,0.004059024552403904,8.711997949630658e-11,1.8430542664390748e-08,1.8755801677903302e-12,3.366447207488635e-13,4.251527194995376e-10,2.1610799960764753e-14,3.7169716404082134e-11,3.686739489371991e-10,1.0399496435790519e-09,4.25504941519602e-14,1.148335337713614e-13,3.2727624637657425e-14,1.0716181102164616e-14,2.387661954218695e-14,1.829735673918256e-14,3.928848585699113e-08,5.189057670023666e-09,6.587325607535758e-07,6.806740822219549e-12,1.225241895451724e-10,6.982802295631063e-20,2.6980649666993064e-15,0.00012865105768787582,4.482825247726823e-16,1.4976047429151017e-13,1.0357902187640622e-09,3.581834467454797e-05,2.442090223848876e-07,2.3495474848360138e-17,7.23559320060205e-13,1.5561670861558451e-16,9.050870408023979e-09,1.6588403147962274e-18,2.8929030662701724e-16
92.96482412060301,5.703401889687381e-13,4.663731645562634e-11,1.418311943150206e-10,2.060344759912261e-07,0.0005894448445586919,1.232251020839821e-17,2.1987647490863663e-13,7.747977488007053e-15,1.3546698809878486e-16,3.848541645713586e-16,2.3512878811672552e-07,1.190885858025205e-05,6.045486611725705e-10,3.545386900439012e-05,1.5592138664118125e-10,3.533066662411815e-29,4.987035756194575e-11,1.4535979968897044e-10,4.873448912329252e-07,1.2798706208073732e-14,1.1190744909432723e-07,2.233427242137313e-05,2.4082585973089873e-07,7.95440151651169e-10,9.142081909589637e-10,6.078241123627918e-11,1.4220473000674209e-07,5.3859363214551157e-11,2.290825253599263e-12,3.5239020058176865e-08,0.00012518791855611384,7.280220355442734e-19,3.067901854858541e-12,4.3695614997022756e-07,2.982626057864525e-18,1.0886706617896514e-18,3.581121555020124e-11,1.2551395312689872e-13,1.3045045390653973e-05,1.173400179900956e-13,4.293669768216419e-11,1.9944360280126524e-05,3.3639339123239796e-14,3.9245633725665996e-17,8.06909432843399e-08,1.2853002219448623e-08,5.353571506854261e-13,5.515563559947796e-17,3.494128308828024e-18,1.0920879188063908e-10,7.218203096790419e-07,1.1965908848006012e-17,5.171033966021825e-10,5.711413181549086e-14,1.3490377034330173e-07,5.084594286197348e-05,2.5319163552297964e-07,3.556796201873729e-15,2.562953767013569e-10,1.9703527792175024e-05,2.368135945354689e-08,1.0674333129019723e-10,3.409009127847408e-13,1.5430948520063182e-07,2.224896224065787e-10,7.589404954576326e-16,4.566127443034487e-06,1.192824060619124e-12,9.320693527910744e-14,1.122458188124523e-17,1.14015023637322e-06,2.3700321600378763e-06,3.540061953816334e-09,7.090619064357298e-09,2.9691279946766515e-19,1.8307061866646454e-18,5.482981005823056e-17,5.906236830388224e-10,1.6204890727527355e-10,2.961849274585293e-10,5.413014014275152e-08,2.0527587263328442e-14,2.1787421075836553e-12,1.954968836654932e-08,8.227051226510183e-22,8.41522781427572e-09,5.0093315283043227e-05,6.091552143783112e-07,1.69838589357894e-15,6.674033603579353e-13,6.639846054853074e-10,6.77625901355571e-13,2.0911005611705423e-16,2.7953592689827052e-11,2.8189915799902083e-09,1.0671370833057778e-16,8.909172661556868e-10,4.273385991236073e-17,3.2949452473602646e-12,7.34011815835531e-21,7.516001741744495e-11,2.9432228738693115e-07,7.101651386237469e-07,1.2362156229498398e-20,9.914506985820964e-09,9.761072780411174e-25,5.363672862673006e-11,1.2830071502828095e-13,3.46115904794019e-10,9.766670964774789e-11,3.472455104723044e-10,7.229800389739101e-05,1.2405326763935687e-15,2.4657949114552036e-09,4.4284545591684555e-11,1.6038282268821993e-19,1.7039704277477593e-06,7.034964009878161e-15,2.8634951159656517e-17,1.5269809499547092e-12,3.1962347833903306e-11,1.0232993807986844e-15,3.097124478593518e-09,3.534101938700481e-08,5.1727332495776156e-14,1.1717427927076171e-14,1.2077131897922748e-10,2.338949065918602e-09,1.083955374582829e-06,3.881641562803851e-12,2.112876498045508e-05,3.943925920896765e-09,1.1674112396786622e-16,7.967961131963827e-13,0.0013057966671107457,1.1746556369779812e-06,2.812419491794045e-17,4.550380114916255e-12,1.6705385510301834e-09,4.569698161149942e-10,4.241278071051446e-07,2.770229905442672e-12,8.964878999290457e-14,1.9669766526693713e-14,2.211175660488022e-09,5.255230535373333e-18,2.4416810287998467e-13,6.041382716703212e-12,9.789327554310541e-19,2.6370720986822295e-06,1.5270533317103049e-13,1.6086726793021291e-15,4.687010030051757e-09,1.7162843866769367e-12,1.6480372613243456e-07,5.366027305229987e-06,2.113485985243244e-11,7.500907350202346e-11,4.129357719619712e-07,2.014170174510335e-05,1.499155755911706e-10,1.6816536997152734e-15,1.0674175007149124e-16,5.9025653733407485e-09,2.5553713584151367e-15,0.003968357092907779,6.825749445085652e-11,1.8272747987034384e-08,1.3384126580961898e-12,2.5395650288893506e-13,3.76087834493797e-10,1.594509922553561e-14,3.287278305167607e-11,3.4715232217273777e-10,7.23643135105572e-10,2.9045030944643376e-14,7.91733957030213e-14,2.9371316334234997e-14,8.657293148947926e-15,1.7433701567593677e-14,1.7005698540649933e-14,3.384596066016708e-08,4.321328549228817e-09,6.343517497617194e-07,4.832134636939274e-12,1.0640217327056443e-10,5.519468700165354e-20,2.0475094561098986e-15,0.00013165724629180396,3.15143256212145e-16,1.341720562855566e-13,9.546020893691288e-10,3.129913145539882e-05,2.6266834102453566e-07,1.5306322274195076e-17,6.002900577046846e-13,1.1932726772472077e-16,7.596593874133463e-09,1.29760700501735e-18,2.4788403426738834e-16
93.21608040201005,4.818682127914416e-13,4.548106655920589e-11,1.378913696357721e-10,1.776436779492745e-07,0.0005670491923662966,8.868021591802542e-18,1.7968997766428216e-13,6.327496632917621e-15,7.932281665458718e-17,3.38091865861792e-16,2.391416408488684e-07,1.174851142668621e-05,5.141188673274657e-10,2.6468211197712196e-05,1.1410348613108876e-10,2.7309225094017835e-29,4.546447962680121e-11,1.0702775749160947e-10,4.480541446582356e-07,9.674004866908194e-15,8.805130355745213e-08,2.2729772475270523e-05,2.0764195932420338e-07,7.370880690308195e-10,7.719964142049508e-10,4.655849175561441e-11,1.1473151891468408e-07,4.434048507388428e-11,1.833528525289091e-12,3.0667156236563606e-08,0.00011234386931645783,5.898981615718962e-19,2.202074516758522e-12,4.114803971862661e-07,2.2599609079047503e-18,7.068944385648274e-19,3.23431596386595e-11,1.1704175850337242e-13,1.2895559517357592e-05,1.0930782117455774e-13,3.223297624230997e-11,1.969939095866291e-05,2.7076115431460832e-14,2.9475746235701306e-17,6.865161001916417e-08,1.1111891864862469e-08,4.783001977989037e-13,4.715806879256334e-17,2.812257085214308e-18,1.1139765847026388e-10,6.484443209660989e-07,8.630709639067088e-18,4.0677709277408484e-10,5.0255577819648953e-14,1.0964669240060297e-07,4.756710798160417e-05,2.113873747798709e-07,2.9863320530342586e-15,2.2559351355821172e-10,2.0814620443583054e-05,2.008715339318659e-08,8.380034090828271e-11,2.542727178018422e-13,1.342947566485344e-07,2.1317312125863098e-10,5.632707332156263e-16,3.672104860031025e-06,1.1138460730385713e-12,7.287150294220301e-14,8.657429119120931e-18,1.0498581330971735e-06,2.1930871836020655e-06,2.971897806700084e-09,5.587059466265761e-09,1.959363277864388e-19,1.3540652340925e-18,4.2744697344835976e-17,5.224429018081224e-10,1.5332645392331282e-10,2.5174883951476447e-10,4.923150655853575e-08,1.9161595021207605e-14,1.5477652956210665e-12,1.7200320852594825e-08,6.520928873626772e-22,7.060928281096706e-09,5.1681194421203904e-05,5.032099305995951e-07,1.3578610830791412e-15,6.223159668133434e-13,5.786922621667969e-10,5.023144042398622e-13,1.757739083799175e-16,2.447387262091309e-11,2.323501963413884e-09,7.618926397349964e-17,6.986214393429089e-10,2.913650875125566e-17,2.543430514841194e-12,5.362161997428595e-21,6.362235188886738e-11,2.399712611890551e-07,7.493442687104978e-07,8.89022578759636e-21,8.059826154686422e-09,7.63843579464863e-25,5.108440438722641e-11,1.0712454340573065e-13,2.925864460214832e-10,8.895852683676169e-11,3.2803802755704055e-10,6.26786524752044e-05,8.700027481484377e-16,2.352123405585187e-09,3.9904958304264577e-11,9.955565327380216e-20,1.508829463257183e-06,6.326068848952171e-15,1.9129548820713865e-17,1.1195598098306902e-12,2.4497651119518326e-11,8.96513973568494e-16,2.7567274251039657e-09,3.519152309709665e-08,4.299854191978934e-14,1.095376721490583e-14,1.1369167874589416e-10,2.0892400920550842e-09,9.615999311613082e-07,3.2263080183454664e-12,2.08207137821189e-05,3.880687007785007e-09,9.717035663349269e-17,6.759605748229212e-13,0.0012197421610416052,1.026606236810859e-06,1.3529270405347144e-17,3.3660724669466457e-12,1.4557160310663176e-09,3.7302181416770947e-10,4.102725377313565e-07,2.7815019022199085e-12,7.402645967167891e-14,1.372158834772895e-14,1.9710247862161915e-09,4.173786581946975e-18,2.4423923098580383e-13,5.695489516677509e-12,8.404676755555725e-19,2.201574920333736e-06,1.1270640539062133e-13,1.1739134801195382e-15,3.3768434992376323e-09,1.4578870495897124e-12,1.496136857459043e-07,4.795924405855898e-06,2.029556774818527e-11,6.47380177698145e-11,3.708714777645458e-07,1.986337071342504e-05,1.6389935129923684e-10,1.3197360153727527e-15,8.278291394341327e-17,4.403902247394562e-09,1.7107865336216726e-15,0.0038853213834185055,5.335431102300082e-11,1.822960249861732e-08,9.62247443179773e-13,1.9219474963500047e-13,3.3426086264542224e-10,1.1798001309067955e-14,2.910374914315656e-11,3.3031011598166814e-10,5.034578718579105e-10,1.9911082003276437e-14,5.4938606193403945e-14,2.6514873194729894e-14,7.046426594341859e-15,1.2791005603675917e-14,1.5818327196147172e-14,2.9303124662870873e-08,3.6049002551371096e-09,6.105230493783521e-07,3.4569128497403336e-12,9.282169966208893e-11,4.428492264011872e-20,1.560618002874458e-15,0.00013475435849254292,2.215128532522338e-16,1.2129683659821252e-13,8.848099221323423e-10,2.7318250087220997e-05,2.8275039761019266e-07,1.0005026521702578e-17,5.019685685606133e-13,9.236867285339668e-17,6.376482526497417e-09,1.0238577081029489e-18,2.1428900312857858e-16
93.46733668341707,4.103782810327858e-13,4.454140350960724e-11,1.3471777381744173e-10,1.5341864700785162e-07,0.0005454409160607463,6.461074410332393e-18,1.4805856497900292e-13,5.199225752044678e-15,4.696691720750312e-17,2.9869820256345654e-16,2.4369989194732373e-07,1.1619116248652757e-05,4.403992239625677e-10,1.9700306568184773e-05,8.364863548758236e-11,2.154628995750376e-29,4.1535308153457363e-11,7.8735535673553e-11,4.1281634647013345e-07,7.351533740251724e-15,6.917530575992346e-08,2.3179534790179005e-05,1.7955437043704532e-07,6.855697813916144e-10,6.565605681838383e-10,3.558493199833242e-11,9.293843382655097e-08,3.654751622675662e-11,1.472661452798158e-12,2.6737507339116694e-08,0.00010088405320306006,4.831647140055508e-19,1.5863824316874605e-12,3.8711638872192927e-07,1.7380674109213136e-18,4.636684169909157e-19,2.941705873412455e-11,1.0936982462565292e-13,1.2706172564602187e-05,1.0279584459226142e-13,2.4362055193096988e-11,1.9503805117430213e-05,2.1945865596277826e-14,2.2298258450667912e-17,5.840660519916958e-08,9.676696356734557e-09,4.308832487500529e-13,4.068799830180174e-17,2.2877907475162785e-18,1.1443276551113749e-10,5.840868400741947e-07,6.293666210870061e-18,3.2160593274893413e-10,4.468321007073552e-14,8.919950468460713e-08,4.4531255649488854e-05,1.7628496822616217e-07,2.5321832681036366e-15,2.000449012956666e-10,2.209094612635309e-05,1.7154739326865514e-08,6.608800675853394e-11,1.9112948270169384e-13,1.1721764780495468e-07,2.046541349301082e-10,4.2143734490633705e-16,2.9502249226459403e-06,1.045513917299707e-12,5.751384348336737e-14,6.7422947675641974e-18,9.678450928254956e-07,2.038624863545732e-06,2.5019712801086768e-09,4.439570490125368e-09,1.304786303589488e-19,1.0151689384318778e-18,3.3486737002733275e-17,4.631000916358236e-10,1.4552262885453475e-10,2.1440991002911097e-10,4.471913467914811e-08,1.8006607283382168e-14,1.1000805308896817e-12,1.5175906719688935e-08,5.218161236842806e-22,5.94291227674437e-09,5.33938312549264e-05,4.1553279845295415e-07,1.094815092078496e-15,5.820419616236998e-13,5.062613831630597e-10,3.7294707143959196e-13,1.4832380832629821e-16,2.1551667923734448e-11,1.919511937920184e-09,5.508619859573905e-17,5.49678143705454e-10,1.994051038692059e-17,1.9599966646710775e-12,3.960003605455172e-21,5.394699550002982e-11,1.9672571473078403e-07,7.902604533832156e-07,6.477636432058944e-21,6.54849105787645e-09,6.058904908477608e-25,4.8816338168503417e-11,8.973405326106304e-14,2.4911248169705374e-10,8.135208534080475e-11,3.105373438974444e-10,5.425489277878821e-05,6.138860715319645e-16,2.254492933722628e-09,3.6183246253493884e-11,6.221109749019967e-20,1.3428566734259017e-06,5.744613400934649e-15,1.2801564902098863e-17,8.240203070995137e-13,1.887937292209597e-11,7.895378806781041e-16,2.4557827853978303e-09,3.509265580161926e-08,3.5737028465407505e-14,1.036268043557716e-14,1.0746458390725268e-10,1.8787412409185822e-09,8.545741439284674e-07,2.6847232032996377e-12,2.0601868403746168e-05,3.826911665817155e-09,8.115766415714946e-17,5.779059197516627e-13,0.0011429182926438652,8.998505785377135e-07,6.552138948806776e-18,2.5175320571551414e-12,1.2723170913346097e-09,3.067702348767314e-10,3.969223520401099e-07,2.8040664268626824e-12,6.180113979364215e-14,9.686149837515527e-15,1.7563185806725415e-09,3.3335805897522115e-18,2.454565166207209e-13,5.429552734248341e-12,7.304464345020308e-19,1.8356861253329365e-06,8.334399829551787e-14,8.644731844668568e-16,2.4366509720226008e-09,1.2407934565087126e-12,1.3644375282967663e-07,4.294180989939011e-06,1.9444394191978196e-11,5.6249302629938184e-11,3.3201731744862813e-07,1.9654467897256468e-05,1.7953476669077023e-10,1.0465564190087924e-15,6.506569769528702e-17,3.2868031029251568e-09,1.1522133598640702e-15,0.003809274953378797,4.1610532769413416e-11,1.8294936651644997e-08,6.970203410784452e-13,1.4593201316875196e-13,2.984649552164182e-10,8.755620573406814e-15,2.5789183552087808e-11,3.175225139484572e-10,3.5026484643157363e-10,1.3708363287801253e-14,3.8378432589746065e-14,2.4071693820102413e-14,5.778213104907089e-15,9.430671683241208e-15,1.4725132221842703e-14,2.5495181058646913e-08,3.0120868503876176e-09,5.87151833495553e-07,2.49247123191307e-12,8.133924618751941e-11,3.606040588170768e-20,1.1946786779327383e-15,0.0001379249893343766,1.5568232144689527e-16,1.1057710421186311e-13,8.24804984846286e-10,2.381742265099951e-05,3.044906590568398e-07,6.5625108631969894e-18,4.230288314029022e-13,7.216568307986363e-17,5.353761912706419e-09,8.1469750473424025e-19,1.868687929111442e-16
93.71859296482413,3.5220505100750184e-13,4.379714165977944e-11,1.3221929511439546e-10,1.3269810218352696e-07,0.0005245371812906634,4.766206901068188e-18,1.2300566842236551e-13,4.297543514798309e-15,2.8129716482457485e-17,2.6539496191269557e-16,2.4881809742956837e-07,1.1518033011833747e-05,3.7996560779328465e-10,1.4620577932012445e-05,6.144313343196925e-11,1.7348225220825595e-29,3.8016493200243915e-11,5.788441417199437e-11,3.8119204514132114e-07,5.6170740628421945e-15,5.426738498945859e-08,2.368447786148349e-05,1.5575048179743848e-07,6.400275352991339e-10,5.622559616906027e-10,2.7141324663903194e-11,7.559592045591291e-08,3.015720885884873e-11,1.1870268240150133e-12,2.335025205283799e-08,9.066235817560912e-05,3.998164694629995e-19,1.1469328529737025e-12,3.6381130010752875e-07,1.3567480161930013e-18,3.072550635643918e-19,2.6943351975720258e-11,1.0242102437885862e-13,1.2479529761119767e-05,9.754728353576298e-14,1.854285589813804e-11,1.935604976261489e-05,1.7910312331023236e-14,1.6992853890913306e-17,4.9701209739463396e-08,8.487350356941137e-09,3.9132022029158897e-13,3.542325605082733e-17,1.881029748935575e-18,1.1835897877983888e-10,5.2758313870799e-07,4.6394577494637364e-18,2.555958276997956e-10,4.012575442003498e-14,7.263535699253399e-08,4.171879803975481e-05,1.46839962446075e-07,2.167587650381704e-15,1.7870486282253505e-10,2.3543812669450687e-05,1.4750095738022097e-08,5.236413691458576e-11,1.447451728312244e-13,1.0262793382650642e-07,1.9681065181583768e-10,3.1781998323843697e-16,2.3683866549248902e-06,9.864933344956488e-13,4.581904784768469e-14,5.300486141171264e-18,8.933099592357401e-07,1.9036986878755812e-06,2.112720419208299e-09,3.5581275278801168e-09,8.766939797870746e-20,7.7128754576790255e-19,2.636353361836999e-17,4.113088427775579e-10,1.3853824179996206e-10,1.8296396958584546e-10,4.056843864192643e-08,1.7027195971704993e-14,7.823803233721873e-13,1.342581922000129e-08,4.215666563023809e-22,5.017218849736396e-09,5.5226500710795874e-05,3.430550209538787e-07,8.901763038473266e-16,5.458024245685793e-13,4.4458841788280615e-10,2.773595865698049e-13,1.256224119881403e-16,1.9091014912847184e-11,1.5895159232707699e-09,4.033818031994876e-17,4.3395505530199626e-10,1.3701371491270757e-17,1.5078036089491826e-12,2.9569104137038515e-21,4.580263085714687e-11,1.6212752143815775e-07,8.327398744122365e-07,4.780666221870985e-21,5.3183995274638695e-09,4.869039937834598e-25,4.678578620691311e-11,7.539458761150814e-14,2.1358141198859113e-10,7.469288689416355e-11,2.945599585092381e-10,4.6893623118410575e-05,4.358975031340028e-16,2.1705531865939515e-09,3.30205009866863e-11,3.914137485333162e-20,1.2013899416232543e-06,5.2672314211278044e-15,8.58476776606485e-18,6.088801983173015e-13,1.4627847817308832e-11,6.988673921747473e-16,2.189101686061059e-09,3.5038515994843354e-08,2.969444643662353e-14,9.917330970147952e-15,1.0198283886269074e-10,1.7007021786112104e-09,7.607863653967324e-07,2.2367340213128963e-12,2.0466464238898412e-05,3.7814523902535306e-09,6.802016403171173e-17,4.978574280853983e-13,0.0010744015214398943,7.910217054546805e-07,3.1964923067732826e-18,1.904212117634131e-12,1.1150792170578427e-09,2.5416871081806467e-10,3.83991084804015e-07,2.8373407844583084e-12,5.2165817120784534e-14,6.9218660292921225e-15,1.5647603408254085e-09,2.677053907178293e-18,2.477521126801487e-13,5.231426158205113e-12,6.425234895533779e-19,1.5287695137605688e-06,6.174536377664042e-14,6.42296082827472e-16,1.7616169432073905e-09,1.0582964318354464e-12,1.2497629539199976e-07,3.852001814127773e-06,1.8582969743442e-11,4.919856144099502e-11,2.9627410717727247e-07,1.95061702241828e-05,1.9697188230433643e-10,8.385483794107309e-16,5.183190495111435e-17,2.4547106439964843e-09,7.806359172584205e-16,0.003739595679997317,3.238110013177237e-11,1.846452040108654e-08,5.08725423455278e-13,1.1117742245524972e-13,2.677109298911449e-10,6.518390342146804e-15,2.2867485506934197e-11,3.0831386688488493e-10,2.4372118895767916e-10,9.478743561611805e-15,2.6997919474648602e-14,2.1972422378021416e-14,4.773533213400484e-15,6.987442358255486e-15,1.3717372523695965e-14,2.2290389302522815e-08,2.520480408550167e-09,5.64160351023842e-07,1.811337357364955e-12,7.159556275560899e-11,2.9794110276830305e-20,9.184799983608217e-16,0.0001411527551142132,1.0940882625136001e-16,1.0158068816160566e-13,7.732536146971988e-10,2.074380349397812e-05,3.2791165601538667e-07,4.319839269988896e-18,3.5924019084486485e-13,5.68956557945336e-17,4.497149105843058e-09,6.536126699676483e-19,1.6436382119122656e-16
93.96984924623115,3.0454681164983254e-13,4.3230768890967437e-11,1.3031939325641118e-10,1.1493542805697868e-07,0.0005042717233215202,3.560066180468704e-18,1.0304013464291954e-13,3.57265387373872e-15,1.7047258930664023e-17,2.371466461889035e-16,2.5451276112315153e-07,1.1442780897505398e-05,3.301458109689838e-10,1.0820708380183652e-05,4.52303217762539e-11,1.4251450307667847e-29,3.4852960664427344e-11,4.253688460827699e-11,3.5279161807625606e-07,4.315479726621927e-15,4.25145033807292e-08,2.4245782196797712e-05,1.3554766000260338e-07,5.99732740235678e-10,4.847235984089459e-10,2.0661160532523266e-11,6.174881383838799e-08,2.4909690776225372e-11,9.602459052432801e-13,2.0422638746328122e-08,8.154769883087713e-05,3.3407006791775466e-19,8.321306212837423e-13,3.4152214279808275e-07,1.0749487047148797e-18,2.057110010758816e-19,2.4849318862591097e-11,9.61278866704208e-14,1.2218660694973104e-05,9.336162823276119e-14,1.421628942478518e-11,1.9255233891887287e-05,1.4715743990809485e-14,1.3047002661386005e-17,4.2312951873423844e-08,7.49670817926753e-09,3.582038926727392e-13,3.1116253269335634e-17,1.5630361544881581e-18,1.2323905459802686e-10,4.779288460039552e-07,3.4568394564826587e-18,2.0422794571677384e-10,3.6375780164676956e-14,5.9207397715155436e-08,3.911217995546133e-05,1.2216861003036873e-07,1.872492328378584e-15,1.6082351414975192e-10,2.518578999711546e-05,1.2768338417597714e-08,4.169037100134351e-11,1.1041164975774662e-13,9.014494158355123e-08,1.8954005298778577e-10,2.415335864999311e-16,1.9001893617649507e-06,9.356671303448721e-13,3.683946649913578e-14,4.2052533303358485e-18,8.255393499810798e-07,1.7858160468257274e-06,1.7897772556379915e-09,2.8765935574961996e-09,5.94273037979855e-20,5.936947216594884e-19,2.0858987727402732e-17,3.6599221675471714e-10,1.322871629385086e-10,1.564255964261851e-10,3.6756079738073663e-08,1.6194948412723144e-14,5.568537608826892e-13,1.190815475903013e-08,3.438348546489909e-22,4.2484882286069855e-09,5.7173868046639834e-05,2.8320397628757173e-07,7.298634190150935e-16,5.129522334207357e-13,3.9193679439406883e-10,2.0664022262366108e-13,1.0677177336702241e-16,1.7013694650898922e-11,1.319471667423136e-09,2.991944339594377e-17,3.437649200918095e-10,9.454112131555894e-18,1.1579541795543087e-12,2.232704096622975e-21,3.892416792959969e-11,1.3429535422966966e-07,8.765836774145888e-07,3.572813320960073e-21,4.318317428377801e-09,3.9621191074087523e-25,4.4953140787589603e-11,6.352584211509946e-14,1.8435975260964037e-10,6.88513883718597e-11,2.7994674896173106e-10,4.04740739305829e-05,3.1151257102017976e-16,2.098335921005e-09,3.03346149522556e-11,2.4798516635236587e-20,1.0805553200477716e-06,4.875624483671037e-15,5.771156860919116e-18,4.5170694931241945e-13,1.13933039440416e-11,6.216775339872354e-16,1.9522971576803214e-09,3.5024026730039716e-08,2.4665871471197798e-14,9.597428098483068e-15,9.715440302760179e-11,1.5496747370611418e-09,6.78458027288724e-07,1.8658387199686094e-12,2.040962877818758e-05,3.743288011984217e-09,5.721265971234715e-17,4.3212231042639977e-13,0.0010133620327920122,6.973259460844133e-07,1.571829015033463e-18,1.4569436222119893e-12,9.797177989006814e-10,2.1215288131388233e-10,3.7140519368050907e-07,2.8808562714746263e-12,4.452056137689021e-14,5.009386659548076e-15,1.3941703363004517e-09,2.161206898971859e-18,2.510713472392407e-13,5.091800392853507e-12,5.71925336875574e-19,1.2717232921515596e-06,4.582643373004135e-14,4.814020599929616e-16,1.2765511977842237e-09,9.047707003163446e-13,1.1494861379344639e-07,3.4618018715546873e-06,1.7713813454232973e-11,4.3314552277759444e-11,2.6353040345028257e-07,1.941062729009884e-05,2.163709554036017e-10,6.787906654847076e-16,4.1849054063074934e-17,1.835157777016478e-09,5.320191874082722e-16,0.0036756780107118896,2.514699907882095e-11,1.873582071539346e-08,3.7412460488594555e-13,8.4990035065925e-14,2.4118585496572915e-10,4.869123542379239e-15,2.0286797309034972e-11,3.0233015682236465e-10,1.6963806486217727e-10,6.582529469047207e-15,1.9130571263322377e-14,2.0161179001512456e-14,3.972677334206057e-15,5.2027898929216784e-15,1.2787448138784965e-14,1.9582933726881376e-08,2.1119206879443555e-09,5.41486744014223e-07,1.326856796673023e-12,6.329851395045789e-11,2.4971736109714906e-20,7.091313765522979e-16,0.00014442250761095333,7.68899495690548e-17,9.39696272297241e-14,7.290478117063317e-10,1.8049589472461396e-05,3.530199391882333e-07,2.8539726191688728e-18,3.0736752164292925e-13,4.525778445890549e-17,3.7800996938690855e-09,5.28595090712767e-19,1.4579873229182903e-16
94.22110552763819,2.6524752990788627e-13,4.2827801861400376e-11,1.2895349458461927e-10,9.967703997851171e-08,0.00048459284052790986,2.692617851249109e-18,8.703127663264294e-14,2.986540070817804e-15,1.0456432917286746e-17,2.1311122540493623e-16,2.6080198202946075e-07,1.1391002354089742e-05,2.8884562871802604e-10,7.987375735763734e-06,3.337450401375243e-11,1.1941913465881737e-29,3.199886961308476e-11,3.125226529239346e-11,3.272693366129687e-07,3.3339380975447216e-15,3.3264982266844735e-08,2.4864878660645478e-05,1.1837303575409038e-07,5.640651908824276e-10,4.2057875194409134e-10,1.570029194222643e-11,5.06540128338291e-08,2.0595283915413273e-11,7.796314615213621e-13,1.7885870519054984e-08,7.342245571792001e-05,2.8170398502432436e-19,6.058138048296876e-13,3.2021407811653014e-07,8.643849397789494e-19,1.3915479604411375e-19,2.3075743542341154e-11,9.043108777579144e-14,1.192690149800681e-05,9.008201099411409e-14,1.0980720295137544e-11,1.9201056037320256e-05,1.2170915426886168e-14,1.0094079934687192e-17,3.604849728832521e-08,6.667574075675887e-09,3.304192836775948e-13,2.757556370018951e-17,1.3125460823094274e-18,1.2915475324700416e-10,4.3425697413385805e-07,2.6030004282686553e-18,1.640865607635618e-10,3.327334790658279e-14,4.831374169716355e-08,3.669557925849395e-05,1.0152259608297932e-07,1.6317531883142003e-15,1.4580256357049152e-10,2.703062293275804e-05,1.1127060291154142e-08,3.3356244668819306e-11,8.480912976000887e-14,7.944707718520907e-08,1.8275600249309565e-10,1.849391827978585e-16,1.5239890577894753e-06,8.920996287085937e-13,2.988762942406858e-14,3.3659487526840103e-18,7.638970235726216e-07,1.6828649503548258e-06,1.5213811749839987e-09,2.3461480926273963e-09,4.063475276434603e-20,4.62867487351082e-19,1.6586819577823305e-17,3.262454024762292e-10,1.2669442476725174e-10,1.3398546423180887e-10,3.325983700619766e-08,1.5486948248731683e-14,3.966902515971021e-13,1.058811274996674e-08,2.8311221124069096e-22,3.60821688742255e-09,5.9229955368579866e-05,2.3382649016577236e-07,6.034129527827081e-16,4.829553796456972e-13,3.468694589278824e-10,1.5425009264212509e-13,9.105911345555836e-17,1.5255807883924576e-11,1.0980910786404428e-09,2.2479317244293597e-17,2.7325798689461244e-10,6.5525383469223226e-18,8.877909995185935e-13,1.7050337997165587e-21,3.309818952611281e-11,1.1178360227186022e-07,9.215694257951811e-07,2.703113195331681e-21,3.506048562211397e-09,3.263042037412932e-25,4.328466338010727e-11,5.3667083635022125e-14,1.6017809277697795e-10,6.371853660404538e-11,2.665586932588688e-10,3.4887011329406976e-05,2.2408675060410584e-16,2.036184133155757e-09,2.805742725538632e-11,1.5822514716810794e-20,9.771309131517677e-07,4.555408002960765e-15,3.890738180768913e-18,3.3646692635416547e-13,8.919412975772375e-12,5.556807291644313e-16,1.7416438936005383e-09,3.504483732371771e-08,2.0481673700613743e-14,9.387785499184535e-15,9.290004206654195e-11,1.4212433766793536e-09,6.060722819958153e-07,1.5585059977246694e-12,2.0427271256409708e-05,3.7115049494141826e-09,4.8298470821672325e-17,3.7782998158062653e-13,0.0009590556436809431,6.164403948060717e-07,7.795214674771847e-19,1.1278220839736133e-12,8.627312996984787e-10,1.7839100460062365e-10,3.591029281483198e-07,2.9342378846976722e-12,3.8416490585617074e-14,3.6726384510028354e-15,1.2424995186698925e-09,1.753723955644077e-18,2.553704315372956e-13,5.0035686231618575e-12,5.150362277695911e-19,1.0567726933424454e-06,3.407152275825346e-14,3.6390736350880973e-16,9.275762968071656e-10,7.755021962465696e-13,1.0614268846453183e-07,3.117027228580647e-06,1.6840171396515798e-11,3.838245674720529e-11,2.3366216174123638e-07,1.9360808228975284e-05,2.3790220200663595e-10,5.550433000899457e-16,3.424579171656671e-17,1.3738920904639653e-09,3.6471620948751916e-16,0.0036169302214408465,1.9491712677720774e-11,1.9107814923662478e-08,2.772413372883466e-13,6.519767963670525e-14,2.182198537990989e-10,3.6500920837309095e-15,1.800329574053092e-11,2.99318395995598e-10,1.1812964973947952e-10,4.5910386033111955e-15,1.365840918850989e-14,1.859268328296951e-14,3.3303546818368304e-15,3.893062155412709e-15,1.1928711751297603e-14,1.728742642640637e-08,1.7716666390585554e-09,5.190841787515783e-07,9.797734579430892e-13,5.620962499235071e-11,2.1225795536779567e-20,5.497826082477435e-16,0.00014772053783603672,5.404185741416895e-17,8.747722650913249e-14,6.912655593096592e-10,1.5691644381176642e-05,3.798029594247459e-07,1.8925752221730394e-18,2.649222676739374e-13,3.631607672231384e-17,3.180143603454756e-09,4.308436809677437e-19,1.3041386344032304e-16
94.47236180904522,2.3263705701428553e-13,4.257626309301071e-11,1.280669105781588e-10,8.654511692687093e-08,0.0004654613929973466,2.062174271580537e-18,7.411733825628632e-14,2.510004978621495e-15,6.4932869823262094e-18,1.92601593554132e-16,2.677050859010572e-07,1.1360431065840358e-05,2.544168224415304e-10,5.881244397436379e-06,2.4689696832429442e-11,1.0204122467589874e-29,2.941594542382188e-11,2.296197251946836e-11,3.043182465383838e-07,2.590088686268427e-15,2.5997671655216367e-08,2.554343837028667e-05,1.0374622994212611e-07,5.324959503503525e-10,3.6717879852563405e-10,1.191159336588261e-11,4.173239787600848e-08,1.7044248454079947e-11,6.353312711322181e-13,1.5682578952684396e-08,6.618109993239769e-05,2.3960598810905745e-19,4.425419155721582e-13,2.9985888485085954e-07,7.053727442802533e-19,9.510985743993931e-20,2.1574285646504868e-11,8.527824303105815e-14,1.1607813981315503e-05,8.758571402484761e-14,8.546504742070515e-12,1.919374159961858e-05,1.0130935616698715e-14,7.870437222983614e-18,3.0740610341702466e-08,5.970453627409852e-09,3.07078194877108e-13,2.4652324914165226e-17,1.1138125567153018e-18,1.3620842260975112e-10,3.9581837843234457e-07,1.9805213184003e-18,1.325825700061859e-10,3.0694121565875804e-14,3.946920381764522e-08,3.445465743089302e-05,8.426801164260697e-08,1.4338449169547178e-15,1.3316240273966099e-10,2.9093136040258307e-05,9.761251408193707e-09,2.682253582243089e-11,6.557962991225195e-14,7.026283172074282e-08,1.7638586193684205e-10,1.4263786988809776e-16,1.22209621648163e-06,8.550078141634919e-13,2.4461469939220562e-14,2.7172165642623817e-18,7.078145128701763e-07,1.5930534901644615e-06,1.2979011591374814e-09,1.930573791157082e-09,2.802371845492632e-20,3.6539527310037163e-19,1.3256746949669361e-17,2.9130547600568955e-10,1.2169464251206962e-10,1.1497654715288432e-10,3.005851492346621e-08,1.4884613983428668e-14,2.828836395039906e-13,9.436692949179656e-09,2.353306345347431e-22,3.0733748919821164e-09,6.138813203227048e-05,1.931235591193918e-07,5.030005910106884e-16,4.553655747614808e-13,3.081943898117478e-10,1.153848763983176e-13,7.791560225095989e-17,1.3765041767992041e-11,9.162813415716844e-10,1.710891431800897e-17,2.1796955312060786e-10,4.562848133629341e-18,6.795640243445672e-13,1.317032824655859e-21,2.815179998366259e-11,9.347683585865278e-08,9.674534093004815e-07,2.069820815372462e-21,2.846902035254009e-09,2.7183590415267375e-25,4.175149460669929e-11,4.5450684373312837e-14,1.4004492110421802e-10,5.920217065261349e-11,2.5427342722134033e-10,3.0033953914565504e-05,1.6227445392916383e-16,1.982695473013956e-09,2.6132388636424217e-11,1.016738158397821e-20,8.884344152449384e-07,4.295240918919777e-15,2.631515188150814e-18,2.516639844346438e-13,7.017389447940701e-12,4.990167791832979e-16,1.5539644478601496e-09,3.5097242938820175e-08,1.7001063566371732e-14,9.277255450514635e-15,8.915137736890097e-11,1.311815037842991e-09,5.423317474303952e-07,1.303625932039272e-12,2.0515983053931582e-05,3.6852815082794377e-09,4.092676922689446e-17,3.3273760714780165e-13,0.0009108160292001082,5.464292529978823e-07,3.9010534368733827e-19,8.83439672528704e-13,7.612474411907052e-10,1.5110019628002603e-10,3.4703366557706535e-07,2.997187266624656e-12,3.351559800502386e-14,2.728500443946217e-15,1.107838162093293e-09,1.43017702552215e-18,2.6061458010029883e-13,4.9613497329753955e-12,4.690992734798683e-19,8.772892114975829e-07,2.5375689935512673e-14,2.774004123112485e-16,6.761198014040827e-10,6.665436857815781e-13,9.83769564445813e-08,2.812004741245498e-06,1.5965847358486297e-11,3.423123111702686e-11,2.0653346196648888e-07,1.935037855400357e-05,2.6174540431124936e-10,4.583867852389504e-16,2.840082131679904e-17,1.0303875370852256e-09,2.514888939003746e-16,0.00356277261294954,1.508193400541166e-11,1.9580849535711506e-08,2.0702429385430573e-13,5.0192181261525266e-14,1.9825944557612337e-10,2.7465509630814132e-15,1.597979135795922e-11,2.9911140515255244e-10,8.231437135349143e-11,3.2158976611519902e-15,9.828008965361892e-15,1.7230045095998965e-14,2.8120353591106795e-15,2.927304004359567e-15,1.1135312845709218e-14,1.533465149316594e-08,1.4877308249143658e-09,4.969200255013793e-07,7.293219389608268e-13,5.013349074053548e-11,1.8291118050654724e-20,4.279832190347475e-16,0.00015103475869044118,3.79910347611385e-17,8.189113922236332e-14,6.591388460377455e-10,1.3631138406955438e-05,4.0822594039851676e-07,1.259829938256311e-18,2.299789863987331e-13,2.9391643930502624e-17,2.6783022673637577e-09,3.5385811051605833e-19,1.1761423186169382e-16
94.72361809045225,2.054132302527568e-13,4.2466253604723135e-11,1.2761317383733868e-10,7.522377841106232e-08,0.0004468488426089239,1.599194453527587e-18,6.363814593332054e-14,2.120493583543327e-15,4.0831871548300474e-18,1.7505525884574476e-16,2.75242237258962e-07,1.134886369134531e-05,2.2555654219209657e-10,4.320287912315589e-06,1.8315538915839343e-11,8.888458165465649e-30,2.707211557210501e-11,1.6875239548629863e-11,2.8366572931867366e-07,2.023558974493176e-15,2.0296764708896337e-08,2.628336387975811e-05,9.12646424637622e-08,5.045732106899248e-10,3.224493057859637e-10,9.024637963766347e-12,3.4531755014649216e-08,1.4118762823467208e-11,5.19675547540927e-13,1.3764772981988605e-08,5.972897614585529e-05,2.054596337029455e-19,3.2435035611583703e-13,2.804335509324822e-07,5.840769289905156e-19,6.568037496148079e-20,2.0305401385180226e-11,8.062293682507641e-14,1.1265104530159381e-05,8.577701419100241e-14,6.703902283254028e-12,1.923398920722496e-05,8.485470494470767e-15,6.185474076994408e-18,2.6245245311178596e-08,5.3818432125561164e-09,2.8746946220002836e-13,2.2230137300841168e-17,9.550863003226616e-19,1.4452505606305523e-10,3.6196512411318197e-07,1.5223522937436837e-18,1.0774774217885742e-10,2.854065735602782e-14,3.228252366818759e-08,3.237635232364357e-05,6.98677959483811e-08,1.2699300063539016e-15,1.2251689885483725e-10,3.138912776347667e-05,8.61941377042569e-09,2.1678938563857546e-11,5.1036096310195814e-14,6.236308157364285e-08,1.70368524251448e-10,1.1078694582806341e-16,9.800965577129549e-07,8.237378248478414e-13,2.0191835216953616e-14,2.2115581161307244e-18,6.567828881041511e-07,1.5148597425911949e-06,1.111446322264179e-09,1.602864896756416e-09,1.9489995920718547e-20,2.919691692110085e-19,1.064976529351263e-17,2.6052683741598565e-10,1.1723069446912273e-10,9.884725392057753e-11,2.7131879892674145e-08,1.4372805108336312e-14,2.0196224432775167e-13,8.429645258299939e-09,1.9746564617641314e-22,2.6253094332604185e-09,6.364112737036531e-05,1.5959479651870556e-07,4.2273912263960353e-16,4.298109333028982e-13,2.749205006527113e-10,8.651048163589325e-14,6.688488604532578e-17,1.2498482429573856e-11,7.667034605325809e-10,1.3190967893090136e-17,1.7448202627630058e-10,3.193060152119776e-18,5.193846194487843e-13,1.0291274553276645e-21,2.3944043085298074e-11,7.851067478371802e-08,1.0139737771344004e-06,1.6036131470995266e-21,2.3124095201017215e-09,2.289611118305807e-25,4.032887985692867e-11,3.8581879758186914e-14,1.231818239540454e-10,5.522411043591238e-11,2.4298248545270957e-10,2.5826404428819643e-05,1.1830698800907107e-16,1.936676901855973e-09,2.451265054192991e-11,6.5801621180991304e-21,8.122302368958357e-07,4.086165842537708e-15,1.786315321760925e-18,1.8902900240509933e-13,5.5475028066965335e-12,4.501668379915079e-16,1.3865365666570367e-09,3.517811926254528e-08,1.410693274326353e-14,9.257938877327212e-15,8.584926337186231e-11,1.2184546140699022e-09,4.861236574980175e-07,1.0920660215824233e-12,2.0672946729519115e-05,3.6638747098569298e-09,3.481489406422923e-17,2.950839055636241e-13,0.0008680473396369051,4.85675508880214e-07,1.9710402687183286e-19,7.003324134274318e-13,6.729012809646457e-10,1.289105329245598e-10,3.351573380227677e-07,3.0694682845255022e-12,2.9561788132921954e-14,2.054554562298459e-15,9.884200863153976e-10,1.1719953335617612e-18,2.667764665938278e-13,4.961127108137924e-12,4.319992876469339e-19,7.276329573550755e-07,1.893160033422358e-14,2.1319772718524604e-16,4.94582623104029e-10,5.745926157531677e-13,9.149969890276373e-08,2.541815611613064e-06,1.5095030360949962e-11,3.0723977023673496e-11,1.8199804313438134e-07,1.9373601826914522e-05,2.8808930279539853e-10,3.8227320689943503e-16,2.386738275657939e-17,7.744301798441001e-10,1.7442407344292602e-16,0.003512636555938515,1.1651761370822941e-11,2.015653647059765e-08,1.5578215350935838e-13,3.8779974017681514e-14,1.8084609107692027e-10,2.0748762448375548e-15,1.418457943221032e-11,3.0161682209446235e-10,5.740546600113052e-11,2.262364289189107e-15,7.129210630376972e-15,1.6043057340882387e-14,2.3912580526197003e-15,2.21177204640244e-15,1.0402068773397876e-14,1.3668255938366224e-08,1.2503450824872415e-09,4.749750307256875e-07,5.472854915166534e-13,4.490940626793061e-11,1.5974534051284467e-20,3.3449849101543087e-16,0.0001543548571568409,2.6716258422335753e-17,7.704081188965773e-14,6.320278061235682e-10,1.1833203434301407e-05,4.382288324500465e-07,8.418964513023619e-19,2.0103938665404742e-13,2.398822770362353e-17,2.2585796535106386e-09,2.9280137186327174e-19,1.0693134581372822e-16
94.9748743718593,1.8255434116499624e-13,4.248960074545678e-11,1.2755270883917044e-10,6.544798297811052e-08,0.0004287353717094505,1.2556922570032018e-18,5.5085340012539305e-14,1.8004817754369872e-15,2.6006356330599536e-18,1.600104019272976e-16,2.8343402882758697e-07,1.1354135316009606e-05,2.012304550343892e-10,3.1666411606383136e-06,1.362744216048737e-11,7.889947341193312e-30,2.494039055143075e-11,1.2408114603142052e-11,2.6506963132689676e-07,1.5899127371200928e-15,1.5831265954364657e-08,2.708678143134437e-05,8.059096474461904e-08,4.799105858673044e-10,2.8475313397495797e-10,6.829435278600853e-12,2.869819129525667e-08,1.1706620793078986e-11,4.2667851270884216e-13,1.2092171598967694e-08,5.3981221125701493e-05,1.7752490551585144e-19,2.3850681273174667e-13,2.6191897354806185e-07,4.906781002989218e-19,4.582666498836875e-20,1.9236694690389474e-11,7.642394143382005e-14,1.090254536593932e-05,8.458176767842593e-14,5.3003739990767984e-12,1.9322925297516158e-05,7.150068468186614e-15,4.900670305663276e-18,2.24388107550031e-08,4.882922703284591e-09,2.7102091863242223e-13,2.0217517575237756e-17,8.2753745482048835e-19,1.5425483629012583e-10,3.3213631489672507e-07,1.181937602127723e-18,8.808131829289514e-11,2.6735971456384244e-14,2.643803425176599e-08,3.0448706255157144e-05,5.7867020839189526e-08,1.1331819490587488e-15,1.1355398120078451e-10,3.3935251982825e-05,7.66058151545498e-09,1.7612395121098344e-11,3.996276362689036e-14,5.5554517198263194e-08,1.6465258712887704e-10,8.663208845495051e-17,7.862784767112096e-07,7.977457443693376e-13,1.6805442640510484e-14,1.8141803432320522e-18,6.103455331803219e-07,1.4469902361940025e-06,9.555481786107243e-10,1.3427783939998187e-09,1.3667681879033972e-20,2.360606918608002e-19,8.600004317118736e-18,2.3336120065564086e-10,1.1325261518806256e-10,8.513999592284092e-11,2.4460618475748387e-08,1.3939129718337429e-14,1.4437763164890286e-13,7.546620841851098e-09,1.6725378755339027e-22,2.2488744544233343e-09,6.598106354100703e-05,1.3199116504949563e-07,3.5817175112631124e-16,4.05981801541203e-13,2.46221876649614e-10,6.502442589176622e-14,5.759894661082012e-17,1.1420859881883794e-11,6.434227418913243e-10,1.0302389916903009e-17,1.4017177197206987e-10,2.2461083101142414e-18,3.96402375060871e-13,8.135640282638995e-22,2.0359269636923155e-11,6.621229770186492e-08,1.0608544317617347e-06,1.2567532207216007e-21,1.879252601827343e-09,1.9488320166390187e-25,3.8995563058568186e-11,3.2823208746581895e-14,1.0897455853099689e-10,5.1717790571527236e-11,2.3258910025497193e-10,2.2185098858279498e-05,8.683978256425673e-17,1.8971082594262807e-09,2.315950159283996e-11,4.2890013199425534e-21,7.466528378966982e-07,3.921106192589269e-15,1.217490793258628e-18,1.425948076224685e-13,4.405820363928784e-12,4.0788585179797085e-16,1.2370174840473555e-09,3.528487002189952e-08,1.170170349285411e-14,9.324599526411256e-15,8.294243542351357e-11,1.1387556124041076e-09,4.364910460859726e-07,9.163113259687266e-13,2.0895851740115966e-05,3.6466092128537504e-09,2.97344943062781e-17,2.634787621972041e-13,0.0008302172531668861,4.3282509649054954e-07,1.0059710638031393e-19,5.619007405681323e-13,5.957381958277374e-10,1.1076417415338451e-10,3.234438844019651e-07,3.1508947821099664e-12,2.6359875506558433e-14,1.5682996806983637e-15,8.826231639177492e-10,9.649826802947748e-19,2.7383495548320896e-13,4.999972859548364e-12,4.0210391596917824e-19,6.030151860567763e-07,1.4148091206750112e-14,1.6517581067910838e-16,3.632228144155411e-10,4.968877924404039e-13,8.538371036249307e-08,2.302188668105591e-06,1.4232124274064454e-11,2.775057322475747e-11,1.5990140118065195e-07,1.9425261772420226e-05,3.171306936876385e-10,3.218602546617132e-16,2.0321517808462617e-17,5.835312958480916e-10,1.2167644338245712e-16,0.0034659643017778447,8.989751946160753e-12,2.083768042950744e-08,1.1812919612548186e-13,3.007293364780756e-14,1.6559888961719035e-10,1.5740118628453558e-15,1.259049743747525e-11,3.068094942366407e-10,4.007525324193136e-11,1.598407967948614e-15,5.214867303586891e-15,1.5006868643502028e-14,2.0476398902887455e-15,1.6790910409689123e-15,9.724358114388171e-15,1.2242165520054362e-08,1.0515317279561689e-09,4.5324243508684427e-07,4.140119461357244e-13,4.0404727778394365e-11,1.413402766667696e-20,2.6245236102468695e-16,0.00015767240829614012,1.8796347124646355e-17,7.278811420553083e-14,6.093997386407067e-10,1.0266604921792047e-05,4.6972345556026374e-07,5.6483919394322675e-19,1.7693099723898237e-13,1.9740304489009046e-17,1.9075198315186444e-09,2.4404799667261184e-19,9.79944553716445e-17
95.22613065326632,1.632537483534907e-13,4.26395654161461e-11,1.278517724583701e-10,5.699458231323421e-08,0.0004111081153389387,9.98256682900842e-19,4.8065435558024464e-14,1.536277460406421e-15,1.677985640318036e-18,1.4708688459627414e-16,2.9230104605041304e-07,1.137409863729352e-05,1.806137913920161e-10,2.3163018656789635e-06,1.0171571877406426e-11,7.134312182259516e-30,2.2997944537587934e-11,9.130181599234578e-12,2.483148676199727e-07,1.2563076869703958e-15,1.2338291580727988e-08,2.7956034089638655e-05,7.144261272175877e-08,4.581774006888159e-10,2.5279143891595806e-10,5.163454946492508e-12,2.395409311643831e-08,9.716253597433534e-12,3.5165681779293933e-13,1.063084697242294e-08,4.886179837404497e-05,1.544832318960177e-19,1.7595462390776138e-13,2.442987636280152e-07,4.1814058110040886e-19,3.230419616469638e-20,1.834160567261212e-11,7.264458540081163e-14,1.0523900475832928e-05,8.394329919097343e-14,4.224479279478162e-12,1.946206604483668e-05,6.059754631610498e-15,3.914823929158204e-18,1.921563566500998e-08,4.45855166441299e-09,2.572701382477209e-13,1.854222916058497e-17,7.244844640908173e-19,1.655761815082814e-10,3.0584600875760223e-07,9.266694198948445e-19,7.243541363289549e-11,2.521875471826579e-14,2.1680918649126787e-08,2.8660723596776068e-05,4.78805120005937e-08,1.01828972160432e-15,1.0602061144800862e-10,3.674888602531077e-05,6.852028648749767e-09,1.4383364953731228e-11,3.147722948575577e-14,4.9674051037943534e-08,1.5919480613748273e-10,6.818528917766579e-17,6.311524669254611e-07,7.765818627801734e-13,1.40985919064218e-14,1.499399303805544e-18,5.680918331400927e-07,1.3883454540332133e-06,8.24901276712479e-10,1.1350592680332402e-09,9.66300087514594e-21,1.930450095194922e-19,6.981356724293473e-18,2.0934124772574382e-10,1.0971666361082634e-10,7.347402784119094e-11,2.202631144273296e-08,1.3573404815797856e-14,1.0336163622339864e-13,6.7704842117733635e-09,1.429901042691692e-22,1.931738945837564e-09,6.83995057161208e-05,1.0927479136049381e-07,3.059042412335355e-16,3.8362101325829184e-13,2.2140870640959557e-10,4.9008379550120595e-14,4.9759500813337396e-17,1.0503136623183033e-11,5.416314115301866e-10,8.150516522421845e-18,1.1301891814968285e-10,1.588601567765661e-18,3.021559705784855e-13,6.507270933887231e-22,1.7301991713280847e-11,5.6055589166864856e-08,1.1078095860665641e-06,9.96026455883998e-22,1.528366843207349e-09,1.6754777106742517e-25,3.77333113507646e-11,2.7982494866162685e-14,9.693595775110739e-11,4.8626329014252004e-11,2.230064535718362e-10,1.9039276177744335e-05,6.417799564411978e-17,1.8631129177627994e-09,2.2041089563712454e-11,2.815505350164651e-21,6.901434555259954e-07,3.794481058009133e-15,8.335054287015412e-19,1.0804132771351538e-13,3.514657487574563e-12,3.71149275420368e-16,1.1033818926230523e-09,3.5415385460648224e-08,9.703967970074263e-15,9.474230389807758e-15,8.038638128893886e-11,1.0707380621922679e-09,3.926088542431485e-07,7.701721004942637e-13,2.118281508740195e-05,3.6328679671898507e-09,2.5500626927589704e-17,2.3681952450737994e-13,0.0007968504888667978,3.8674121209586887e-07,5.1886631724598674e-20,4.56314751537502e-13,5.281364057286893e-10,9.58401875905074e-11,3.1187267539866597e-07,3.241320156043607e-12,2.3760270512802603e-14,1.2136724529033229e-15,7.889668154943726e-10,7.982283971882039e-19,2.8177406200904513e-13,5.075835330015464e-12,3.781466016011641e-19,4.993784885070989e-07,1.059139687020592e-14,1.289827542902873e-16,2.679182839581936e-10,4.311220484249522e-13,7.992198972859298e-08,2.0894100054987216e-06,1.3381584978313939e-11,2.5222008682488355e-11,1.4008322477793493e-07,1.9500601084845698e-05,3.490731323762507e-10,2.735407591141951e-16,1.7526362674765518e-17,4.409746659104894e-10,8.537056026709273e-17,0.003422209479779945,6.928329500248353e-12,2.1628232566505976e-08,9.027104816691833e-14,2.3408458961456443e-14,1.5220059190179302e-10,1.1992931476886327e-15,1.1174152572765083e-11,3.147266363796349e-10,2.801141175213479e-11,1.1341592416722136e-15,3.847549205617977e-15,1.4100945494134289e-14,1.7653989358540195e-15,1.2806373700275276e-15,9.098032581325109e-15,1.1018557933111218e-08,8.847595133091238e-10,4.3172700143110747e-07,3.157283682042886e-13,3.6509586336356173e-11,1.2664270556457989e-20,2.0670495587996414e-16,0.000160980945257333,1.323243235275198e-17,6.902031099818608e-14,5.908120288155899e-10,8.903430905516817e-06,5.025909569785822e-07,3.804883416124351e-19,1.5673122900399666e-13,1.6376645624640665e-17,1.6138240365709765e-09,2.048614486781919e-19,9.050879093226144e-17
95.47738693467336,1.4687073649252966e-13,4.2910596365985686e-11,1.2848161273166568e-10,4.967508674530658e-08,0.00039395953731309797,8.0341587025094945e-19,4.227228425275004e-14,1.3171235414422826e-15,1.0969836829550563e-18,1.3597112663010626e-16,3.0186340502694057e-07,1.1406606958529422e-05,1.6304597649904677e-10,1.6911124567658659e-06,7.617809425713391e-12,6.568700705525623e-30,2.1225359788390178e-11,6.7247168090738355e-12,2.332104235367097e-07,9.983684980295816e-16,9.609520145657229e-09,2.8893675604293883e-05,6.35828106922688e-08,4.3909062404084647e-10,2.2552844389281298e-10,3.901305353405421e-12,2.008112186798396e-08,8.0727795823997e-12,2.909367565416065e-13,9.352118881623486e-09,4.430263270616668e-05,1.353269588928308e-19,1.3022879905729873e-13,2.2755815925423718e-07,3.6137679789899754e-19,2.300597415963061e-20,1.7598364631191503e-11,6.925224037704114e-14,1.013285812378329e-05,8.381927636540783e-14,3.3944197045133808e-12,1.965328566700115e-05,5.164279797005991e-15,3.1536075676813395e-18,1.6485653659399626e-08,4.096495006375512e-09,2.4584179819587755e-13,1.714699978769599e-17,6.4083858612888295e-19,1.7869931241503757e-10,2.826729046730169e-07,7.335127216594394e-19,5.992922220561152e-11,2.3939786866742404e-14,1.780535777506722e-08,2.7002252842682263e-05,3.958239918347731e-08,9.210924714093186e-16,9.971108869411782e-11,3.9847985146240646e-05,6.167500171912315e-09,1.1808011908558769e-11,2.4934534139433177e-14,4.458407122251199e-08,1.5395878229888156e-10,5.400171006812234e-17,5.070495127682578e-07,7.598777475680574e-13,1.1918404023416629e-14,1.2481108262039283e-18,5.296516801096848e-07,1.3379911211137328e-06,7.151513854734277e-10,9.681492212358838e-10,6.88648338444812e-21,1.59613442982335e-19,5.697584570596453e-18,1.8806724202186624e-10,1.065845356418332e-10,6.353165703854577e-11,1.9811418698508902e-08,1.326723305296762e-14,7.411598005050644e-14,6.086754365131957e-09,1.2338212187471896e-22,1.6638364974804575e-09,7.088752637233873e-05,9.058484470051806e-08,2.6333629746842346e-16,3.6251601430059026e-13,1.9990360299927934e-10,3.704700083466485e-14,4.3123604414723427e-17,9.721370301627231e-12,4.5742795360809644e-10,6.53104906102397e-18,9.146404117110488e-11,1.1299731269615377e-18,2.3006067849149404e-13,5.266454484930715e-22,1.4692875539899398e-11,4.762721922696646e-08,1.1545488555522286e-06,7.980885526063237e-22,1.2441945435508183e-09,1.4543083164659587e-25,3.65265411191176e-11,2.390351798065373e-14,8.667768532609186e-11,4.590094375732216e-11,2.1415629366458636e-10,1.63259722053343e-05,4.775438859807562e-17,1.8339340921050242e-09,2.1131378910508196e-11,1.861306767529262e-21,6.413978941060886e-07,3.701908792600253e-15,5.734144477451893e-19,8.223069830739573e-14,2.8156666633397434e-12,3.3911087499013864e-16,9.83870983187655e-10,3.5568010170959394e-08,8.045750332310448e-15,9.705734565497922e-15,7.81423976950936e-11,1.0127676092182406e-09,3.5376406103654913e-07,6.485457614292922e-13,2.153230532299569e-05,3.6220843015468485e-09,2.1963147475492795e-17,2.1422725380711974e-13,0.0007675227885920605,3.464669028432551e-07,2.7057974279231134e-20,3.750809040425271e-13,4.687448971718461e-10,8.349830328009467e-11,3.004318724180558e-07,3.3406284998276637e-12,2.1647749026058524e-14,9.522503793302997e-16,7.061071619215176e-10,6.63302938693289e-19,2.9058210231583966e-13,5.187373574998676e-12,3.5913976856951543e-19,4.132924904335438e-07,7.942615799765437e-15,1.0150207320542595e-16,1.9856341700640642e-10,3.7536850394785875e-13,7.502424761962502e-08,1.9002462318177372e-06,1.2547770240332055e-11,2.306600206851396e-11,1.2237997174221928e-07,1.959527370446129e-05,3.8412512351823347e-10,2.3460817800156976e-16,1.5307316989910085e-17,3.3434769756356487e-10,6.024217125201493e-17,0.0033808382035080123,5.3351349669294174e-12,2.2533266733582694e-08,6.951813537731763e-14,1.8290855028440213e-14,1.4038626593223224e-10,9.17980147799645e-16,9.915289469244523e-12,3.254653072001823e-10,1.9607665066327035e-11,8.082019829213264e-16,2.8640103374730506e-15,1.3308256240171748e-14,1.5322524624095766e-15,9.811721144178082e-16,8.519344391361573e-15,9.96626631546145e-09,7.44667552734072e-10,4.1044392896356416e-07,2.427213423318422e-13,3.313266322140113e-11,1.1486493798992511e-20,1.6339905156002936e-16,0.0001642759816283729,9.322751247332489e-18,6.564476878222791e-14,5.758981997971671e-10,7.718798500106449e-06,5.36679723070952e-07,2.573591685500111e-19,1.3971015968076492e-13,1.369453755761395e-17,1.368020572017138e-09,1.7316206873320489e-19,8.423900298587132e-17
95.7286432160804,1.3289336503433968e-13,4.329812197438809e-11,1.2941780467440674e-10,4.332979299874024e-08,0.0003772859739770006,6.545332048910421e-19,3.74664536235041e-14,1.134523106486974e-15,7.267450748991098e-19,1.2640402015665465e-16,3.1214026294318864e-07,1.1449501105409597e-05,1.479955940506304e-10,1.2325526051218308e-06,5.725726920154851e-12,6.1554680856523666e-30,1.960600601631239e-11,4.958989712593409e-12,2.19586691765081e-07,7.979270021903333e-16,7.480228034786927e-09,2.990246487469038e-05,5.681308790900365e-08,4.224081617380619e-10,2.0213400165986457e-10,2.9465526374609853e-12,1.6907085628460394e-08,6.714854586313246e-12,2.416291123635729e-13,8.231652833675624e-09,4.0242831377335314e-05,1.192798104506642e-19,9.669838205703618e-14,2.1168305781528144e-07,3.1667553269561926e-19,1.6551793963852368e-20,1.6989155916141187e-11,6.6217901958261e-14,9.73297141849092e-06,8.417933378134383e-14,2.74986299122388e-12,1.9898790040893622e-05,4.4245814213257844e-15,2.5621442236120554e-18,1.4172311197008276e-08,3.786822891051204e-09,2.364300530904711e-13,1.598627051141649e-17,5.727009225231034e-19,1.9387035657832723e-10,2.6225153353466007e-07,5.8605721688788675e-19,4.9884638510113284e-11,2.285923076975392e-14,1.4645004070726276e-08,2.546388891861992e-05,3.269726563958344e-08,8.383083610041118e-16,9.445790508214298e-11,4.3250924539451244e-05,5.585842664418003e-09,9.744809607549236e-12,1.9860009015176553e-14,4.016842271830509e-08,1.489138498231769e-10,4.3024088059989256e-17,4.077869314124623e-07,7.473355983233761e-13,1.0149354621470751e-14,1.0459986540816091e-18,4.946907115572538e-07,1.295134254803326e-06,6.227224607500266e-10,8.332432438825917e-10,4.946326636707569e-21,1.3337603105340827e-19,4.674970394943533e-18,1.6919603917169032e-10,1.03822696521641e-10,5.5047117022890003e-11,1.7799271028283892e-08,1.3013668822651638e-14,5.3237957611334345e-14,5.483149662551687e-09,1.0744391434946277e-22,1.4369266055106752e-09,7.343578014907677e-05,7.520861238176944e-08,2.2846427631496475e-16,3.4249242038101334e-13,1.8122227065997766e-10,2.8095100537954664e-14,3.7492458845801285e-17,9.055795562329946e-12,3.87641152311701e-10,5.300077881315964e-18,7.429986463974621e-11,8.085333448883032e-19,1.7500356177988263e-13,4.312911436981955e-22,1.2465609852107028e-11,4.060090823932017e-08,1.2007827308107059e-06,6.463707024105833e-22,1.0140625946521463e-09,1.2739121390969057e-25,3.53620217295855e-11,2.0458740692906763e-14,7.788863560939537e-11,4.3499649226707196e-11,2.0596784188396693e-10,1.3989340999731708e-05,3.5775934749913434e-17,1.8089156830369698e-09,2.040930351174632e-11,1.23912860375477e-21,5.993234405636308e-07,3.639977813267035e-15,3.965795598607951e-19,6.287625249861188e-14,2.2648132298679698e-12,3.110691764242377e-16,8.769504792900184e-10,3.57415188632174e-08,6.670263222071104e-15,1.0019692780676181e-14,7.617679993159669e-11,9.634911472304871e-10,3.193391086435563e-07,5.4722270637383e-13,2.1943068545902878e-05,3.6137352028653314e-09,1.8999886392397882e-17,1.9499796339089216e-13,0.0007418553638425211,3.111943964634784e-07,1.4271849975920128e-20,3.1205535490907594e-13,4.1643353595031804e-10,7.323665832590393e-11,2.8911769646989554e-07,3.4487271288206793e-12,1.9933170883168283e-14,7.574723162682369e-16,6.328304438195948e-10,5.536604476065474e-19,3.0025100254436503e-13,5.333826706432959e-12,3.4430996549123964e-19,3.418631900285943e-07,5.9668539422987695e-15,8.048532351097882e-17,1.479217643882149e-10,3.2801839447121847e-13,7.06140672187673e-08,1.7318790670600592e-06,1.1734806816942992e-11,2.122359870951969e-11,1.0662742114279718e-07,1.9705307795852223e-05,4.224976616112713e-10,2.0301719412985832e-16,1.3534646567680998e-17,2.544400321904968e-10,4.275366004294231e-17,0.003341330708146711,4.105981785995742e-12,2.3558975472192583e-08,5.3952385397440436e-14,1.4348254539951392e-14,1.299340892620159e-10,7.060227418198079e-16,8.796273481959988e-12,3.391818900466191e-10,1.3748397411196437e-11,5.783968185987543e-16,2.1514007679388955e-15,1.2614626163048207e-14,1.3385918055260046e-15,7.550467522202456e-16,7.98488656499959e-15,9.059516368270944e-09,6.268437052127018e-10,3.8941764254047174e-07,1.880970880333894e-13,3.019780151370139e-11,1.0541334907378497e-20,1.296285111030643e-16,0.00016755498462454568,6.574464423275694e-18,6.258495497891054e-14,5.643564822489227e-10,6.690578079738349e-06,5.718038936527428e-07,1.7480437501855673e-19,1.2528719779056864e-13,1.154140949712745e-17,1.1621813422174839e-09,1.4735896029939143e-19,7.899649454070082e-17
95.97989949748742,1.2091021704771343e-13,4.3798372084147213e-11,1.3063972991802096e-10,3.7822999266193064e-08,0.00036108636181650746,5.39712556540814e-19,3.3459717084458015e-14,9.817290647634305e-16,4.879699861188622e-19,1.1817124121019253e-16,3.2314930091794076e-07,1.150060039730246e-05,1.3503323293037897e-10,8.969591306259862e-07,4.319971369262404e-12,5.867973710666043e-30,1.8125531564268123e-11,3.662192374068082e-12,2.072930947379271e-07,6.413832383379914e-16,5.8204405971495555e-09,3.098536091420571e-05,5.096697900905057e-08,4.079232773810962e-10,1.8193953201174706e-10,2.2252602878541483e-12,1.4295792841119371e-08,5.592149432741036e-12,2.0145563847674497e-13,7.2487234288686774e-09,3.6627980747253605e-05,1.0573914480305911e-19,7.20349554330505e-14,1.9665917873871869e-07,2.8130731823659765e-19,1.2029674227594261e-20,1.6499448263633847e-11,6.351584538508448e-14,9.327607953901464e-06,8.50032716291804e-14,2.2460878960140394e-12,2.0201094458549023e-05,3.810135643951055e-15,2.099704144298618e-18,1.2210697699430487e-08,3.5214435678754993e-09,2.287847238411712e-13,1.5023716213295585e-17,5.170681290049862e-19,2.1137600150195432e-10,2.4426472781703987e-07,4.725147952431139e-19,4.1777835228793874e-11,2.1944577132751165e-14,1.2065324296356762e-08,2.4036892147373702e-05,2.6992629632956778e-08,7.6733196054865e-16,9.012456276297488e-11,4.697633100805889e-05,5.08994054714466e-09,8.084449889893344e-12,1.5901952848908965e-14,3.6329011629841465e-08,1.4403413756276015e-10,3.4473543843358655e-17,3.283915290011153e-07,7.387194623103252e-13,8.703550806167005e-15,8.822559154548648e-19,4.6290619951339433e-07,1.2591031403662629e-06,5.446752633547183e-10,7.235973485909373e-10,3.5801109189357926e-21,1.1259014782210511e-19,3.856838038453169e-18,1.5243204612825956e-10,1.0140181309995629e-10,4.779755447870225e-11,1.5974065378844792e-08,1.28069533281975e-14,3.831356506657841e-14,4.949216313559871e-09,9.441879642289662e-23,1.2442444664552104e-09,7.603458562064902e-05,6.25570290438065e-08,1.99735468901472e-16,3.234086678616018e-13,1.6495768220827574e-10,2.1380118989881723e-14,3.2702667587935774e-17,8.490081642315927e-12,3.296894479983124e-10,4.355319699493451e-18,6.058918227785418e-11,5.821191776056023e-19,1.3302381265385893e-13,3.5741131164642493e-22,1.0564449615653999e-11,3.47178363628749e-08,1.2462282553702099e-06,5.29000477505982e-22,8.276655210020732e-10,1.1256670257363233e-25,3.4228637846568527e-11,1.7543611014147264e-14,7.031834162918431e-11,4.1386178293657347e-11,1.9837692642230182e-10,1.1980006969147006e-05,2.698367034905659e-17,1.7874867590307342e-09,1.9858082089263387e-11,8.306610294606066e-22,5.630033034266783e-07,3.6060685227996635e-15,2.7585355999149835e-19,4.8306128958834506e-14,1.8287059789521974e-12,2.864406842183673e-16,7.812760075484839e-10,3.59350987953367e-08,5.530059471218182e-15,1.04181969983579e-14,7.446025782932793e-11,9.21785410296638e-10,2.8879802967618756e-07,4.627276257691521e-13,2.2414055239752147e-05,3.6073355961398247e-09,1.6511222291960022e-17,1.7856515578900377e-13,0.0007195097945933965,2.80239927864936e-07,7.616771898154123e-21,2.6276054644363227e-13,3.7025286913802026e-10,6.465991905021043e-11,2.77933597232029e-07,3.565540355367698e-12,1.854733958034576e-14,6.108151476466566e-16,5.680452446678695e-10,4.641926531785579e-19,3.1077574089825347e-13,5.514909033041198e-12,3.330490624487813e-19,2.826543002444854e-07,4.490784985365893e-15,6.429849544577539e-17,1.1080611650760364e-10,2.8772873688666e-13,6.662658943734398e-08,1.581849443654968e-06,1.0946478341977104e-11,1.964651382597577e-11,9.266307090236355e-08,1.9827077058123983e-05,4.644009746372369e-10,1.7721126620337116e-16,1.2111203131760684e-17,1.9442009786271237e-10,3.0515138347865114e-17,0.003303183438905105,3.1591363058707303e-12,2.4712683643661484e-08,4.2197625651416475e-14,1.1300891746910354e-14,1.2065784856913136e-10,5.457144138942591e-16,7.801669148114478e-12,3.560933662955739e-10,9.658813142973943e-12,4.157151058200759e-16,1.6312741014359622e-15,1.2008225279350641e-14,1.1768616190811e-15,5.835114526080572e-16,7.49154403201402e-15,8.276923204956732e-09,5.276465533447556e-10,3.686804588159226e-07,1.469319512827012e-13,2.764127882052266e-11,9.783742951719213e-21,1.0319507117532774e-16,0.00017081729970177037,4.6415742959839354e-18,5.977740516907969e-14,5.559404131409059e-10,5.799135143109827e-06,6.07742628642917e-07,1.1923780576596254e-19,1.129980897655413e-13,9.801645912727609e-18,9.896792984326392e-10,1.2622734738946536e-19,7.462968248228683e-17
96.23115577889448,1.105887927698897e-13,4.440822417823013e-11,1.321301731193149e-10,3.3039090745105176e-08,0.0003453611570752792,4.503732284229714e-19,3.0103335780152334e-14,8.533561298503611e-16,3.3211192506097397e-19,1.110954626221718e-16,3.3490618020879726e-07,1.1557697802073134e-05,1.238103677418199e-10,6.518636235536394e-07,3.272450308031983e-12,5.687729783758105e-30,1.677144753421985e-11,2.709083819741266e-12,1.9619595243332252e-07,5.18512511806071e-16,4.527810477474117e-09,3.214551823466057e-05,4.590474618842949e-08,3.9545995206415367e-10,1.6440406089443134e-10,1.6809072641371647e-12,1.2139200436155485e-08,4.663321021401328e-12,1.6861504146871166e-13,6.385611914090643e-09,3.340950946117665e-05,9.42336774647828e-20,5.383842039615195e-14,1.824713676952029e-07,2.532497912525081e-19,8.831798434418128e-21,1.61174577146015e-11,6.112334123429561e-14,8.919909082567273e-06,8.627969829578897e-14,1.849775978402635e-12,2.0563004264686307e-05,3.2969672428813856e-15,1.735898686593867e-18,1.054588940214896e-08,3.2937380772560946e-09,2.2270040243857265e-13,1.4230346709865683e-17,4.716161404053735e-19,2.3154869752178538e-10,2.2843717946212366e-07,3.8434836184412207e-19,3.5202752200164665e-11,2.1169073355927227e-14,9.957443154421865e-09,2.2713120866946674e-05,2.2272541029081142e-08,7.06081871747798e-16,8.659990714432771e-11,5.104290750589794e-05,4.665886927993216e-09,6.742224255783201e-12,1.2798059662678486e-14,3.298294130207086e-08,1.392977831828638e-10,2.7772466233168937e-17,2.648712081003334e-07,7.338479694153062e-13,7.513669286439735e-15,7.486663897655801e-19,4.3402351357585435e-07,1.229330543232069e-06,4.785918239393779e-10,6.340183323821939e-10,2.61074438895431e-21,9.597348669707255e-20,3.1994525385562106e-18,1.375197676367334e-10,9.929626988875521e-11,4.159569888089117e-11,1.4320861077270964e-08,1.2642303219451493e-14,2.762932901489248e-14,4.476024408187013e-09,8.372257155122105e-23,1.0802209075199053e-09,7.867401040003893e-05,5.214402011769243e-08,1.759398749811403e-16,3.0515149239843845e-13,1.5076709804439163e-10,1.6330452356549414e-14,2.861937309261463e-17,8.010731224567215e-12,2.8146825872960006e-10,3.6234306339572246e-18,4.960247876582328e-11,4.2181019747670228e-19,1.0106054820235297e-13,2.9972037886104217e-22,8.942282126214733e-12,2.9771679126794526e-08,1.2906147216903218e-06,4.373915996310361e-22,6.766368681224451e-10,1.003002469674045e-25,3.3117194815085616e-11,1.507207978417895e-14,6.376417281487088e-11,3.9529087010262114e-11,1.9132528991698928e-10,1.0254450423744383e-05,2.048881610001735e-17,1.769148970750189e-09,1.9464670124637113e-11,5.6067538178685045e-22,5.316672499447041e-07,3.598214275664401e-15,1.9306282476224242e-19,3.729393877591516e-14,1.4819050412292075e-12,2.6473842316268825e-16,6.9566446965459e-10,3.614833769125734e-08,4.585502058615376e-15,1.0904734711143467e-14,7.296723571286174e-11,8.867157635429589e-10,2.616747959537182e-07,3.921896063515028e-13,2.2944347026290214e-05,3.6024334775591213e-09,1.4415752491855393e-17,1.6447091352686355e-13,0.0007001833607271471,2.530230511513572e-07,4.114458422085459e-21,2.239088434372038e-13,3.294016599269037e-10,5.745512979491615e-11,2.6688932586399273e-07,3.691004424394918e-12,1.7436425545832035e-14,4.992464966006949e-16,5.107739739348976e-10,3.9089401705367894e-19,3.221539005850935e-13,5.730724152037843e-12,3.248772487674405e-19,2.336191573029097e-07,3.386294108243594e-15,5.17456626203676e-17,8.349311602945605e-11,2.5337835727950987e-13,6.3006619631503e-08,1.4480095880555294e-06,1.0186136390757136e-11,1.8295048356576726e-11,8.032828529544976e-08,1.9957278350114305e-05,5.100403214811957e-10,1.5599760217869048e-16,1.0963691342047806e-17,1.4922106559840597e-10,2.1903603371555195e-17,0.00326591150742053,2.4306906961322626e-12,2.6002878174716823e-08,3.326052558756643e-14,8.937685292540715e-15,1.1240081278786651e-10,4.2398802104540407e-16,6.917896783190145e-12,3.764802507589273e-10,6.8007736476675954e-12,3.0008016687644204e-16,1.2487881508866342e-15,1.1479159719209579e-14,1.0410908171344006e-15,4.527987875070317e-16,7.036453759604925e-15,7.600691263579311e-09,4.4406226642065786e-10,3.4827114318044327e-07,1.1568708825942803e-13,2.5409604644542368e-11,9.179319634388283e-21,8.242931827347098e-17,0.00017406402908128909,3.2812396216531567e-18,5.71694173681784e-14,5.504510720430735e-10,5.027089704458933e-06,6.44240269765822e-07,8.168873820793093e-20,1.0246967551612034e-13,8.387054177508538e-18,8.449815901438783e-10,1.0881849739657145e-19,7.101647440903418e-17
96.4824120603015,1.0165889207268077e-13,4.512506959727767e-11,1.338750129472413e-10,2.8879324263603357e-08,0.0003301114477327022,3.802727515312332e-19,2.727916537987209e-14,7.450843000955074e-16,2.291391385569112e-19,1.050300827795298e-16,3.4742397395750683e-07,1.161855937707403e-05,1.1404287274372595e-10,4.731998780979995e-07,2.4894329530032746e-12,5.602471584265841e-30,1.553278936450228e-11,2.0079005755817498e-12,1.8617656405030266e-07,4.2159394459877617e-16,3.521902027467514e-09,3.3386282593849026e-05,4.150896542266815e-08,3.848690279244922e-10,1.490879220661555e-10,1.2704064004857111e-12,1.0351328166581935e-08,3.894373881085083e-12,1.4167925172537487e-13,5.627112787998269e-09,3.054411075564854e-05,8.439227289950552e-20,4.037255954369578e-14,1.6910304989179694e-07,2.3099498638030255e-19,6.5495878731283315e-21,1.583371655022176e-11,5.90204196201888e-14,8.51275895574962e-06,8.800501843882773e-14,1.5359754548366303e-12,2.09875970399012e-05,2.86614734875813e-15,1.4479356280565076e-18,9.131494492437946e-09,3.098273371553588e-09,2.1800779542255335e-13,1.3583047600876248e-17,4.34540308622554e-19,2.547723962704828e-10,2.1452992481625219e-07,3.153255905122442e-19,2.984349635976773e-11,2.0510515344283042e-14,8.233191522324061e-09,2.1484975196869176e-05,1.837211607996094e-08,6.528853951005516e-16,8.379363851754757e-11,5.5469254795871644e-05,4.302334994399839e-09,5.652259792088484e-12,1.0351445224201282e-14,3.006010070404649e-08,1.3468628260377217e-10,2.2489703603501468e-17,2.1402732216267375e-07,7.325883090920906e-13,6.527796768383433e-15,6.389397093166913e-19,4.0779308467990053e-07,1.2053395908533158e-06,4.224810218774263e-10,5.604859804330004e-10,1.917827539924541e-21,8.25740213990394e-20,2.668941086601396e-18,1.2423764887027508e-10,9.748375580902901e-11,3.628387649874141e-11,1.2825574992543903e-08,1.2515741051715441e-14,1.9968238010524522e-14,4.055918646578561e-09,7.490162702438072e-23,9.402579728011515e-10,8.134395624336506e-05,4.356910719281785e-08,1.5612938304137796e-16,2.8763203063386865e-13,1.3836138985470163e-10,1.2522730690854651e-14,2.513084284576985e-17,7.606593083545805e-12,2.4125950249073197e-10,3.051357314333532e-18,4.077038881911314e-11,3.0769476799058276e-19,7.675411608734019e-14,2.5433763053068417e-22,7.559097987261385e-12,2.559713631424284e-08,1.3336891944700857e-06,3.652784065934051e-22,5.541946857225648e-10,9.008705343436629e-26,3.202025450456225e-11,1.2973058343736652e-14,5.806141205127599e-11,3.7901007953242814e-11,1.8476002665252054e-10,8.77442874989388e-06,1.5660459476722824e-17,1.7534663299832884e-09,1.9219327283520325e-11,3.810232986574676e-22,5.046673466499301e-07,3.614992250781409e-15,1.360112675478253e-19,2.8937095866935094e-14,1.2049378372684606e-12,2.455546812534685e-16,6.190703373175107e-10,3.6381216075397304e-08,3.803492201899302e-15,1.1484112274303411e-14,7.167551739655201e-11,8.575030506595284e-10,2.3756349803197473e-07,3.332356446165541e-13,2.3533082658376722e-05,3.5986057934045595e-09,1.2646828753870163e-17,1.5234349125436144e-13,0.000683604782707233,2.2904961428635995e-07,2.2502754518231435e-21,1.930683582617585e-13,2.9320061659488806e-10,5.137333677862868e-11,2.559999266354152e-07,3.8250635491977405e-12,1.6558537641911365e-14,4.1351519267279504e-16,4.601439861968853e-10,3.306090913029327e-19,3.343853144828874e-13,5.981692781087724e-12,3.194147519943969e-19,1.930419219386255e-07,2.5585297616780505e-15,4.1945467858429656e-17,6.33056003419387e-11,2.2403101418260324e-13,5.970707398014631e-08,1.3284818308863965e-06,9.456635865667656e-12,1.713644623574389e-11,6.947012941106356e-08,2.00929139320588e-05,5.59610704695078e-10,1.3845592959281609e-16,1.0036412347344657e-17,1.15084001503895e-10,1.5811108572653966e-17,0.0032290514298241027,1.8708344479158786e-12,2.7439252872050574e-08,2.6419790815823407e-14,7.098913523651272e-15,1.0503071366700232e-10,3.311759783350706e-16,6.132952975808468e-12,4.0069112431137487e-10,4.800432458082481e-12,2.175516603218342e-16,9.653791617025173e-16,1.1019144415493265e-14,9.26536549810675e-16,3.527545025033648e-16,6.616972387560478e-15,7.015973660713735e-09,3.735893695168271e-10,3.2823338230520355e-07,9.180289114435144e-14,2.3457735596689443e-11,8.701670737997937e-21,6.605844975660635e-17,0.00017729786828772303,2.3230518165210826e-18,5.471729236608996e-14,5.477306391468335e-10,4.359092910007462e-06,6.810075231301581e-07,5.621316019634627e-20,9.340047844519733e-14,7.229927045374516e-18,7.234737235621064e-10,9.439312459841379e-20,6.805843001430555e-17
96.73366834170854,9.389976348180248e-14,4.594669665378076e-11,1.3586298931914918e-10,2.5259176289820136e-08,0.00031533825119475073,3.248314431892413e-19,2.4892876342742883e-14,6.53431114783656e-16,1.602772551589668e-19,9.985416957771085e-17,3.607125781215928e-07,1.1680928050114081e-05,1.0549810559556768e-10,3.4318429050655056e-07,1.902204017810402e-12,5.6048694218257794e-30,1.4399842961036746e-11,1.4914412013878843e-12,1.7712947878513597e-07,3.4477154440077095e-16,2.7396169922093425e-09,3.471118707162721e-05,3.768084096708836e-08,3.7602500820302554e-10,1.3563229622686535e-10,9.60997426704096e-13,8.863533528539959e-09,3.2573321408325364e-12,1.1951296231346424e-13,4.960129086274418e-09,2.7993217804120915e-05,7.592072274085862e-20,3.037751109480903e-14,1.5653583520157693e-07,2.1341309333790082e-19,4.906054953110078e-21,1.564072734978355e-11,5.718967410144956e-14,8.108763085081424e-06,9.018269180691569e-14,1.2859019555793554e-12,2.14782049340009e-05,2.5026542777277613e-15,1.2186305592107054e-18,7.928384357851268e-09,2.93057607559287e-09,2.1456679313184024e-13,1.3063456424285519e-17,4.0443663788848326e-19,2.8148878887988316e-10,2.0233562023549402e-07,2.608608465025647e-19,2.54534230128848e-11,1.99503133075807e-14,6.82112143108161e-09,2.034534987602013e-05,1.515286558877197e-08,6.063906834720117e-16,8.16327441634642e-11,6.027369541002886e-05,3.989988784559753e-09,4.763148129473146e-12,8.41341558601357e-15,2.7501136274981192e-08,1.3018395941413196e-10,1.8301363992186354e-17,1.7330112176480395e-07,7.348512228963394e-13,5.705637642069747e-15,5.482270025785432e-19,3.839878011631477e-07,1.1867318553118592e-06,3.7470141480226294e-10,4.998720295190781e-10,1.4189036294323182e-21,7.167878709975328e-20,2.2389727543457065e-18,1.1239297820989581e-10,9.594491097365724e-11,3.1729102740101825e-11,1.1474974176863843e-08,1.2423958554635547e-14,1.446523919708226e-14,3.682313459242053e-09,6.760181432411303e-23,8.205487333455945e-10,8.403424123411839e-05,3.650279756109154e-08,1.3955709293341389e-16,2.7078238927443095e-13,1.2749623754214781e-10,9.643008287845816e-15,2.2144176482586468e-17,7.268466587774962e-12,2.0765878799107075e-10,2.6003929300983842e-18,3.36473654032439e-11,2.260098628081818e-19,5.82898590974717e-14,2.1839291808697917e-22,6.380776370821479e-12,2.2061107053670283e-08,1.3752216759420886e-06,3.0804873024270766e-22,4.5484903197085465e-10,8.153631186405587e-26,3.0931991453325144e-11,1.1187607076768202e-14,5.3075529466535084e-11,3.647802498603511e-11,1.7863311314837804e-10,7.50643476692922e-06,1.2048228904092308e-17,1.7400568962174287e-09,1.911528364018909e-11,2.6068682659333004e-22,4.814579001743765e-07,3.655437275604768e-15,9.649164136936711e-20,2.256912508622131e-14,9.828303135243103e-13,2.2854708094462353e-16,5.505659930649095e-10,3.663410304931698e-08,3.1564082967046423e-15,1.2162408350268778e-14,7.056580015406494e-11,8.334968316137498e-10,2.1611003781495837e-07,2.8390323441846533e-13,2.4179382842840102e-05,3.5954549909426332e-09,1.114977776819502e-17,1.4187986968185983e-13,0.0006695303460509142,2.0789772670209228e-07,1.2463938272363666e-21,1.6842699857546567e-13,2.610710990442927e-10,4.6215545301802214e-11,2.452846714839647e-07,3.96766700604826e-12,1.5881142631723855e-14,3.4699541176359663e-16,4.1537863593020936e-10,2.8084094424525636e-19,3.4747178468462046e-13,6.268490333503232e-12,3.163600345441591e-19,1.5948694133284657e-07,1.9371571755098682e-15,3.4244002172910015e-17,4.8314719826800345e-11,1.9890453094537234e-13,5.6687700132380074e-08,1.2216231110805276e-06,8.760294609139777e-12,1.6143593684201166e-11,5.994285688768324e-08,2.023127691402672e-05,6.132903870951516e-10,1.2387150091424816e-16,9.286748458014524e-18,8.92186359028883e-11,1.1477397082720834e-17,0.003192164057144017,1.4408625672126788e-12,2.9032767653819446e-08,2.1148540160787625e-14,5.663365883685414e-15,9.843562132314636e-11,2.6010685959784647e-16,5.436183072484053e-12,4.2914875342171804e-10,3.3979863346221038e-12,1.584119910797453e-16,7.53768990216204e-16,1.0621240005327966e-14,8.294127630919302e-16,2.7585551008360055e-16,6.2306500757236264e-15,6.5103572819572195e-09,3.141458362241748e-10,3.086142059941e-07,7.341635635004341e-14,2.1747624591811908e-11,8.33047446855251e-21,5.310824438132384e-17,0.00018052290607091753,1.6474398025798056e-18,5.238498269295687e-14,5.476570188392214e-10,3.78162045620624e-06,7.177237613436811e-07,3.8858553524180514e-20,8.554571087916922e-14,6.277959875939648e-18,6.213105242739457e-10,8.23718372613975e-20,6.567620989157067e-17
96.98492462311557,8.713011242466052e-14,4.6871188464238436e-11,1.3808553169088645e-10,2.2106146624694084e-08,0.0003010419852266621,2.8066184963444834e-19,2.286876203929964e-14,5.755758655147779e-16,1.1366511846494056e-19,9.546838440874897e-17,3.747781069316513e-07,1.1742531723111322e-05,9.798475072321144e-11,2.487140783535078e-07,1.4602858237880455e-12,5.69169965398886e-30,1.3363924544849733e-11,1.1105049825514512e-12,1.6896093623556876e-07,2.835840139317221e-16,2.131543710433407e-09,3.612394846347427e-05,3.4337131900239465e-08,3.6882340905901207e-10,1.2374321581515972e-10,7.278322247318006e-13,7.620835842464673e-09,2.729159495662252e-12,1.01211080595601e-13,4.373339815065976e-09,2.572252704734442e-05,6.858433256360447e-20,2.2936321576343858e-14,1.4474927220842257e-07,1.9965546972826524e-19,3.7118412583723305e-21,1.5532685681778545e-11,5.561609858546172e-14,7.710235862451654e-06,9.282270544918255e-14,1.0853389145713498e-12,2.2038395713869653e-05,2.1945058361044232e-15,1.0349593008352727e-18,6.90359428094415e-09,2.7869533508454667e-09,2.1226087469258552e-13,1.2657096375747466e-17,3.8021319175464423e-19,3.1220397958192877e-10,1.9167449290038322e-07,2.175540257910711e-19,2.1839238317250372e-11,1.9472765823378807e-14,5.663297017298315e-09,1.9287594458463327e-05,1.2498697251738947e-08,5.654994124238059e-16,8.005865306254589e-11,6.547410587474983e-05,3.721201890231744e-09,4.034622715218098e-12,6.871001329192116e-15,2.5255747994961994e-08,1.2577754009823243e-10,1.4962603578399007e-17,1.4064857977747623e-07,7.405868270499728e-13,5.015709958340513e-15,4.727656186883161e-19,3.6240077375639805e-07,1.17317724754796e-06,3.338981627664601e-10,4.4973012366798635e-10,1.05709334771849e-21,6.274934052670501e-20,1.8890040767706457e-18,1.0181765806268859e-10,9.466302479583787e-11,2.7819042956195052e-11,1.0256664988929087e-08,1.2364205736213036e-14,1.0504908119125104e-14,3.3495242263165944e-09,6.154520837994462e-23,7.179322888389514e-10,8.67346766618041e-05,3.067434454664329e-08,1.2563152149279182e-16,2.545525664208301e-13,1.1796485216459313e-10,7.45817723053714e-15,1.9581883664245423e-17,6.988780500877197e-12,1.795167025624394e-10,2.2420593840378748e-18,2.788383931418264e-11,1.6720338236783266e-19,4.427555077271746e-14,1.8974835721540572e-22,5.378114515075609e-12,1.9055875872691718e-08,1.4150097422219298e-06,2.6227884665011897e-22,3.7416127339709843e-10,7.43432708350749e-26,2.9848061260164165e-11,9.666694406104749e-15,4.8696139261087745e-11,3.523914773046144e-11,1.72901003285921e-10,6.421193189397759e-06,9.328811355215442e-18,1.7285859998415733e-09,1.914849154804829e-11,1.7955349398797403e-22,4.6157885383452926e-07,3.7189732671961264e-15,6.89639791833139e-20,1.7696264075537644e-14,8.040148250970854e-13,2.134272968815015e-16,4.893253999940696e-10,3.690775464755472e-08,2.6212182244877346e-15,1.2946950515829828e-14,6.962134398818025e-11,8.141537087627087e-10,1.970050757530839e-07,2.4256852625845176e-13,2.488227377291576e-05,3.592606195379698e-09,9.879665432784577e-18,1.3283211198701505e-13,0.0006577403835863796,1.8920617440993557e-07,6.993142943191478e-22,1.4862477497540474e-13,2.3251783587832388e-10,4.182194148421765e-11,2.3476596782409962e-07,4.118767256053618e-12,1.5379114328517222e-14,2.9489924067321814e-16,3.7578849832892904e-10,2.3960517631622234e-19,3.6141686195778623e-13,6.591991154247822e-12,3.154728246989292e-19,1.3175526287802641e-07,1.4699427881312028e-15,2.815292673772832e-17,3.712748839787785e-11,1.773450052038247e-13,5.391401980892507e-08,1.1259943168106292e-06,8.098876021598573e-12,1.5293984765392498e-11,5.16090420841974e-08,2.036993876389507e-05,6.712331462804553e-10,1.1168558411105116e-16,8.681880424729089e-18,6.955187580189313e-11,8.378109655306693e-18,0.003154837606540103,1.1107853785010738e-12,3.079572187336564e-08,1.705962611557963e-14,4.538789706321476e-15,9.252054505276043e-11,2.0544602645901298e-16,4.818095714115028e-12,4.623578329120841e-10,2.412796417931312e-12,1.1586077354898124e-16,5.94545880137509e-16,1.02796407491444e-14,7.466823195403217e-16,2.1650289948927076e-16,5.875209452994885e-15,6.073447472644854e-09,2.6399404385717943e-10,2.8946239841889624e-07,5.916299996197881e-14,2.0247037933920467e-11,8.050062700279056e-21,4.2830129482297784e-17,0.00018374439397111106,1.1705001343737325e-18,5.0143044691261074e-14,5.501393195227532e-10,3.2827822821120142e-06,7.54040506656192e-07,2.698720414491263e-20,7.870563756410101e-14,5.490502498212256e-18,5.352901720723534e-10,7.229803648748293e-20,6.380601321545819e-17
97.23618090452261,8.120029160248366e-14,4.789683412870609e-11,1.4053663579008096e-10,1.9357932094581815e-08,0.0002872220952392309,2.452383539077175e-19,2.1145744905284695e-14,5.092232482734522e-16,8.172966304425605e-20,9.179170194208516e-17,3.8962228009628004e-07,1.1801095589561344e-05,9.134480328460792e-11,1.80161883122998e-07,1.1265178985360722e-12,5.863356431079989e-30,1.2417205026162752e-11,8.290717934299347e-13,1.6158746100515836e-07,2.3461743491305626e-16,1.6590513003580114e-09,3.762846400518047e-05,3.140759169734052e-08,3.631785769030754e-10,1.1317899982666532e-10,5.521055319098458e-13,6.579050366862353e-09,2.290878238827422e-12,8.604999741175754e-14,3.85692610187988e-09,2.3701565250405336e-05,6.219476572246976e-20,1.7379658961832936e-14,1.3372074253579614e-07,1.890851997215997e-19,2.83641922453634e-21,1.550525837113052e-11,5.428695214894784e-14,7.319196225375155e-06,9.594121471002368e-14,9.234691485582418e-13,2.2671951072305763e-05,1.9320954458583726e-15,8.869992150218516e-19,6.029376401547676e-09,2.6643505131870258e-09,2.1099255112852894e-13,1.2352709519933567e-17,3.6102383496019744e-19,3.4749549424324635e-10,1.8239086906720053e-07,1.8286496333555644e-19,1.884888437267252e-11,1.906449328926097e-14,4.712708559573617e-09,1.830547945912852e-05,1.0312493436242287e-08,5.293148534300066e-16,7.902496057029193e-11,7.108776371824291e-05,3.489660003745411e-09,3.4350265281709037e-12,5.637881720406e-15,2.328125894205578e-08,1.214558214166996e-10,1.2287197843155539e-17,1.1443872262971324e-07,7.497811125017195e-13,4.43325978617737e-15,4.0961680299174727e-19,3.428434117864976e-07,1.164405398706912e-06,2.9895146754202725e-10,4.081380849505328e-10,7.928818434800831e-22,5.537571095851206e-20,1.6029480769628534e-18,9.236468678462586e-11,9.362377827263274e-11,2.445867562993958e-11,9.159078105566209e-09,1.2334200374980932e-14,7.648971504195175e-15,3.0526279083458146e-09,5.651265472436819e-23,6.297768183512052e-10,8.943513682952276e-05,2.5861521154457947e-08,1.1388186262872886e-16,2.389076435858762e-13,1.0959194504375995e-10,5.794899181941158e-15,1.73791412296365e-17,6.7613319932650286e-12,1.5589137569927152e-10,1.9552318327881584e-18,2.320482909264435e-11,1.2461750689491404e-19,3.3645498073853773e-14,1.66800568374863e-22,4.526047216361599e-12,1.6493831943163545e-08,1.4528825022578594e-06,2.254064786782507e-22,3.0854652843538057e-10,6.826869543408772e-26,2.8765475036552824e-11,8.369402821983988e-15,4.4832251539795316e-11,3.416586839084108e-11,1.6752426588644532e-10,5.493195496118365e-06,7.26878501100309e-18,1.7187606983284766e-09,1.9317452980382204e-11,1.2449778139857299e-22,4.446420267693443e-07,3.805358167534497e-15,4.9676107041317145e-20,1.3951487174528352e-14,6.595145344009341e-13,1.9995188545209893e-16,4.346105117152585e-10,3.7203314035920444e-08,2.1787350792818495e-15,1.384630952760285e-14,6.88276645825609e-11,7.990197205153733e-10,1.799780220732144e-07,2.078872219114418e-13,2.5640609561893442e-05,3.589704988197804e-09,8.799494383054306e-18,1.2499664644265692e-13,0.0006480360900639803,1.7266483812038528e-07,3.975339481378832e-22,1.3263383536511778e-13,2.0711487922146373e-10,3.806358328591411e-11,2.2446827314056346e-07,4.278319064761999e-12,1.503325281480222e-14,2.537361121043785e-16,3.407629257034605e-10,2.0531813872307567e-19,3.7622567179565607e-13,6.953217036184149e-12,3.165607724653471e-19,1.0884739974415358e-07,1.1180393941885903e-15,2.3305224817466147e-17,2.8735218350049508e-11,1.5880529690185226e-13,5.135645142924487e-08,1.0403337504042063e-06,7.47359251511557e-12,1.4568895247843645e-11,4.434036781183133e-08,2.050673796507199e-05,7.335592669352844e-10,1.014586456731504e-16,8.19638331379601e-18,5.4541603639398866e-11,6.149741400912055e-18,0.003116690700873993,8.574274586736847e-13,3.274184168362857e-08,1.3866904377686986e-14,3.6547685304351375e-15,8.720462364375257e-11,1.632135198174409e-16,4.270211167440084e-12,5.009144295388008e-10,1.7191844419311951e-12,8.512071278732541e-17,4.73811325291104e-16,9.989503237206779e-15,6.758970839095399e-16,1.70510953514056e-16,5.5485287138983965e-15,5.696531990267005e-09,2.2168002887137002e-10,2.708269423244818e-07,4.803723315848932e-14,1.892858800843966e-11,7.848372217586984e-21,3.4646721106915884e-17,0.00018696849229447486,8.333468014584804e-19,4.7967811975582135e-14,5.551140173013107e-10,2.8521479218225993e-06,7.895861105766169e-07,1.883243666127284e-20,7.271650543925175e-14,4.835777747567853e-18,4.6274801650441233e-10,6.38099697356656e-20,6.23967787272413e-17
97.48743718592965,7.598616552104393e-14,4.902205255993698e-11,1.4321277835399616e-10,1.6960901890026375e-08,0.0002738768181087773,2.1666340043177666e-19,1.9674290383762646e-14,4.524970995602208e-16,5.958439519929595e-20,8.875878128077606e-17,4.0524181098209097e-07,1.1854358447898864e-05,8.544721932553478e-11,1.3047230537177838e-07,8.734808062501565e-13,6.123629247538567e-30,1.1552571062276744e-11,6.207664931587147e-13,1.5493459906165807e-07,1.9524773698304055e-16,1.2919829448798463e-09,3.9228808468422984e-05,2.8832836876615713e-08,3.590219002871435e-10,1.0374033343322304e-10,4.196134869387742e-13,5.7025487495745115e-09,1.926848810444214e-12,7.344953639067565e-14,3.4023451439256844e-09,2.1903296636206843e-05,5.660003051581692e-20,1.3217548836746055e-14,1.2342548170973325e-07,1.8122717376197765e-19,2.1890771466140834e-21,1.555540696702131e-11,5.319164794383262e-14,6.9373704771011715e-06,9.956031772658961e-14,7.920176716576964e-13,2.338284075127164e-05,1.7076819554686485e-15,7.671513158610187e-19,5.282387981591706e-09,2.5602374562918123e-09,2.1067961898249897e-13,1.2141746006468511e-17,3.4621866287707783e-19,3.880194791701958e-10,1.7435019694217427e-07,1.5488186382021881e-19,1.6362280835633707e-11,1.871399419161591e-14,3.931187113700002e-09,1.739316729572387e-05,8.513182017262254e-09,4.971015754943611e-16,7.84956046610598e-11,7.713121604435775e-05,3.290128806422495e-09,2.939377034276285e-12,4.647735252951741e-15,2.1541415071650455e-08,1.1720941643154837e-10,1.0132658134092492e-17,9.337133755306173e-08,7.624529969609454e-13,3.938700714187509e-15,3.5647074254777833e-19,3.251437589656526e-07,1.1601982565038046e-06,2.689344183494162e-10,3.735789090971998e-10,5.986254866946434e-22,4.9243273710170876e-20,1.3681612190619118e-18,8.390522313803411e-11,9.281502454569165e-11,2.156752608702164e-11,8.171449173867398e-09,1.2332053603319235e-14,5.584959668276192e-15,2.7873476815824704e-09,5.233059199318258e-23,5.538850259721633e-10,9.212562068439798e-05,2.1882098441082135e-08,1.0393150053094055e-16,2.2382519449831092e-13,1.0222871715385834e-10,4.524069575709064e-15,1.548158270166315e-17,6.581074536428846e-12,1.360100835516213e-10,1.724115005308031e-18,1.9393464175254966e-11,9.359122075857845e-20,2.5585722812924762e-14,1.4833921489124062e-22,3.803014300517241e-12,1.4303361081425588e-08,1.4887037601517431e-06,1.9549893186964624e-22,2.5511194604487195e-10,6.312363717228197e-26,2.7682475416456282e-11,7.261486604686666e-15,4.1408524904336456e-11,3.324178703480311e-11,1.6246724880623257e-10,4.700272929416055e-06,5.698664067262058e-18,1.7103252148904274e-09,1.9623114691082774e-11,8.689910449414848e-23,4.303196908135047e-07,3.914639160478568e-15,3.6077341467049847e-20,1.1061061181072664e-14,5.42331695238767e-13,1.8791480538885893e-16,3.857599370906124e-10,3.7522312957882525e-08,1.812992175851947e-15,1.4870306798660696e-14,6.81722601249373e-11,7.877159987859035e-10,1.6479190028971366e-07,1.787459019582233e-13,2.6452994102300024e-05,3.5864157763846135e-09,7.878747728871996e-18,1.1820581055237082e-13,0.0006402366451102049,1.580067519615302e-07,2.28999803564737e-22,1.196720748759661e-13,1.844941765895711e-10,3.4835966915129574e-11,2.144170502128432e-07,4.446279585674456e-12,1.4829156289233057e-14,2.2093883726853133e-16,3.0976205737697533e-10,1.7671093564973315e-19,3.919047752627455e-13,7.353288187976468e-12,3.194688365839319e-19,8.993154550886534e-08,8.525148292238996e-16,1.942335020227609e-17,2.240532233393268e-11,1.4282711217777746e-13,4.898957910726136e-08,9.635341220975025e-07,6.88512691809123e-12,1.3952720223939789e-11,3.801809472260812e-08,2.0639769126752318e-05,8.003453566271634e-10,9.284280295278978e-17,7.810452863980563e-18,4.303894297833086e-11,4.539018371982613e-18,0.0030773753245339204,6.629223501170833e-13,3.4886381618598145e-08,1.1357649842578558e-14,2.9573987071150794e-15,8.241879648485011e-11,1.304309033727099e-16,3.784936636258507e-12,5.455172418134441e-10,1.2296393374347087e-12,6.282290706944142e-17,3.8155245925003197e-16,9.7468079170638e-15,6.150743577322675e-16,1.347363613547199e-16,5.248628045227285e-15,5.372308338694221e-09,1.8598419961337041e-10,2.5275554031512655e-07,3.929338107860312e-14,1.7768940069255208e-11,7.71616507261666e-21,2.811100784018453e-17,0.00019020199941769322,5.946381055862408e-19,4.5840726701165976e-14,5.625416603156827e-10,2.4805868327920454e-06,8.239715924263936e-07,1.3206637318323237e-20,6.744344381438286e-14,4.2888046417762505e-18,4.014672877559559e-10,5.661955643244372e-20,6.140797773369332e-17
97.73869346733667,7.138426612965007e-14,5.024532881382778e-11,1.461128612851663e-10,1.4868819857254116e-08,0.0002610030612012236,1.9350082003491732e-19,1.8414011714632228e-14,4.038571873171843e-16,4.4042960023758896e-20,8.63178754405617e-17,4.2162780703468217e-07,1.190009267069768e-05,8.018286740149249e-11,9.448734828761181e-08,6.808935351485809e-13,6.479701594032256e-30,1.076351608290297e-11,4.662688359762495e-13,1.489357855110296e-07,1.6344900247930067e-16,1.0068294688586792e-09,4.092923169441841e-05,2.656257381673256e-08,3.5630035804157313e-10,9.52623946151529e-11,3.196462538412763e-13,4.96250460380432e-09,1.6241793265036672e-12,6.294317508476493e-14,3.0021430715003815e-09,2.0303766903948283e-05,5.167680521686251e-20,1.009031292036494e-14,1.1383670874898751e-07,1.7573215482642378e-19,1.7062649986537174e-21,1.5681248136526497e-11,5.2321663305800796e-14,6.566201162114926e-06,1.037079349129766e-13,6.846200411466331e-13,2.4175191068723155e-05,1.5149958320054029e-15,6.695660387229858e-19,4.642998737103545e-09,2.4725177513752475e-09,2.1125205025471913e-13,1.2017976690925475e-17,3.353070357732607e-19,4.345178931509874e-10,1.6743649402443135e-07,1.321554139614196e-19,1.4284229117086055e-11,1.8411296652415106e-14,3.2877216166999845e-09,1.6545187084116226e-05,7.033231014719558e-09,4.682539735169991e-16,7.84434013747523e-11,8.362017638257814e-05,3.118252943327346e-09,2.527883397662497e-12,3.849337685588869e-15,2.0005378473599018e-08,1.1303056571828516e-10,8.389323073883008e-18,7.64105770452226e-08,7.786518257603886e-13,3.516439411694119e-15,3.1150075372004853e-19,3.091450434711635e-07,1.1603836670452437e-06,2.430785201730847e-10,3.448505572221112e-10,4.548523650809645e-22,4.410872812400197e-20,1.1746698429584617e-18,7.632612776409676e-11,9.222660284715468e-11,1.9077365648114836e-11,7.2837951453247265e-09,1.2356208154954848e-14,4.089814262057721e-15,2.5499571962821103e-09,4.8861049779630755e-23,4.884175001525232e-10,9.479630481883866e-05,1.8586762838840696e-08,9.547771575668947e-17,2.0929287919312343e-13,9.574868612098386e-11,3.5493548727038013e-15,1.3843507086431904e-17,6.443945550625031e-12,1.1923811971285632e-10,1.5368079682498679e-18,1.6278260481802823e-11,7.084653333072504e-20,1.9475763499758484e-14,1.3344515263161917e-22,3.1904435633489696e-12,1.2425637734378076e-08,1.5223742958625324e-06,1.710873419958449e-22,2.1152465963877727e-10,5.875805826574836e-26,2.6598411146532197e-11,6.314207312812461e-15,3.8362295816752157e-11,3.245229418919395e-11,1.5769775911668118e-10,4.023206833131967e-06,4.494683248829075e-18,1.7030571514153737e-09,2.006882571569076e-11,6.105988442524566e-23,4.1833506965118017e-07,4.0471156459442896e-15,2.6426848138699928e-20,8.820142653621444e-15,4.469869132323448e-13,1.7714129713491144e-16,3.42179458484371e-10,3.7866673990043174e-08,1.5107177189526018e-15,1.6030031417971583e-14,6.764436382465004e-11,7.799270547185273e-10,1.5123894261823637e-07,1.5422191295573256e-13,2.7317703223878905e-05,3.582420748872471e-09,7.092210204198545e-18,1.1232115062588088e-13,0.0006341766224968554,1.4500150718370054e-07,1.336957675856903e-22,1.0914051230098403e-13,1.6433625904590965e-10,3.205402342537661e-11,2.046377945415132e-07,4.6226093644253875e-12,1.475635853343466e-14,1.9460287605168352e-16,2.8230935841420856e-10,1.5276295521493337e-19,4.084620543353302e-13,7.79337527248818e-12,3.24070740623284e-19,7.431652287838995e-08,6.517917595824422e-16,1.6296150304968037e-17,1.760399919625389e-11,1.2902610118146272e-13,4.6791540959998534e-08,8.946225735391811e-07,6.3336684852921434e-12,1.3432441088932302e-11,3.253324866416392e-08,2.0767372037111756e-05,8.716131745924907e-10,8.556108661583838e-17,7.508587258452268e-18,3.418643621221406e-11,3.3685803797428626e-18,0.0030365796053734634,5.135259093033895e-13,3.7246240756867804e-08,9.372804144329433e-15,2.4052992357952952e-15,7.810386832202251e-11,1.048620584813331e-16,3.3554629741548117e-12,5.96980827368926e-10,8.831658826113371e-13,4.6582640727281704e-17,3.1051049401826497e-16,9.548247211912659e-15,5.626009769142802e-16,1.0680807505253875e-16,4.97365868622226e-15,5.0946620462545635e-09,1.5588123844935619e-10,2.3529325496911605e-07,3.2375113575159085e-14,1.674816003668129e-11,7.646446298278886e-21,2.2875646312096193e-17,0.00019345207118248896,4.253352946552324e-19,4.374777926684244e-14,5.724039936226562e-10,2.160122960766985e-06,8.567975420577274e-07,9.308503240071424e-21,6.277488427361142e-14,3.829838401545451e-18,3.4960418749139965e-10,5.0496253100258805e-20,6.080786839034065e-17
97.98994974874371,6.730794924959316e-14,5.156516320346002e-11,1.4923817823112276e-10,1.3041769833652316e-08,0.00024859637502852393,1.7465610537241905e-19,1.733180279486242e-14,3.620337510264242e-16,3.300571633853531e-20,8.442919099664574e-17,4.387651956589446e-07,1.1936127360067095e-05,7.546050036462387e-11,6.84446275453865e-08,5.337166420505594e-13,6.942347944323396e-30,1.0044055530563295e-11,3.514179788336708e-13,1.4353133486067432e-07,1.3765021759486032e-16,7.852867897410357e-10,4.273415666111111e-05,2.4554124081202546e-08,3.5497535587050625e-10,8.760857097808791e-11,2.441403427819097e-13,4.335515547959089e-09,1.3722407695062511e-12,5.4154685794142617e-14,2.649799501535903e-09,1.8881781285981817e-05,4.7324514308831286e-20,7.733198718341829e-15,1.0492584395701304e-07,1.7235099449793618e-19,1.3431076344811542e-21,1.5881944358947526e-11,5.167046889263193e-14,6.206860852812051e-06,1.0841776977015428e-13,5.963547889130127e-13,2.5053246507070106e-05,1.3489338645062296e-15,5.897173773761939e-19,4.094702071983138e-09,2.3994556764545832e-09,2.1264938553245825e-13,1.1977204749365793e-17,3.279302630251184e-19,4.878254355750486e-10,1.6155015947995453e-07,1.1357910529815984e-19,1.2538957994329973e-11,1.8147684389578624e-14,2.7570998171436795e-09,1.5756412518492425e-05,5.816508343303655e-09,4.422715327223286e-16,7.884886697221134e-11,9.056945607046698e-05,2.9703950682293373e-09,2.1848069547680025e-12,3.2029263697540076e-15,1.8646883008431247e-08,1.089130004502713e-10,6.972315868729255e-18,6.273154834458e-08,7.984552372368116e-13,3.153986602205841e-15,2.732535417754641e-19,2.9470440337384704e-07,1.1648297471566391e-06,2.2074549572989704e-10,3.2099726000961347e-10,3.4775386184009725e-22,3.97825411874721e-20,1.0145775631873976e-18,6.952789503017622e-11,9.185018174832664e-11,1.693029214451258e-11,6.486886567812607e-09,1.240538651269086e-14,3.0040824443271526e-15,2.3372009001227086e-09,4.5994017650899036e-23,4.318304305939611e-10,9.743758799860519e-05,1.5853244230737623e-08,8.827606141091576e-17,1.9530620943318652e-13,9.004420281913181e-11,2.798729706154163e-15,1.2426419678860472e-17,6.346726431742254e-12,1.0505351915182183e-10,1.3842785030021024e-18,1.3723269404204145e-11,5.4067262147459995e-20,1.484354462552513e-14,1.2141663643189481e-22,2.6723240798457743e-12,1.0812109875535372e-08,1.55383321654811e-06,1.510472445282821e-22,1.7590423917113041e-10,5.505227560726297e-26,2.5513608652143808e-11,5.503389501863521e-15,3.5641213549218395e-11,3.1784301797012806e-11,1.5318675371592128e-10,3.4453750986507523e-06,3.5659495055630095e-18,1.6967643016673301e-09,2.0660353628305594e-11,4.319101141140771e-23,4.084544183650508e-07,4.203307971342157e-15,1.9531430187052744e-20,7.074918232772278e-15,3.691706754359913e-13,1.6748285768978353e-16,3.033340713024266e-10,3.82387133306347e-08,1.2608930525811092e-15,1.7337863623959954e-14,6.723471545886044e-11,7.753911879157254e-10,1.3913680224886083e-07,1.3355028686308083e-13,2.8232608380537896e-05,3.577419415933174e-09,6.419012167269163e-18,1.0722809013109576e-13,0.0006297036660048488,1.33449759641431e-07,7.911772782512144e-23,1.0057759398482935e-13,1.4636264019368227e-10,2.964821049622167e-11,1.9515516116193253e-07,4.807274207288447e-12,1.4807667035174316e-14,1.7330313666424886e-16,2.5798472842088233e-10,1.3265026056032611e-19,4.2590661296440715e-13,8.27465150983252e-12,3.3026200735360613e-19,6.142883117121798e-08,4.997563161527718e-16,1.3762040803044082e-17,1.3940916830953472e-11,1.1707947546320112e-13,4.474351495418262e-08,8.327433105649456e-07,5.818959959800479e-12,1.299719520417374e-11,2.7786568250303153e-08,2.0888120312226118e-05,9.47317780250903e-10,7.939173622346027e-17,7.278599963159038e-18,2.734279034013484e-11,2.5136047327539435e-18,0.00299403033611193,3.9868486153693776e-13,3.984009398544768e-08,7.792754811835151e-15,1.9666125645604094e-15,7.420889767324625e-11,8.482253966562345e-17,2.975678278700046e-12,6.562509843259388e-10,6.372003318593167e-13,3.470552981533734e-17,2.553899189601182e-16,9.391135338207931e-15,5.171585513348246e-16,8.492968515992729e-17,4.721894034213727e-15,4.858486117211456e-09,1.3050738422783326e-10,2.1848130459052218e-07,2.6864846388484196e-14,1.584917684169415e-11,7.634027540277953e-21,1.8669776921206914e-17,0.00019672593673570896,3.050278479075113e-19,4.167901854008088e-14,5.847014029343373e-10,1.8838027609327496e-06,8.876619337484525e-07,6.595365373170085e-21,5.861815772234865e-14,3.443191884955025e-18,3.0562517803457863e-10,4.525469036982804e-20,6.057211098918096e-17
98.24120603015075,6.36843306598068e-14,5.298003379001678e-11,1.5259239796715614e-10,1.1445248648524555e-08,0.00023665099876505504,1.5928978199257284e-19,1.6400376505914437e-14,3.2597576802927735e-16,2.5074602893464998e-20,8.306362969246938e-17,4.5663219051635307e-07,1.1960374089298942e-05,7.120352963590995e-11,4.960541369293686e-08,4.2076757285334514e-13,7.526323200425064e-30,9.3886614054737e-12,2.6582639076945305e-13,1.3866754572440492e-07,1.1662780211274272e-16,6.131192658136985e-10,4.464817820787762e-05,2.2771198195242844e-08,3.550218123965724e-10,8.066541645210168e-11,1.87031925551261e-13,3.802517994415275e-09,1.1622683691631298e-12,4.6779768983698695e-14,2.339597907477546e-09,1.7618614057301043e-05,4.346072569456858e-20,5.950802919681626e-15,9.66627931082021e-08,1.7091633030639672e-19,1.067669129699939e-21,1.6157619593621276e-11,5.1233475200234e-14,5.860269713605222e-06,1.1372933078346908e-13,5.233957264556318e-13,2.6021323128773064e-05,1.205321470937198e-15,5.240855883642183e-19,3.6236163183942903e-09,2.3396174834077155e-09,2.1481852900460813e-13,1.2017058085199613e-17,3.2384180398637864e-19,5.488758866743046e-10,1.5660610118203552e-07,9.830229604214645e-20,1.1065918319246087e-11,1.79154811850495e-14,2.318809970622869e-09,1.5022042211530494e-05,4.8164565595877685e-09,4.18739261177534e-16,7.969926953407789e-11,9.799293557279811e-05,2.8435064190031444e-09,1.897582862623182e-12,2.6774877352940417e-15,1.7443526080714807e-08,1.0485184440729074e-10,5.815579993021624e-18,5.167746449374405e-08,8.219673244604926e-13,2.8412802233241134e-15,2.4056610270734565e-19,2.8169175463635445e-07,1.1734398805681246e-06,2.0140420993161828e-10,3.0125696853921346e-10,2.6747245134955474e-22,3.61160184942254e-20,8.816098394858503e-19,6.342290418980446e-11,9.167912828076326e-11,1.5077124234467348e-11,5.772216292263079e-09,1.2478546703055301e-14,2.2136065394099146e-15,2.146227532466973e-09,4.364159432008773e-23,3.8282485663148595e-10,0.00010004012790163458,1.3581459494766286e-08,8.212827834445698e-17,1.8186648449092668e-13,8.502353735342336e-11,2.218224316377873e-15,1.1197837244483628e-17,6.286928985855673e-12,9.302650693705629e-11,1.2596247563978313e-18,1.1620432730258975e-11,4.160891857091188e-20,1.1330487438279515e-14,1.1171553278202662e-22,2.234850562386774e-12,9.422519116563815e-09,1.583058368923557e-06,1.345118605899951e-22,1.4673530392337423e-10,5.191048423794159e-26,2.4429240183160436e-11,4.8086517395730435e-15,3.320134936446734e-11,3.122601531128932e-11,1.4890803869445485e-10,2.952433130080477e-06,2.845333080889786e-18,1.6912819188717941e-09,2.1405957654192327e-11,3.075715782007539e-23,4.004804019961478e-07,4.383930324479741e-15,1.4569519738921358e-20,5.709494106981849e-15,3.0547871177965886e-13,1.5881310166042726e-16,2.6874126978285585e-10,3.8641144008424e-08,1.0543812065078904e-15,1.8807502083732368e-14,6.693534670515612e-11,7.738926163025301e-10,1.2832528787241309e-07,1.1609644482888532e-13,2.9195103449313895e-05,3.5711287197590207e-09,5.841853037579997e-18,1.0283167034130161e-13,0.0006266764145940174,1.2317864418174675e-07,4.746199524910496e-23,9.362562859869882e-14,1.3032959695139983e-10,2.7561446337541858e-11,1.8599221212185362e-07,5.0002478421476954e-12,1.4978652819637237e-14,1.5596424655980986e-16,2.364181951758815e-10,1.1570534039012082e-19,4.442486866663915e-13,8.798244165139041e-12,3.3795420826438787e-19,5.0793229740440985e-08,3.8435864316237164e-16,1.1696662675066705e-17,1.1129569818118555e-11,1.0671572653523918e-13,4.282928474793879e-08,7.771424893210147e-07,5.340352156839758e-12,1.2637927464184728e-11,2.3688257200884437e-08,2.1000809430884988e-05,1.0273354319576282e-09,7.415623753202744e-17,7.110874724934697e-18,2.202725461591624e-11,1.8858060312102053e-18,0.0029494951535666523,3.1030869874537625e-13,4.2688539001453894e-08,6.5270420754481496e-15,1.616743906868424e-15,7.068985256933067e-11,6.903904693068534e-17,2.6400947467307547e-12,7.244225085131098e-10,4.619999254330795e-13,2.5983203327290765e-17,2.123029151398994e-16,9.27333596612894e-15,4.776649312227236e-16,6.773424868491547e-17,4.491722305508585e-15,4.659533961788288e-09,1.0913365198192891e-10,2.0235604438025156e-07,2.2447256232382166e-14,1.505733806971684e-11,7.67519944920667e-21,1.5281452230526054e-17,0.00020003061658755195,2.1935782393274183e-19,3.962810421473492e-14,5.99450590363758e-10,1.6455758666829287e-06,9.161686427037197e-07,4.698326709674985e-21,5.489600682563842e-14,3.116340171747143e-18,2.6825458676725404e-10,4.074514885857557e-20,6.068266693037809e-17
98.49246231155779,6.045183258204286e-14,5.448837303211321e-11,1.561815601342862e-10,1.0049398171449241e-08,0.00022515995943744993,1.4675428100514217e-19,1.5597115811280954e-14,2.948098821141936e-16,1.9309015514184207e-20,8.220185997448599e-17,4.751998145806494e-07,1.1970854507353874e-05,6.734743293846344e-11,3.597984013365313e-08,3.3370812857198674e-13,8.250952731102855e-30,8.79221195069955e-12,2.0186681350094512e-13,1.342959124109256e-07,9.942465902716009e-17,4.792661009605695e-10,4.667606256960369e-05,2.1182875989517407e-08,3.5642746300028674e-10,7.433857846441105e-11,1.4376505531903998e-13,3.3479300979685305e-09,9.870335010692548e-13,4.0571577612242097e-14,2.0665170345515636e-09,1.6497747113269476e-05,4.001755129412152e-20,4.598522936555282e-15,8.901627630960288e-08,1.7132990802104047e-19,8.570470277680974e-22,1.6509295616652122e-11,5.1007995177509023e-14,5.527115764490683e-06,1.1968799652264776e-13,4.627521927161341e-13,2.708375273645351e-05,1.0807268584526043e-15,4.699196897438704e-19,3.218063451563896e-09,2.2918240195749555e-09,2.1771186888356408e-13,1.2136849085251391e-17,3.228934584200417e-19,6.187074643997213e-10,1.525321347357442e-07,8.566662699701236e-20,9.81653080363745e-12,1.7707881657944775e-14,1.9561526950937115e-09,1.4337581989607198e-05,3.994539510856128e-09,3.9731210896435013e-16,8.09878644539776e-11,0.00010590357989723537,2.7350222822615587e-09,1.6561409715850755e-12,2.2487218132689608e-15,1.6376174461605752e-08,1.008435426312816e-10,4.86743078860302e-18,4.2725351891216975e-08,8.493170392618259e-13,2.570167209819354e-15,2.1250242246210946e-19,2.6998877468767476e-07,1.1861481946588877e-06,1.8461177670397045e-10,2.8502098176280335e-10,2.069252735699835e-22,3.2991712103750684e-20,7.707628437832752e-19,5.793393172609446e-11,9.170840002485496e-11,1.3476054980069273e-11,5.131965180676415e-09,1.2574843884370019e-14,1.6365224891705228e-15,1.974534431273595e-09,4.173348039798982e-23,3.403051978456661e-10,0.00010259487117455669,1.168950502375486e-08,7.687290520035327e-17,1.689789050270279e-13,8.060843655002245e-11,1.7673011210660853e-15,1.0130304962175298e-17,6.2627034226719675e-12,8.280276836689041e-11,1.157539873040497e-18,9.883635330485928e-12,3.2298138144178613e-20,8.664620459718655e-15,1.0392789617011312e-22,1.8661239502852824e-12,8.223335578610112e-09,1.6100658399324483e-06,1.2080867078685898e-22,1.2279667464987102e-10,4.925582677451514e-26,2.3347189169640024e-11,4.2127777078863216e-15,3.100567872059724e-11,3.0766741058992854e-11,1.4483797888235593e-10,2.53202746354122e-06,2.2829762831341546e-18,1.6864703155232514e-09,2.2316518263629948e-11,2.2051704776557848e-23,3.942465414452043e-07,4.589866508242685e-15,1.0972696042077551e-20,4.636242835005163e-15,2.5321020841999046e-13,1.5102434167339394e-16,2.379653516838375e-10,3.907707955593869e-08,8.83614692226381e-16,2.045399267551516e-14,6.673937637148659e-11,7.752550034058638e-10,1.1866354233124059e-07,1.0133366384939174e-13,3.020203655685468e-05,3.563283690882278e-09,5.3463695246377775e-18,9.905313513456758e-14,0.000624962661974043,1.1403793521917178e-07,2.886478193251503e-23,8.800596859650479e-14,1.1602306481385716e-10,2.5746693814399223e-11,1.7716979909281216e-07,5.201515283415105e-12,1.5267254702940864e-14,1.417679738471668e-16,2.1728418799441928e-10,1.0138558225504678e-19,4.634995550772755e-13,9.365185032900637e-12,3.470701610288784e-19,4.201636055711533e-08,2.965758795644678e-16,1.000377320666834e-17,8.958815704617764e-12,9.770609286380365e-14,4.103487138203513e-08,7.271550530539751e-07,4.896862756776751e-12,1.2347107509345642e-11,2.0157585393588726e-08,2.110444405847628e-05,1.1114517875433224e-09,6.971015763942796e-17,6.997798751909288e-18,1.7878492555064398e-11,1.4224322322493355e-18,0.002902784300617789,2.422027646344526e-13,4.581425977530824e-08,5.5068689857270525e-15,1.336652437872747e-15,6.750848814253284e-11,5.65455985699823e-17,2.3437859280333344e-12,8.027595848637289e-10,3.36747996969392e-13,1.9550713136618278e-17,1.7837692856456282e-16,9.193204669690338e-15,4.432281806119312e-16,5.417720118119698e-17,4.281640349489801e-15,4.49429973151286e-09,9.114383836691487e-11,1.8694815430585768e-07,1.888282520940045e-14,1.436004178669603e-11,7.767485764367097e-21,1.2544269303095492e-17,0.00020337264796966277,1.582148054235424e-19,3.759188100755217e-14,6.166824074573821e-10,1.4401875813101766e-06,9.41936406359118e-07,3.3656639089017716e-21,5.154381280587191e-14,2.839236575894419e-18,2.364309075329286e-10,3.68461831926932e-20,6.112692144667188e-17
98.74371859296483,5.755821038778806e-14,5.608855943714615e-11,1.600140798704077e-10,8.828353162923386e-09,0.0002141152077172203,1.3654762299328275e-19,1.4903167270772832e-14,2.6780765071758627e-16,1.506958732523729e-20,8.183367971300408e-17,4.944314971886645e-07,1.1965728974069573e-05,6.38376637840597e-11,2.6124541562583822e-08,2.6630269684299085e-13,9.140943792954968e-30,8.249952981102296e-12,1.5393210210206047e-13,1.303724360592024e-07,8.528895429768049e-17,3.751403354834919e-10,4.8822747898254545e-05,1.9762758533627867e-08,3.5919235598731463e-10,6.854948789393716e-11,1.1091878606941942e-13,2.958972948331422e-09,8.405734266277511e-13,3.532928028377688e-14,1.8261394905316075e-09,1.5504635392523118e-05,3.6938815101214225e-20,3.569067514032098e-15,8.195418109396366e-08,1.7355424425070869e-19,6.946928109656074e-22,1.6938845528464142e-11,5.0993221920414436e-14,5.2078768564246045e-06,1.263451076227212e-13,4.1207409539765126e-13,2.82448168972038e-05,9.723151219020206e-16,4.250588648686225e-19,2.8682141231334012e-09,2.2551124425548232e-09,2.2128566623995457e-13,1.2337491972327077e-17,3.2502647427300017e-19,6.984667290932594e-10,1.492676183077997e-07,7.51592089351967e-20,8.75166298755398e-12,1.7518818918911702e-14,1.6555223401205078e-09,1.369882873915699e-05,3.3189236043673816e-09,3.7770247995868183e-16,8.271327732433896e-11,0.00011431350066263628,2.642777165953201e-09,1.4523790720956812e-12,1.8975062197640472e-15,1.542846560750392e-08,9.688580545826827e-11,4.087218990739862e-18,3.545866444790911e-08,8.806567971187587e-13,2.33400450861867e-15,1.8830497535110844e-19,2.594879798410143e-07,1.2029153939945935e-06,1.699980807288274e-10,2.718028005529599e-10,1.6099058476322921e-22,3.031625260502407e-20,6.780318691676154e-19,5.2992877530739815e-11,9.193445768374317e-11,1.2091520446807455e-11,4.558965483867923e-09,1.2693596195074203e-14,1.2140200286067574e-15,1.819920728674625e-09,4.021349058673354e-23,3.0334527380494186e-10,0.00010509307821674262,1.0110356817505615e-08,7.237795030034595e-17,1.5665087758674907e-13,7.673207302308813e-11,1.4154325823836538e-15,9.200584002548568e-18,6.27276395878739e-12,7.40898153270714e-11,1.0739211194554813e-18,8.444067702117286e-12,2.5293476242152975e-20,6.6399170478406445e-15,9.77349311776789e-23,1.5558969049396044e-12,7.186515240500646e-09,1.6349086068364174e-06,1.0941269201051892e-22,1.0310405271812799e-10,4.7026621413800116e-26,2.2269914240934687e-11,3.7011997099241506e-15,2.9022858198595572e-11,3.03967240613321e-11,1.4095522119669114e-10,2.173539977943687e-06,1.841643637306773e-18,1.6822126937877172e-09,2.3405724281884903e-11,1.5919071874901426e-23,3.896125358865126e-07,4.822147569728189e-15,8.345679206397038e-21,3.788674538110919e-15,2.1021333087610217e-13,1.4402475475310996e-16,2.1061255448943765e-10,3.955003833297521e-08,7.423333040120979e-16,2.2293756757900454e-14,6.664081292067932e-11,7.793361222733544e-10,1.100276005511618e-07,8.882446866299807e-14,3.1249649141069055e-05,3.553638606779241e-09,4.9206209274162475e-18,9.582718375252897e-14,0.0006244377378680352,1.0589682226136054e-07,1.7797844228291426e-23,8.3500536224848e-14,1.0325443061686294e-10,2.416504869831145e-11,1.687060884938146e-07,5.411076795685941e-12,1.5673469187949173e-14,1.3008665054017526e-16,2.0029637142457157e-10,8.924847385003895e-20,4.836714535700753e-13,9.976359797131812e-12,3.5753988032180513e-19,3.477297325847429e-08,2.296426245069866e-16,8.608484466970803e-18,7.272392448780968e-12,8.985747904801514e-14,3.9348219405127146e-08,6.821932610356217e-07,4.487236359404319e-12,1.2118499810407219e-11,1.7122379775747546e-08,2.11982246530004e-05,1.1993510653636295e-09,6.593608424692678e-17,6.9333277498391554e-18,1.4624149975833377e-11,1.0786608962497154e-18,0.0028537519038478692,1.896284703613687e-13,4.924220725057945e-08,4.679622699857575e-15,1.1115560468244473e-15,6.46314091986007e-11,4.660663094227898e-17,2.0823321455158996e-12,8.927191095658505e-10,2.468488342202488e-13,1.4786659095113802e-17,1.5147598415257145e-16,9.149543737169691e-15,4.13110231678248e-16,4.3457028534377845e-17,4.090248292857132e-15,4.359921258966084e-09,7.601639352889383e-11,1.7228204564469762e-07,1.5988550753766133e-14,1.3746430711620957e-11,7.909459189532738e-21,1.032716215705422e-17,0.0002067578218427161,1.1447088432775044e-19,3.556996136772324e-14,6.364397809721403e-10,1.2630823629536223e-06,9.646079333024885e-07,2.424948500567157e-21,4.850738139557605e-14,2.6037874342712426e-18,2.0927041433218856e-10,3.345887995516858e-20,6.189698337896399e-17
98.99497487437185,5.495895892593785e-14,5.777892499272759e-11,1.6410075867573818e-10,7.759685963009468e-09,0.00020350777565503265,1.282792153268099e-19,1.4302723368624577e-14,2.44359310495585e-16,1.1917269832591296e-20,8.195764250287843e-17,5.142827626071263e-07,1.1943325307872358e-05,6.062795970971808e-11,1.8994080274083302e-08,2.1387377780245087e-13,1.0227451543204052e-29,7.757467958465164e-12,1.178944913987391e-13,1.268570280393242e-07,7.362763056829363e-17,2.9408002389093246e-10,5.1093345973470664e-05,1.84882624981636e-08,3.633285208503956e-10,6.32326514021424e-11,8.59252052542528e-14,2.6251313596790794e-09,7.179685732717674e-13,3.0889002905306656e-14,1.614574378241397e-09,1.462649705795958e-05,3.417781234071571e-20,2.782619872722048e-15,7.544392149699199e-08,1.7760775316803421e-19,5.685601114758753e-22,1.7448961570343947e-11,5.119022059824702e-14,4.902843485056441e-06,1.3375807031901122e-13,3.695048969052062e-13,2.9508670208644068e-05,8.777332288453058e-16,3.8779754117110375e-19,2.5657891912729586e-09,2.228705247095075e-09,2.254986705869336e-13,1.2621470907341995e-17,3.302668497262176e-19,7.894104959575756e-10,1.4676229258894643e-07,6.637793358090832e-20,7.83966563501862e-12,1.734286177419406e-14,1.4058251916847686e-09,1.3101855487156603e-05,2.7633612951838458e-09,3.596701569178492e-16,8.487900472623754e-11,0.00012323406547337995,2.5649356248760663e-09,1.2797530048197163e-12,1.6087307344866202e-15,1.4586388916694348e-08,9.2977557983457e-11,3.442814398566296e-18,2.954545381695995e-08,9.161612529987776e-13,2.1273502019488597e-15,1.6735735036500942e-19,2.500918794601148e-07,1.223724843593448e-06,1.5725308794701872e-10,2.612140064302314e-10,1.2594155656885007e-22,2.8014955109788744e-20,6.002005860120017e-19,4.853966657179174e-11,9.235519599939007e-11,1.0893247268728288e-11,4.046662595246811e-09,1.2834253594597858e-14,9.037698502653118e-16,1.680447863764787e-09,3.9036843450495044e-23,2.711603810102939e-10,0.00010752634427897068,8.789158525238734e-09,6.853514852234208e-17,1.4489052353778164e-13,7.33373203419768e-11,1.1395653420397363e-15,8.388977427989392e-18,6.316328803748417e-12,6.664586528217091e-11,1.0055826322026092e-18,7.246601509001167e-12,1.9988404662400147e-20,5.100463190391741e-15,9.289152047352445e-23,1.295355575860347e-12,6.288508862309872e-09,1.6576744269319349e-06,9.991182356521469e-23,8.686372989952225e-11,4.5173465331803457e-26,2.1200313966924355e-11,3.2615727476155474e-15,2.7226236314837747e-11,3.0107012301428015e-11,1.37240436679557e-10,1.867860509427707e-06,1.493373688106307e-18,1.6784131231312645e-09,2.4690319876951948e-11,1.1572245824013414e-23,3.8646030442166547e-07,5.081930463429558e-15,6.412122156271965e-21,3.1161566325375525e-15,1.747664964268136e-13,1.3773602772885071e-16,1.8632686936531353e-10,4.0063948807863104e-08,6.253641515173594e-16,2.4344617162436333e-14,6.663436289765153e-11,7.860234443977142e-10,1.0230827263601064e-07,7.820526091088412e-14,3.233352468402999e-05,3.541968587711922e-09,4.554669270765552e-18,9.309975493884875e-14,0.000624983100155746,9.864119319467283e-08,1.1126629821309705e-23,7.993797866636115e-14,9.185704707809863e-11,2.2784220388316963e-11,1.6061622967116752e-07,5.628952335256796e-12,1.6199103432950323e-14,1.204349289155876e-16,1.8520301014227275e-10,7.893201669157462e-20,5.047774816996306e-13,1.0632456394930673e-11,3.6929714261126134e-19,2.8794370457063602e-08,1.7847912860719089e-16,7.452215883708758e-18,5.954142363402211e-12,8.300657931271767e-14,3.77589282125226e-08,6.41736687939171e-07,4.1100033140518594e-12,1.1946976548417372e-11,1.4518441999801156e-08,2.128153341486149e-05,1.2906069056661692e-09,6.273815634714282e-17,6.912649070564921e-18,1.2058314919070715e-11,8.223201827574639e-19,0.0028022967093627644,1.4896329536569297e-13,5.2999798070515e-08,4.004846018328379e-15,9.29946862924758e-16,6.202928773309633e-11,3.8659894389631135e-17,1.851772367680588e-12,9.959772802163036e-10,1.8204772542849015e-13,1.1242980434455101e-17,1.3000169085417194e-16,9.141567396665541e-15,3.866980640763423e-16,3.4956252757756025e-17,3.916244760769572e-15,4.254101803591001e-09,6.330942492367664e-11,1.583754887435764e-07,1.3623802651067564e-14,1.3207137518139503e-11,8.10060427489628e-21,8.526578303337455e-18,0.0002101909351850367,8.309397524629426e-20,3.356430936321393e-14,6.587756756943764e-10,1.1103174783467226e-06,9.838588361699654e-07,1.7576081877885557e-21,4.57411675068811e-14,2.40344680037226e-18,1.8603690711640754e-10,3.0502364685816875e-20,6.298912541352324e-17
99.24623115577889,5.2616020354411865e-14,5.955777896623582e-11,1.6845479947936704e-10,6.823932476407589e-09,0.00019332794419935558,1.2164444168414592e-19,1.3782452649512939e-14,2.239526727531993e-16,9.547523057544529e-21,8.258092947177475e-17,5.347010272099083e-07,1.1902166671462483e-05,5.767896841024748e-11,1.3832171989930467e-08,1.7290149895229892e-13,1.1549445925783934e-29,7.310654450538173e-12,9.071050965353254e-14,1.237129983043179e-07,6.397096573838872e-17,2.3091936750029752e-10,5.349314532323119e-05,1.7340032661540238e-08,3.6885979285220297e-10,5.833342209612616e-11,6.685672989921916e-14,2.3377242743828205e-09,6.151589500669395e-13,2.7116636148409805e-14,1.4283914368596196e-09,1.38521264701061e-05,3.1695527085305547e-20,2.1796454880110488e-15,6.945278769192102e-08,1.8356275869085116e-19,4.698157196582484e-22,1.804313489017691e-11,5.1601933875368586e-14,4.612141697544325e-06,1.419904568145986e-13,3.3357023267010805e-13,3.087925250180415e-05,7.950189856851249e-16,3.567829931642953e-19,2.303809180838045e-09,2.2119851952701242e-09,2.303109325907051e-13,1.299285432526082e-17,3.387243828355924e-19,8.929051515103584e-10,1.449752998754144e-07,5.900560496195534e-20,7.0548395296082236e-12,1.7175135726387083e-14,1.1980082137701403e-09,1.254299747476757e-05,2.3062485419456534e-09,3.4301412175822203e-16,8.749300889311982e-11,0.00013267605313684204,2.4999355558731186e-09,1.13295665534417e-12,1.370408417904464e-15,1.383793389416285e-08,8.911888661900811e-11,2.9086977903199413e-18,2.472099560503216e-08,9.560262289963238e-13,1.9457230921196154e-15,1.491552931519691e-19,2.417121937448616e-07,1.2485788095517038e-06,1.4611643413534792e-10,2.529455141428739e-10,9.904974112513572e-23,2.6027732539224463e-20,5.346769857974109e-19,4.452129520556174e-11,9.296989113725932e-11,9.855449645659084e-12,3.589075886237453e-09,1.2996368657752613e-14,6.752428828555905e-16,1.5544061279507383e-09,3.8168047398962193e-23,2.4308428142632613e-10,0.00010988661851919463,7.680996639834345e-09,6.525544234527792e-17,1.337054046517039e-13,7.037530048105515e-11,9.22238617759138e-16,7.67876887506835e-18,6.3930718822812034e-12,6.027076213556393e-11,9.500430414631423e-19,6.2469503636313605e-12,1.59434352693388e-20,3.928359067223321e-15,8.921030960829068e-23,1.0769310589591455e-12,5.509467859252784e-09,1.6784830803022586e-06,9.19809781397024e-23,7.34352679463081e-11,4.365700514879862e-26,2.014159475906171e-11,2.883421890594973e-15,2.559305074581123e-11,2.988934403433041e-11,1.33676086507373e-10,1.6071856206588106e-06,1.2170554880971998e-18,1.6749945984198305e-09,2.6190415057095133e-11,8.472160506236828e-24,3.846906172996436e-07,5.370477103402281e-15,4.97774833784199e-21,2.579991122373203e-15,1.454867626466639e-13,1.320913957295391e-16,1.6478640737531742e-10,4.062315619984121e-08,5.284373616933022e-16,2.6625820385984666e-14,6.671524498476146e-11,7.952304808614155e-10,9.54093066843826e-08,6.91736197100464e-14,3.3448549692506664e-05,3.5280715426019173e-09,4.240236408453172e-18,9.082623617186825e-14,0.0006264851285884505,9.21713377444829e-08,7.052962387141112e-24,7.718321978063829e-14,8.168332735047998e-11,2.157731942972874e-11,1.529121605451403e-07,5.855186334827259e-12,1.684757326408785e-14,1.1243455907864897e-16,1.71782829808054e-10,7.0139195593701e-20,5.268315078603497e-13,1.1333912742901478e-11,3.822765675768326e-19,2.3858740324333388e-08,1.3926586608690742e-16,6.488905670524678e-18,4.9173233046402895e-12,7.701499862767777e-14,3.625802114273494e-08,6.053235029692757e-07,3.763535352124763e-12,1.1828365311793898e-11,1.228892448735771e-08,2.1353919691584425e-05,1.3846757148466737e-09,6.003780540452862e-17,6.931918261328249e-18,1.0024801472336186e-11,6.302066567185987e-19,0.0027483622304338507,1.1743874996679485e-13,5.711713209658439e-08,3.4512599987154213e-15,7.828409749569319e-16,5.967621075367683e-11,3.227393404704192e-17,1.6485612373779726e-12,1.1144598349009514e-09,1.3512347482029799e-13,8.595425401987008e-18,1.1275036689236617e-16,9.168875885741108e-15,3.6348075820735255e-16,2.8197342473634776e-17,3.758422482405401e-15,4.1750475987402184e-09,5.264824567221852e-11,1.4523945560188446e-07,1.1679897044733732e-14,1.2734072146275795e-11,8.34121617864888e-21,7.060460453013642e-18,0.0002136755615342206,6.052610800381865e-20,3.157882346724579e-14,6.837510466178303e-10,9.784860152099964e-07,9.99406053666177e-07,1.2817831097263736e-21,4.3206844704856496e-14,2.232902188815059e-18,1.6611658758579418e-10,2.791026839761994e-20,6.440333595923694e-17
99.49748743718592,5.0496732523984935e-14,6.142344835457656e-11,1.7309182432650187e-10,6.00418665886898e-09,0.0001835654107854615,1.164056802097411e-19,1.3331046156855666e-14,2.0615607345880168e-16,7.746998453552632e-21,8.37194569100468e-17,5.55625521159573e-07,1.1840997600397545e-05,5.495712805985086e-11,1.0092259764630887e-08,1.4072839582301004e-13,1.315544019372626e-29,6.905705086267501e-12,7.01322175707607e-14,1.2090662131835586e-07,5.59454428082007e-17,1.8165416653985516e-10,5.6027615989936e-05,1.630145235534364e-08,3.758217819908272e-10,5.380615251435899e-11,5.226599513100068e-14,2.08956146910424e-09,5.287928163316216e-13,2.3902109834889645e-14,1.2645646485543923e-09,1.3171728101346014e-05,2.945920794711777e-20,1.7156200500897016e-15,6.394827390188284e-08,1.9154603565538356e-19,3.919359759316325e-22,1.8725645293793573e-11,5.223320015932087e-14,4.335755480648416e-06,1.5111208812331083e-13,3.030931281852638e-13,3.236019005461437e-05,7.225286951063768e-16,3.30937271317694e-19,2.0763842609962234e-09,2.2044750308580822e-09,2.356827936516609e-13,1.3457352902201047e-17,3.5059524994290455e-19,1.0104227199861466e-09,1.438743601973447e-07,5.2790528464166363e-20,6.376234350995437e-12,1.7011263208499782e-14,1.024677141210949e-09,1.2018839050795298e-05,1.929831558479183e-09,3.275658743412055e-16,9.056738648611182e-11,0.00014264985103716235,2.4464414569090523e-09,1.0076712862016803e-12,1.1729942267796838e-15,1.317279432263674e-08,8.531097620710071e-11,2.464506363139525e-18,2.0773979543721025e-08,1.0004677847963927e-12,1.7854145748260407e-15,1.3328414851477252e-19,2.342691252914628e-07,1.2774947780629351e-06,1.363688751814301e-10,2.4675295478203194e-10,7.830564109203553e-23,2.430597899690837e-20,4.793652576000093e-19,4.08909975090793e-11,9.377916287795975e-11,8.956151465432039e-12,3.180759295824231e-09,1.3179568489906185e-14,5.06372995732719e-16,1.4402861919748281e-09,3.7579246227247035e-23,2.185501842445217e-10,0.00011216622260139636,6.749078234822529e-09,6.246541284404686e-17,1.2310147362777342e-13,6.780415916279334e-11,7.501859589101292e-16,7.055753706666109e-18,6.5030841134517235e-12,5.4798558379349296e-11,9.053676148483093e-19,5.409440691208659e-12,1.2838422704453272e-20,3.0344970709146196e-15,8.654991090183157e-23,8.941355234744094e-13,4.832604926490915e-09,1.6974830955337604e-06,8.536265300343449e-23,6.230145298297342e-11,4.2446220323391314e-26,1.9097144525106996e-11,2.5578492146297277e-15,2.4103774758965425e-11,2.973605517870717e-11,1.3024621684558523e-10,1.3848412702812747e-06,9.966652557353141e-19,1.6718971271119767e-09,2.7929864543511584e-11,6.2474999757746555e-24,3.842202097677065e-07,5.6891333134698035e-15,3.90518728695966e-21,2.1504917354881732e-15,1.212588600883156e-13,1.2703400453922478e-16,1.457002162193741e-10,4.123243095328591e-08,4.480318946944654e-16,2.915805370128139e-14,6.687901041025032e-11,8.068937338085836e-10,8.924579293844755e-08,6.147780765025465e-14,3.4588889529605724e-05,3.5117703566540777e-09,3.97042370293761e-18,8.897001494152721e-14,0.0006288341118234403,8.639999950326436e-08,4.533155120655701e-24,7.512951739984322e-14,7.260230582382164e-11,2.052188583692482e-11,1.4560254001845005e-07,6.08985268549006e-12,1.762373153247516e-14,1.0578848262796267e-16,1.5984133536405916e-10,6.262561755787856e-20,5.49848071072538e-13,1.2080864401549736e-11,3.96411150627774e-19,1.9783087692666206e-08,1.0912662993664578e-16,5.6821519645114744e-18,4.09685328525118e-12,7.176519963793318e-14,3.4837746293833045e-08,5.725428643241326e-07,3.446096567939083e-12,1.1759325272475176e-11,1.0383691111880949e-08,2.141508498154441e-05,1.480893268695616e-09,5.777042250842482e-17,6.988050835486908e-18,8.404733519065933e-12,4.855049364901711e-19,0.0026919362733283073,9.293898611290109e-14,6.162722941616522e-08,2.994552169368729e-15,6.632051292821244e-16,5.7549138042189815e-11,2.7116340487168044e-17,1.4695302924788006e-12,1.2503763683364456e-09,1.009782143027294e-13,6.608485704488717e-18,9.880989001513488e-17,9.231437080482693e-15,3.430311529708995e-16,2.2809632708405735e-17,3.615664140238131e-15,4.1214188259948394e-09,4.371499704324708e-11,1.3287816296502984e-07,1.0072368921081431e-14,1.2320243693835048e-11,8.632326804129201e-21,5.863600050414461e-18,0.00021721384218247158,4.4247295008149794e-20,2.961892008971586e-14,7.114327404323652e-10,8.646484653701575e-07,1.0110154323659237e-06,9.40731831265359e-22,4.0872145943815173e-14,2.0878298380715752e-18,1.4899721714503582e-10,2.5627934746817504e-20,6.614295984381173e-17
99.74874371859296,4.857297012118818e-14,6.33743348601468e-11,1.7802989339494668e-10,5.28575292266457e-09,0.0001742094495534058,1.1237805738128732e-19,1.2938855849814202e-14,1.906045418281691e-16,6.36476223746874e-21,8.539821764117304e-17,5.769873484845159e-07,1.17588071989848e-05,5.243375143779201e-11,7.379658913693356e-09,1.1534128962092696e-13,1.5105658415563517e-29,6.5390915348774984e-12,5.4496050615858735e-14,1.1840677214162739e-07,4.9252898235890456e-17,1.4318126475056967e-10,5.870241618542786e-05,1.535823504235161e-08,3.842619777468978e-10,4.9612655570178696e-11,4.106555370517551e-14,1.8746683961840512e-09,4.561019508740576e-13,2.1154823292527044e-14,1.1204236645781615e-09,1.2576769651025113e-05,2.7441225384836114e-20,1.3571553361309001e-15,5.889837551898088e-08,2.0174169489996215e-19,3.300689080212188e-22,1.950155933133521e-11,5.309078405056273e-14,4.073548149850345e-06,1.6119908528160387e-13,2.771291593570684e-13,3.39546863282445e-05,6.588794362020092e-16,3.0939740405737795e-19,1.878538370152915e-09,2.2058210852080553e-09,2.415740392385594e-13,1.402242016423789e-17,3.661680917005729e-19,1.1435329961858969e-09,1.434350857525051e-07,4.753185707575071e-20,5.786704520720492e-12,1.6847319379793084e-14,8.797868413729401e-10,1.1526201271957564e-05,1.6195413098224285e-09,3.1318394485982156e-16,9.411809507447364e-11,0.00015316568876603742,2.403305672854366e-09,9.003685172820322e-13,1.0088601656737438e-15,1.25821193244297e-08,8.155603306520572e-11,2.0939191251556346e-18,1.75355433396609e-08,1.0497214317668963e-12,1.6433406549741276e-15,1.1940119780147534e-19,2.2769067721583703e-07,1.3105017865823236e-06,1.2782525963217798e-10,2.4244524866017013e-10,6.222060176990023e-23,2.281017788280499e-20,4.325654049745273e-19,3.760751212360494e-11,9.478495011677736e-11,8.176613452824858e-12,2.8167622878693847e-09,1.3383527124147753e-14,3.8117440717366603e-16,1.336754754570974e-09,3.7248920755092246e-23,1.9707498316036017e-10,0.00011435787027137416,5.96324049039566e-09,6.010445135976109e-17,1.1308225237653408e-13,6.558803235155284e-11,6.132944317670646e-16,6.507846370485965e-18,6.6468424446836534e-12,5.009145026042642e-11,8.700504196256365e-19,4.70525764468615e-12,1.0438901258215272e-20,2.3515486275936287e-15,8.480619427551646e-23,7.414191465756898e-13,4.2436767262909565e-09,1.7148480978753272e-06,7.985225633469609e-23,5.3044135752897145e-11,4.151710487988289e-26,1.8070414619797824e-11,2.2772893736876377e-15,2.2741583560425318e-11,2.96400041515372e-11,1.2693628634885235e-10,1.195127167480657e-06,8.199767172228301e-19,1.6690758085179561e-09,2.993672109235787e-11,4.641073785925653e-24,3.8497929040548866e-07,6.039307325125183e-15,3.09672493411202e-21,1.8047995362773987e-15,1.0117999899980692e-13,1.2251554093142462e-16,1.288054656164385e-10,4.1896979552086054e-08,3.812467619852218e-16,3.1963456158796595e-14,6.712137128877761e-11,8.209701411075343e-10,8.374277663412237e-08,5.490809806913349e-14,3.57479815930513e-05,3.492915194678053e-09,3.739482675867178e-18,8.750130689672745e-14,0.0006319234200969059,8.125071793329191e-08,2.9543043264597978e-24,7.369237803018572e-14,6.449757445186428e-11,1.9599107183960775e-11,1.386927925373199e-07,6.3330597620174475e-12,1.8533714579948337e-14,1.0026164004580095e-16,1.4920754708558107e-10,5.618963784583895e-20,5.738422822017984e-13,1.2873092951410568e-11,4.116302047210387e-19,1.6416514446739528e-08,8.589219062247314e-17,5.003044338573469e-18,3.4436652743521565e-12,6.715713295527279e-14,3.34914041591588e-08,5.430282870447383e-07,3.155888785968616e-12,1.1737246791818559e-11,8.758683227404058e-09,2.146486769984556e-05,1.5784752868621034e-09,5.588273791390221e-17,7.078555845234998e-18,7.107305732424401e-12,3.7597110806179796e-19,0.002633049821990735,7.384639852140855e-14,6.656628742057875e-08,2.6157251755883822e-15,5.655175373216053e-16,5.562745287246646e-11,2.292997208565483e-17,1.3118526717870476e-12,1.4062592044761436e-09,7.600308207993745e-14,5.1104850385143775e-18,8.748481387587866e-17,9.329574614801619e-15,3.249911281612034e-16,1.8504398802908058e-17,3.4869383653455165e-15,4.092292146429244e-09,3.6239967736789284e-11,1.2128929510204275e-07,8.735213943257501e-15,1.1959610821231883e-11,8.975651688968163e-21,4.884037130064436e-18,0.00022080629996005025,3.2469373618442986e-20,2.7691122852632184e-14,7.418913138790866e-10,7.662721196183509e-07,1.0185081615985094e-06,6.949629530616988e-22,3.870991778909526e-14,1.964703340261292e-18,1.3425084207553147e-10,2.361020166988591e-20,6.821440967277761e-17
100.0,4.6820440905277785e-14,6.540898778591505e-11,1.832895241869334e-10,4.655847669425335e-09,0.00016524905878745168,1.0941871749742004e-19,1.2597606115836122e-14,1.7698853490015544e-16,5.29300264525553e-21,8.76518611764559e-17,5.987096966605586e-07,1.1654848589510615e-05,5.008427386240794e-11,5.409508433362787e-09,9.52097401765169e-14,1.7474738679957188e-29,6.207550394285224e-12,4.2568301500794504e-14,1.1618462525155913e-07,4.365443173086338e-17,1.1309591518650744e-10,6.152340107953261e-05,1.4498083052659034e-08,3.9423998395779033e-10,4.57209157970368e-11,3.243762725646315e-14,1.6880649681564465e-09,3.9479886859104566e-13,1.8799988771148515e-14,9.936117267506066e-10,1.2059852733015736e-05,2.5618151997170467e-20,1.0791454083609877e-15,5.427184941215233e-08,2.1439636472999095e-19,2.805808766639785e-22,2.0376735316026577e-11,5.41834184073297e-14,3.825282383276434e-06,1.7233387506785812e-13,2.549166325909698e-13,3.5665403231387135e-05,6.029028256704821e-16,2.914693857362629e-19,1.7060620458492025e-09,2.215780059534246e-09,2.479432080882666e-13,1.4697396151158956e-17,3.858337673463365e-19,1.2938910603769792e-09,1.4364041771250674e-07,4.306846339397814e-20,5.272164484447453e-12,1.6679800473428703e-14,7.583901587285757e-10,1.1062130150097029e-05,1.3634369478100886e-09,2.997493644309188e-16,9.816472357222222e-11,0.00016423390003459488,2.3695360652385355e-09,8.081549435127381e-13,8.718891478358835e-16,1.205830369573026e-08,7.785719126920321e-11,1.783798435173029e-18,1.487057080857908e-08,1.1040415008912387e-12,1.5169249371079043e-15,1.072217600212603e-19,2.2191201266427796e-07,1.3476367134144737e-06,1.2032874682344783e-10,2.398756526660539e-10,4.9685517135131546e-23,2.1508055048495052e-20,3.9289434548097014e-19,3.4634434252658507e-11,9.599049829321664e-11,7.500848654814846e-12,2.492591712328886e-09,1.3607937950347385e-14,2.880382347402978e-16,1.2426336087234463e-09,3.716086788096204e-23,1.7824615523129936e-10,0.00011645468911341915,5.298733053716798e-09,5.812251148913425e-17,1.0364823453655626e-13,6.369617337925492e-11,5.038284042998438e-16,6.024750854299823e-18,6.82518514364815e-12,4.6034815825057675e-11,8.429261127225765e-19,4.111061735270159e-12,8.572221139877737e-21,1.8286419062179457e-15,8.390592300971087e-23,6.140448538586894e-13,3.73056324637651e-09,1.7307729220076003e-06,7.528696973288716e-23,4.5324823499705764e-11,4.0851661957175465e-26,1.7064812400287968e-11,2.0353050565926605e-15,2.1491917399167876e-11,2.959451174002394e-11,1.2373302852969416e-10,1.0331806725039997e-06,6.776130307456253e-19,1.6664988814951223e-09,3.2243770530676354e-11,3.473759925311112e-24,3.8690937138109707e-07,6.422447605197028e-15,2.4824277804208875e-21,1.5252455127078172e-15,8.451677202906428e-14,1.18495085787356e-16,1.138649359678325e-10,4.262245819068724e-08,3.256936463003449e-16,3.5065622726277933e-14,6.743803915440452e-11,8.374349170931006e-10,7.883405166132037e-08,4.928960666603464e-14,3.69185480753302e-05,3.4713857815020406e-09,3.542627255675924e-18,8.63962094879652e-14,0.0006356488559335838,7.665641234310224e-08,1.952249754235343e-24,7.280485459243547e-14,5.726552274888586e-11,1.879318683723373e-11,1.3218524756855838e-07,6.584955332886098e-12,1.9584796434841015e-14,9.566665127670968e-17,1.39731115076469e-10,5.0664445876970685e-20,5.98829728114624e-13,1.3709976034694783e-11,4.2785768681638327e-19,1.363463508923046e-08,6.792383715089704e-17,4.428510682025564e-18,2.9205838765506404e-12,6.310543296000433e-14,3.2213198092960485e-08,5.164518617040818e-07,2.8910907928825164e-12,1.176017042492973e-11,7.3753066604500655e-09,2.1503227877314756e-05,1.6765225653852563e-09,5.433075185479523e-17,7.201401334266e-18,6.062894780905431e-12,2.9264795850270177e-19,0.002571775277997848,5.892350048011956e-14,7.197395836608467e-08,2.2998576915266086e-15,4.854305810408765e-16,5.389259138665831e-11,1.9515092810700932e-17,1.173010795148422e-12,1.5850073607927706e-09,5.763557976754499e-14,3.9758204424997916e-18,7.824170264714381e-17,9.463961578149403e-15,3.090597522865634e-16,1.5055994477400554e-17,3.371295815762389e-15,4.087133322027926e-09,2.999430670240809e-11,1.1046438058021486e-07,7.616574990823736e-15,1.164695570953815e-11,9.373552370972303e-21,4.08026114536633e-18,0.0002244516771817902,2.39209044200838e-20,2.5802664774302188e-14,7.751987443818275e-10,6.811775496917066e-07,1.0217657938381404e-06,5.1687627935346325e-22,3.669734264770818e-14,1.860643463555475e-18,1.2151948494534041e-10,2.181963076362272e-20,7.062693334907569e-17
